freq=960.00Hz 
type, time, id, pos_x, pos_y, pos_z, rot_w, rot_x, rot_y, rot_z, cond
C, 0, 0, 879.885010, 748.673889, 1349.899170, -0.960051, -0.084254, -0.265409, 0.027593, 2.00
C, 0, 1, 2445.209229, 826.439453, -863.946167, -0.597113, -0.078130, -0.793529, 0.087538, 2.00
C, 0, 2, 1241.606934, 2415.504639, -790.494995, -0.499262, 0.222234, -0.765585, -0.339454, 2.00
C, 0, 3, 1193.739624, 2406.297363, 324.480499, -0.624059, 0.330092, -0.631399, -0.320819, 2.00
C, 0, 4, 1158.789917, 2406.750000, 1305.758545, -0.800205, 0.317607, -0.451730, -0.233961, 2.00
C, 0, 5, -434.092651, 636.106079, 1436.338013, -0.987850, -0.149713, 0.041592, 0.003053, 2.00
C, 0, 6, -1322.776245, 2394.458008, 1212.303467, -0.765873, 0.269062, 0.543092, 0.214700, 2.00
C, 0, 7, -1288.745728, 2400.091797, 308.675659, -0.646012, 0.226348, 0.690553, 0.233606, 2.00
C, 0, 8, -1244.507446, 2408.310791, -841.330017, -0.525188, 0.153922, 0.802554, 0.237472, 2.00
C, 0, 9, -109.826233, 801.236572, -1185.038452, 0.033466, 0.017424, 0.987788, -0.151168, 2.00
M, 106012500, 0, -313.145721, 818.591125, -181.380829, 1, 0, 0, 0, 3.57
M, 106012500, 1, -240.631119, 810.139160, -166.021072, 1, 0, 0, 0, 4.00
M, 106012500, 2, -316.344330, 816.918762, -223.883347, 1, 0, 0, 0, 4.00
M, 106012500, 3, -211.838150, 810.033264, -161.412521, 1, 0, 0, 0, 4.00
M, 106012500, 4, -268.260895, 816.422180, -174.997192, 1, 0, 0, 0, 3.32
M, 106012500, 5, -176.459839, 810.649170, -162.381668, 1, 0, 0, 0, 4.00
M, 106012500, 6, -152.804626, 811.591614, -163.470352, 1, 0, 0, 0, 4.00
M, 106012500, 7, -130.020401, 811.070984, -167.775177, 1, 0, 0, 0, 4.00
M, 106013542, 0, -313.144501, 818.591370, -181.381241, 1, 0, 0, 0, 4.00
M, 106013542, 1, -240.653107, 810.128296, -166.044083, 1, 0, 0, 0, 3.34
M, 106013542, 2, -316.345642, 816.917786, -223.883286, 1, 0, 0, 0, 4.00
M, 106013542, 3, -211.837128, 810.033997, -161.410583, 1, 0, 0, 0, 4.00
M, 106013542, 4, -268.257935, 816.423889, -174.996094, 1, 0, 0, 0, 4.00
M, 106013542, 5, -176.452087, 810.650696, -162.369934, 1, 0, 0, 0, 3.34
M, 106013542, 6, -152.804993, 811.591431, -163.469360, 1, 0, 0, 0, 4.00
M, 106013542, 7, -130.020432, 811.070618, -167.773926, 1, 0, 0, 0, 4.00
M, 106014583, 0, -313.144104, 818.592285, -181.381073, 1, 0, 0, 0, 4.00
M, 106014583, 1, -240.646881, 810.132202, -166.037781, 1, 0, 0, 0, 4.00
M, 106014583, 2, -316.324554, 816.955994, -223.883881, 1, 0, 0, 0, 3.55
M, 106014583, 3, -211.836151, 810.034607, -161.408676, 1, 0, 0, 0, 4.00
M, 106014583, 4, -268.258453, 816.424133, -174.995499, 1, 0, 0, 0, 4.00
M, 106014583, 5, -176.452896, 810.650330, -162.371231, 1, 0, 0, 0, 4.00
M, 106014583, 6, -152.812119, 811.595032, -163.484528, 1, 0, 0, 0, 3.52
M, 106014583, 7, -130.020462, 811.070129, -167.772675, 1, 0, 0, 0, 4.00
M, 106015625, 0, -313.143677, 818.593018, -181.380890, 1, 0, 0, 0, 4.00
M, 106015625, 1, -240.647308, 810.132690, -166.038361, 1, 0, 0, 0, 4.00
M, 106015625, 2, -316.329498, 816.948608, -223.883759, 1, 0, 0, 0, 4.00
M, 106015625, 3, -211.839188, 810.031555, -161.410706, 1, 0, 0, 0, 3.79
M, 106015625, 4, -268.259003, 816.424316, -174.994904, 1, 0, 0, 0, 4.00
M, 106015625, 5, -176.451706, 810.650330, -162.369446, 1, 0, 0, 0, 4.00
M, 106015625, 6, -152.811371, 811.594177, -163.480896, 1, 0, 0, 0, 4.00
M, 106015625, 7, -130.025284, 811.069946, -167.774399, 1, 0, 0, 0, 3.07
M, 106016667, 0, -313.136780, 818.589783, -181.383026, 1, 0, 0, 0, 3.57
M, 106016667, 1, -240.647690, 810.133179, -166.038956, 1, 0, 0, 0, 4.00
M, 106016667, 2, -316.328247, 816.952087, -223.883759, 1, 0, 0, 0, 4.00
M, 106016667, 3, -211.837494, 810.032898, -161.408112, 1, 0, 0, 0, 4.00
M, 106016667, 4, -268.262329, 816.423889, -175.007187, 1, 0, 0, 0, 3.32
M, 106016667, 5, -176.450516, 810.650330, -162.367661, 1, 0, 0, 0, 4.00
M, 106016667, 6, -152.812439, 811.594482, -163.481674, 1, 0, 0, 0, 4.00
M, 106016667, 7, -130.024460, 811.069641, -167.772644, 1, 0, 0, 0, 4.00
M, 106017708, 0, -313.137482, 818.591125, -181.382431, 1, 0, 0, 0, 4.00
M, 106017708, 1, -240.644470, 810.137695, -166.034180, 1, 0, 0, 0, 3.34
M, 106017708, 2, -316.327118, 816.955261, -223.883789, 1, 0, 0, 0, 4.00
M, 106017708, 3, -211.836975, 810.033203, -161.406662, 1, 0, 0, 0, 4.00
M, 106017708, 4, -268.262451, 816.424194, -175.004440, 1, 0, 0, 0, 4.00
M, 106017708, 5, -176.467194, 810.647095, -162.370758, 1, 0, 0, 0, 3.34
M, 106017708, 6, -152.813568, 811.594666, -163.482452, 1, 0, 0, 0, 4.00
M, 106017708, 7, -130.025024, 811.069336, -167.771683, 1, 0, 0, 0, 4.00
M, 106018750, 0, -313.136414, 818.591492, -181.382553, 1, 0, 0, 0, 4.00
M, 106018750, 1, -240.645477, 810.137451, -166.035706, 1, 0, 0, 0, 4.00
M, 106018750, 2, -316.313690, 816.936646, -223.872803, 1, 0, 0, 0, 3.55
M, 106018750, 3, -211.836411, 810.033447, -161.405167, 1, 0, 0, 0, 4.00
M, 106018750, 4, -268.263367, 816.424316, -175.005249, 1, 0, 0, 0, 4.00
M, 106018750, 5, -176.463089, 810.647583, -162.368195, 1, 0, 0, 0, 4.00
M, 106018750, 6, -152.801025, 811.599670, -163.473679, 1, 0, 0, 0, 3.52
M, 106018750, 7, -130.025589, 811.068787, -167.770767, 1, 0, 0, 0, 4.00
M, 106019792, 0, -313.135345, 818.591797, -181.382614, 1, 0, 0, 0, 4.00
M, 106019792, 1, -240.645477, 810.138428, -166.035736, 1, 0, 0, 0, 4.00
M, 106019792, 2, -316.314514, 816.943665, -223.874649, 1, 0, 0, 0, 4.00
M, 106019792, 3, -211.827744, 810.042114, -161.402130, 1, 0, 0, 0, 3.79
M, 106019792, 4, -268.264252, 816.424438, -175.006058, 1, 0, 0, 0, 4.00
M, 106019792, 5, -176.463837, 810.647217, -162.366943, 1, 0, 0, 0, 4.00
M, 106019792, 6, -152.804428, 811.599060, -163.476074, 1, 0, 0, 0, 4.00
M, 106019792, 7, -130.026215, 811.070801, -167.777939, 1, 0, 0, 0, 3.07
M, 106020833, 0, -313.141998, 818.594238, -181.388779, 1, 0, 0, 0, 3.57
M, 106020833, 1, -240.645477, 810.139282, -166.035706, 1, 0, 0, 0, 4.00
M, 106020833, 2, -316.311920, 816.944702, -223.873459, 1, 0, 0, 0, 4.00
M, 106020833, 3, -211.828583, 810.040771, -161.400909, 1, 0, 0, 0, 4.00
M, 106020833, 4, -268.244507, 816.430969, -174.994370, 1, 0, 0, 0, 3.32
M, 106020833, 5, -176.464569, 810.646851, -162.365692, 1, 0, 0, 0, 4.00
M, 106020833, 6, -152.804031, 811.599792, -163.475830, 1, 0, 0, 0, 4.00
M, 106020833, 7, -130.026688, 811.070129, -167.775681, 1, 0, 0, 0, 4.00
M, 106021875, 0, -313.139679, 818.594177, -181.387894, 1, 0, 0, 0, 4.00
M, 106021875, 1, -240.644287, 810.133057, -166.037109, 1, 0, 0, 0, 3.34
M, 106021875, 2, -316.309418, 816.945618, -223.872253, 1, 0, 0, 0, 4.00
M, 106021875, 3, -211.827179, 810.041992, -161.399261, 1, 0, 0, 0, 4.00
M, 106021875, 4, -268.248749, 816.430176, -174.997177, 1, 0, 0, 0, 4.00
M, 106021875, 5, -176.453583, 810.656677, -162.365662, 1, 0, 0, 0, 3.34
M, 106021875, 6, -152.803619, 811.600647, -163.475586, 1, 0, 0, 0, 4.00
M, 106021875, 7, -130.027313, 811.069946, -167.775620, 1, 0, 0, 0, 4.00
M, 106022917, 0, -313.139404, 818.594788, -181.388611, 1, 0, 0, 0, 4.00
M, 106022917, 1, -240.644470, 810.135193, -166.036865, 1, 0, 0, 0, 4.00
M, 106022917, 2, -316.319641, 816.934021, -223.872375, 1, 0, 0, 0, 3.55
M, 106022917, 3, -211.825745, 810.043030, -161.397659, 1, 0, 0, 0, 4.00
M, 106022917, 4, -268.247314, 816.431091, -174.996567, 1, 0, 0, 0, 4.00
M, 106022917, 5, -176.456299, 810.654602, -162.364212, 1, 0, 0, 0, 4.00
M, 106022917, 6, -152.796997, 811.601868, -163.470490, 1, 0, 0, 0, 3.52
M, 106022917, 7, -130.027847, 811.069824, -167.775589, 1, 0, 0, 0, 4.00
M, 106023958, 0, -313.139221, 818.595154, -181.389343, 1, 0, 0, 0, 4.00
M, 106023958, 1, -240.644348, 810.135315, -166.037018, 1, 0, 0, 0, 4.00
M, 106023958, 2, -316.315002, 816.937134, -223.870972, 1, 0, 0, 0, 4.00
M, 106023958, 3, -211.846252, 810.022095, -161.414429, 1, 0, 0, 0, 3.79
M, 106023958, 4, -268.245941, 816.431946, -174.996033, 1, 0, 0, 0, 4.00
M, 106023958, 5, -176.455780, 810.655273, -162.363129, 1, 0, 0, 0, 4.00
M, 106023958, 6, -152.797653, 811.602417, -163.471069, 1, 0, 0, 0, 4.00
M, 106023958, 7, -130.013763, 811.069763, -167.775833, 1, 0, 0, 0, 3.07
M, 106025000, 0, -313.138184, 818.596375, -181.394867, 1, 0, 0, 0, 3.57
M, 106025000, 1, -240.644226, 810.135437, -166.037155, 1, 0, 0, 0, 4.00
M, 106025000, 2, -316.313812, 816.936707, -223.869934, 1, 0, 0, 0, 4.00
M, 106025000, 3, -211.841187, 810.026855, -161.409760, 1, 0, 0, 0, 4.00
M, 106025000, 4, -268.248260, 816.434265, -175.009476, 1, 0, 0, 0, 3.32
M, 106025000, 5, -176.455276, 810.656006, -162.362061, 1, 0, 0, 0, 4.00
M, 106025000, 6, -152.796585, 811.603271, -163.470261, 1, 0, 0, 0, 4.00
M, 106025000, 7, -130.016708, 811.069641, -167.775711, 1, 0, 0, 0, 4.00
M, 106026042, 0, -313.138092, 818.596863, -181.394775, 1, 0, 0, 0, 4.00
M, 106026042, 1, -240.642319, 810.135986, -166.051651, 1, 0, 0, 0, 3.34
M, 106026042, 2, -316.312683, 816.936279, -223.868866, 1, 0, 0, 0, 4.00
M, 106026042, 3, -211.842133, 810.025696, -161.410110, 1, 0, 0, 0, 4.00
M, 106026042, 4, -268.246246, 816.435120, -175.006653, 1, 0, 0, 0, 4.00
M, 106026042, 5, -176.465683, 810.657349, -162.385239, 1, 0, 0, 0, 3.34
M, 106026042, 6, -152.795578, 811.604004, -163.469482, 1, 0, 0, 0, 4.00
M, 106026042, 7, -130.015686, 811.069458, -167.775711, 1, 0, 0, 0, 4.00
M, 106027083, 0, -313.137848, 818.597534, -181.396027, 1, 0, 0, 0, 4.00
M, 106027083, 1, -240.642502, 810.135986, -166.049438, 1, 0, 0, 0, 4.00
M, 106027083, 2, -316.321930, 816.927979, -223.873993, 1, 0, 0, 0, 3.98
M, 106027083, 3, -211.843094, 810.024597, -161.410477, 1, 0, 0, 0, 4.00
M, 106027083, 4, -268.245300, 816.435974, -175.007599, 1, 0, 0, 0, 4.00
M, 106027083, 5, -176.463318, 810.657959, -162.380112, 1, 0, 0, 0, 4.00
M, 106027083, 6, -152.796677, 811.590698, -163.486206, 1, 0, 0, 0, 3.52
M, 106027083, 7, -130.014679, 811.069214, -167.775711, 1, 0, 0, 0, 4.00
M, 106028125, 0, -313.137482, 818.597961, -181.397278, 1, 0, 0, 0, 4.00
M, 106028125, 1, -240.642212, 810.136169, -166.051163, 1, 0, 0, 0, 4.00
M, 106028125, 2, -316.319061, 816.928833, -223.871964, 1, 0, 0, 0, 4.00
M, 106028125, 3, -211.825867, 810.054443, -161.424362, 1, 0, 0, 0, 3.79
M, 106028125, 4, -268.244354, 816.437073, -175.008591, 1, 0, 0, 0, 4.00
M, 106028125, 5, -176.463974, 810.658752, -162.381638, 1, 0, 0, 0, 4.00
M, 106028125, 6, -152.795212, 811.593811, -163.482483, 1, 0, 0, 0, 4.00
M, 106028125, 7, -130.009827, 811.071228, -167.782471, 1, 0, 0, 0, 3.07
M, 106029167, 0, -313.131775, 818.602600, -181.391495, 1, 0, 0, 0, 3.57
M, 106029167, 1, -240.641907, 810.136292, -166.052902, 1, 0, 0, 0, 4.00
M, 106029167, 2, -316.319061, 816.927429, -223.871597, 1, 0, 0, 0, 4.00
M, 106029167, 3, -211.829895, 810.047913, -161.422516, 1, 0, 0, 0, 4.00
M, 106029167, 4, -268.241730, 816.437500, -175.017700, 1, 0, 0, 0, 3.32
M, 106029167, 5, -176.464630, 810.659607, -162.383194, 1, 0, 0, 0, 4.00
M, 106029167, 6, -152.794434, 811.593018, -163.483643, 1, 0, 0, 0, 4.00
M, 106029167, 7, -130.009430, 811.070618, -167.781372, 1, 0, 0, 0, 4.00
M, 106030208, 0, -313.132294, 818.602661, -181.393875, 1, 0, 0, 0, 4.00
M, 106030208, 1, -240.636398, 810.141602, -166.048752, 1, 0, 0, 0, 3.34
M, 106030208, 2, -316.319061, 816.926208, -223.871277, 1, 0, 0, 0, 4.00
M, 106030208, 3, -211.828812, 810.050110, -161.424362, 1, 0, 0, 0, 4.00
M, 106030208, 4, -268.240997, 816.438538, -175.017319, 1, 0, 0, 0, 4.00
M, 106030208, 5, -176.470901, 810.657715, -162.393677, 1, 0, 0, 0, 3.34
M, 106030208, 6, -152.793610, 811.592285, -163.484772, 1, 0, 0, 0, 4.00
M, 106030208, 7, -130.007950, 811.070740, -167.782089, 1, 0, 0, 0, 4.00
M, 106031250, 0, -313.131409, 818.603699, -181.394424, 1, 0, 0, 0, 4.00
M, 106031250, 1, -240.636963, 810.140930, -166.051437, 1, 0, 0, 0, 4.00
M, 106031250, 2, -316.328644, 816.928833, -223.895386, 1, 0, 0, 0, 3.55
M, 106031250, 3, -211.827774, 810.052246, -161.426178, 1, 0, 0, 0, 4.00
M, 106031250, 4, -268.239807, 816.439575, -175.019196, 1, 0, 0, 0, 4.00
M, 106031250, 5, -176.470657, 810.658936, -162.393707, 1, 0, 0, 0, 4.00
M, 106031250, 6, -152.793274, 811.594727, -163.489243, 1, 0, 0, 0, 3.52
M, 106031250, 7, -130.006516, 811.070801, -167.782806, 1, 0, 0, 0, 4.00
M, 106032292, 0, -313.130463, 818.604797, -181.394897, 1, 0, 0, 0, 4.00
M, 106032292, 1, -240.636093, 810.141541, -166.052536, 1, 0, 0, 0, 4.00
M, 106032292, 2, -316.327118, 816.926819, -223.890976, 1, 0, 0, 0, 4.00
M, 106032292, 3, -211.833557, 810.046265, -161.440338, 1, 0, 0, 0, 3.79
M, 106032292, 4, -268.238617, 816.440552, -175.021011, 1, 0, 0, 0, 4.00
M, 106032292, 5, -176.471909, 810.659424, -162.396240, 1, 0, 0, 0, 4.00
M, 106032292, 6, -152.792419, 811.593445, -163.489807, 1, 0, 0, 0, 4.00
M, 106032292, 7, -130.007202, 811.058350, -167.792343, 1, 0, 0, 0, 3.07
M, 106033333, 0, -313.132965, 818.598755, -181.389465, 1, 0, 0, 0, 3.57
M, 106033333, 1, -240.635239, 810.142212, -166.053665, 1, 0, 0, 0, 4.00
M, 106033333, 2, -316.328125, 816.925903, -223.893295, 1, 0, 0, 0, 4.00
M, 106033333, 3, -211.831406, 810.049866, -161.440094, 1, 0, 0, 0, 4.00
M, 106033333, 4, -268.234741, 816.446350, -175.016479, 1, 0, 0, 0, 3.32
M, 106033333, 5, -176.473190, 810.659973, -162.398773, 1, 0, 0, 0, 4.00
M, 106033333, 6, -152.791580, 811.593079, -163.491302, 1, 0, 0, 0, 4.00
M, 106033333, 7, -130.005386, 811.060547, -167.791595, 1, 0, 0, 0, 4.00
M, 106034375, 0, -313.131409, 818.601013, -181.390900, 1, 0, 0, 0, 4.00
M, 106034375, 1, -240.629562, 810.150269, -166.040176, 1, 0, 0, 0, 3.34
M, 106034375, 2, -316.329193, 816.924988, -223.895660, 1, 0, 0, 0, 4.00
M, 106034375, 3, -211.831116, 810.051147, -161.443314, 1, 0, 0, 0, 4.00
M, 106034375, 4, -268.233978, 816.446594, -175.019409, 1, 0, 0, 0, 4.00
M, 106034375, 5, -176.442581, 810.665588, -162.389542, 1, 0, 0, 0, 3.34
M, 106034375, 6, -152.790833, 811.592651, -163.492783, 1, 0, 0, 0, 4.00
M, 106034375, 7, -130.004196, 811.059204, -167.793289, 1, 0, 0, 0, 4.00
M, 106035417, 0, -313.130920, 818.601379, -181.390717, 1, 0, 0, 0, 4.00
M, 106035417, 1, -240.629486, 810.149719, -166.043655, 1, 0, 0, 0, 4.00
M, 106035417, 2, -316.303070, 816.926758, -223.884216, 1, 0, 0, 0, 3.55
M, 106035417, 3, -211.830811, 810.052490, -161.446472, 1, 0, 0, 0, 4.00
M, 106035417, 4, -268.232544, 816.448059, -175.020599, 1, 0, 0, 0, 4.00
M, 106035417, 5, -176.449142, 810.665161, -162.394012, 1, 0, 0, 0, 4.00
M, 106035417, 6, -152.796768, 811.596802, -163.489059, 1, 0, 0, 0, 3.52
M, 106035417, 7, -130.002945, 811.057922, -167.794998, 1, 0, 0, 0, 4.00
M, 106036458, 0, -313.130341, 818.601746, -181.390549, 1, 0, 0, 0, 4.00
M, 106036458, 1, -240.628021, 810.151489, -166.043121, 1, 0, 0, 0, 4.00
M, 106036458, 2, -316.308563, 816.925476, -223.888763, 1, 0, 0, 0, 4.00
M, 106036458, 3, -211.823563, 810.052795, -161.431747, 1, 0, 0, 0, 3.79
M, 106036458, 4, -268.231110, 816.449646, -175.021729, 1, 0, 0, 0, 4.00
M, 106036458, 5, -176.446899, 810.666260, -162.395264, 1, 0, 0, 0, 4.00
M, 106036458, 6, -152.794861, 811.595703, -163.491425, 1, 0, 0, 0, 4.00
M, 106036458, 7, -129.998413, 811.073364, -167.787872, 1, 0, 0, 0, 3.07
M, 106037500, 0, -313.135620, 818.589722, -181.390121, 1, 0, 0, 0, 3.57
M, 106037500, 1, -240.626587, 810.152954, -166.042618, 1, 0, 0, 0, 4.00
M, 106037500, 2, -316.306671, 816.924866, -223.889572, 1, 0, 0, 0, 4.00
M, 106037500, 3, -211.824371, 810.054138, -161.437881, 1, 0, 0, 0, 4.00
M, 106037500, 4, -268.228790, 816.441162, -175.032211, 1, 0, 0, 0, 3.32
M, 106037500, 5, -176.444702, 810.667358, -162.396484, 1, 0, 0, 0, 4.00
M, 106037500, 6, -152.794861, 811.595825, -163.492340, 1, 0, 0, 0, 4.00
M, 106037500, 7, -129.997696, 811.069397, -167.791000, 1, 0, 0, 0, 4.00
M, 106038542, 0, -313.134094, 818.592041, -181.389969, 1, 0, 0, 0, 4.00
M, 106038542, 1, -240.641907, 810.156250, -166.052658, 1, 0, 0, 0, 3.34
M, 106038542, 2, -316.304749, 816.924255, -223.890381, 1, 0, 0, 0, 4.00
M, 106038542, 3, -211.823364, 810.055420, -161.439117, 1, 0, 0, 0, 4.00
M, 106038542, 4, -268.227478, 816.444458, -175.031799, 1, 0, 0, 0, 4.00
M, 106038542, 5, -176.458557, 810.660278, -162.382111, 1, 0, 0, 0, 3.34
M, 106038542, 6, -152.794800, 811.595947, -163.493301, 1, 0, 0, 0, 4.00
M, 106038542, 7, -129.996109, 811.069885, -167.791748, 1, 0, 0, 0, 4.00
M, 106039583, 0, -313.134216, 818.590942, -181.389801, 1, 0, 0, 0, 4.00
M, 106039583, 1, -240.637680, 810.157471, -166.050430, 1, 0, 0, 0, 4.00
M, 106039583, 2, -316.315125, 816.920471, -223.897537, 1, 0, 0, 0, 3.55
M, 106039583, 3, -211.822311, 810.056519, -161.440399, 1, 0, 0, 0, 4.00
M, 106039583, 4, -268.225922, 816.444824, -175.033981, 1, 0, 0, 0, 4.00
M, 106039583, 5, -176.453644, 810.662720, -162.385895, 1, 0, 0, 0, 4.00
M, 106039583, 6, -152.795639, 811.595093, -163.489120, 1, 0, 0, 0, 3.52
M, 106039583, 7, -129.994568, 811.070374, -167.792465, 1, 0, 0, 0, 4.00
M, 106040625, 0, -313.134277, 818.589966, -181.389618, 1, 0, 0, 0, 4.00
M, 106040625, 1, -240.638092, 810.159241, -166.051056, 1, 0, 0, 0, 4.00
M, 106040625, 2, -316.311188, 816.920410, -223.897293, 1, 0, 0, 0, 4.00
M, 106040625, 3, -211.826904, 810.051880, -161.438126, 1, 0, 0, 0, 3.79
M, 106040625, 4, -268.224426, 816.445129, -175.036179, 1, 0, 0, 0, 4.00
M, 106040625, 5, -176.453186, 810.662842, -162.385422, 1, 0, 0, 0, 4.00
M, 106040625, 6, -152.795456, 811.595276, -163.490845, 1, 0, 0, 0, 4.00
M, 106040625, 7, -130.002640, 811.078125, -167.795853, 1, 0, 0, 0, 3.07
M, 106041667, 0, -313.133362, 818.588745, -181.392685, 1, 0, 0, 0, 3.57
M, 106041667, 1, -240.638474, 810.161011, -166.051712, 1, 0, 0, 0, 4.00
M, 106041667, 2, -316.310669, 816.919373, -223.898849, 1, 0, 0, 0, 4.00
M, 106041667, 3, -211.824966, 810.053955, -161.439972, 1, 0, 0, 0, 4.00
M, 106041667, 4, -268.228607, 816.431213, -175.020447, 1, 0, 0, 0, 3.32
M, 106041667, 5, -176.452713, 810.663025, -162.384949, 1, 0, 0, 0, 4.00
M, 106041667, 6, -152.795486, 811.595276, -163.491211, 1, 0, 0, 0, 4.00
M, 106041667, 7, -129.999420, 811.077515, -167.796127, 1, 0, 0, 0, 4.00
M, 106042708, 0, -313.133606, 818.587891, -181.391937, 1, 0, 0, 0, 4.00
M, 106042708, 1, -240.638214, 810.148193, -166.050812, 1, 0, 0, 0, 3.34
M, 106042708, 2, -316.310059, 816.918518, -223.900330, 1, 0, 0, 0, 4.00
M, 106042708, 3, -211.824554, 810.054504, -161.440811, 1, 0, 0, 0, 4.00
M, 106042708, 4, -268.226105, 816.434021, -175.025604, 1, 0, 0, 0, 4.00
M, 106042708, 5, -176.445709, 810.662598, -162.386414, 1, 0, 0, 0, 3.34
M, 106042708, 6, -152.795578, 811.595215, -163.491592, 1, 0, 0, 0, 4.00
M, 106042708, 7, -129.998947, 811.078735, -167.797134, 1, 0, 0, 0, 4.00
M, 106043750, 0, -313.133545, 818.586853, -181.392090, 1, 0, 0, 0, 4.00
M, 106043750, 1, -240.638718, 810.152283, -166.051712, 1, 0, 0, 0, 4.00
M, 106043750, 2, -316.305115, 816.930908, -223.883041, 1, 0, 0, 0, 3.55
M, 106043750, 3, -211.824142, 810.054932, -161.441696, 1, 0, 0, 0, 4.00
M, 106043750, 4, -268.225159, 816.432922, -175.025803, 1, 0, 0, 0, 4.00
M, 106043750, 5, -176.446304, 810.662964, -162.385605, 1, 0, 0, 0, 4.00
M, 106043750, 6, -152.792053, 811.594238, -163.479080, 1, 0, 0, 0, 3.52
M, 106043750, 7, -129.998444, 811.080017, -167.798187, 1, 0, 0, 0, 4.00
M, 106044792, 0, -313.133484, 818.585876, -181.392273, 1, 0, 0, 0, 4.00
M, 106044792, 1, -240.639069, 810.152466, -166.052216, 1, 0, 0, 0, 4.00
M, 106044792, 2, -316.305298, 816.927612, -223.887634, 1, 0, 0, 0, 4.00
M, 106044792, 3, -211.811142, 810.059753, -161.422241, 1, 0, 0, 0, 3.96
M, 106044792, 4, -268.224182, 816.431702, -175.026016, 1, 0, 0, 0, 4.00
M, 106044792, 5, -176.445145, 810.663025, -162.385361, 1, 0, 0, 0, 4.00
M, 106044792, 6, -152.792709, 811.594299, -163.481613, 1, 0, 0, 0, 4.00
M, 106044792, 7, -129.997452, 811.079285, -167.786316, 1, 0, 0, 0, 3.07
M, 106045833, 0, -313.137787, 818.581726, -181.395584, 1, 0, 0, 0, 3.57
M, 106045833, 1, -240.639404, 810.152649, -166.052658, 1, 0, 0, 0, 4.00
M, 106045833, 2, -316.304230, 816.928284, -223.887039, 1, 0, 0, 0, 4.00
M, 106045833, 3, -211.812866, 810.059448, -161.426468, 1, 0, 0, 0, 4.00
M, 106045833, 4, -268.231110, 816.426758, -175.019287, 1, 0, 0, 0, 3.32
M, 106045833, 5, -176.443954, 810.663147, -162.385101, 1, 0, 0, 0, 4.00
M, 106045833, 6, -152.792419, 811.594177, -163.480545, 1, 0, 0, 0, 4.00
M, 106045833, 7, -129.997009, 811.080872, -167.789444, 1, 0, 0, 0, 4.00
M, 106046875, 0, -313.136993, 818.581177, -181.395218, 1, 0, 0, 0, 4.00
M, 106046875, 1, -240.639694, 810.129639, -166.039719, 1, 0, 0, 0, 3.34
M, 106046875, 2, -316.303131, 816.928833, -223.886505, 1, 0, 0, 0, 4.00
M, 106046875, 3, -211.811081, 810.060364, -161.425079, 1, 0, 0, 0, 4.00
M, 106046875, 4, -268.228851, 816.426270, -175.020599, 1, 0, 0, 0, 4.00
M, 106046875, 5, -176.459488, 810.650696, -162.380234, 1, 0, 0, 0, 3.34
M, 106046875, 6, -152.792084, 811.593994, -163.479492, 1, 0, 0, 0, 4.00
M, 106046875, 7, -129.996445, 811.081970, -167.789093, 1, 0, 0, 0, 4.00
M, 106047917, 0, -313.137482, 818.579773, -181.395721, 1, 0, 0, 0, 4.00
M, 106047917, 1, -240.639999, 810.133789, -166.042465, 1, 0, 0, 0, 4.00
M, 106047917, 2, -316.304504, 816.929565, -223.886322, 1, 0, 0, 0, 3.55
M, 106047917, 3, -211.809296, 810.061340, -161.423767, 1, 0, 0, 0, 4.00
M, 106047917, 4, -268.228851, 816.424744, -175.020111, 1, 0, 0, 0, 4.00
M, 106047917, 5, -176.455521, 810.652832, -162.380753, 1, 0, 0, 0, 4.00
M, 106047917, 6, -152.798889, 811.584351, -163.476608, 1, 0, 0, 0, 3.52
M, 106047917, 7, -129.995911, 811.082947, -167.788712, 1, 0, 0, 0, 4.00
M, 106048958, 0, -313.137909, 818.578552, -181.396240, 1, 0, 0, 0, 4.00
M, 106048958, 1, -240.640350, 810.131348, -166.041489, 1, 0, 0, 0, 4.00
M, 106048958, 2, -316.303040, 816.930115, -223.885727, 1, 0, 0, 0, 4.00
M, 106048958, 3, -211.820801, 810.048340, -161.423523, 1, 0, 0, 0, 3.79
M, 106048958, 4, -268.228729, 816.423157, -175.019516, 1, 0, 0, 0, 4.00
M, 106048958, 5, -176.456177, 810.651794, -162.380005, 1, 0, 0, 0, 4.00
M, 106048958, 6, -152.797424, 811.585693, -163.475922, 1, 0, 0, 0, 4.00
M, 106048958, 7, -130.004852, 811.067749, -167.785065, 1, 0, 0, 0, 3.07
M, 106050000, 0, -313.128662, 818.589355, -181.390549, 1, 0, 0, 0, 3.57
M, 106050000, 1, -240.640686, 810.128967, -166.040497, 1, 0, 0, 0, 4.00
M, 106050000, 2, -316.302246, 816.930725, -223.885193, 1, 0, 0, 0, 4.00
M, 106050000, 3, -211.816772, 810.051697, -161.421982, 1, 0, 0, 0, 4.00
M, 106050000, 4, -268.236664, 816.414246, -175.024765, 1, 0, 0, 0, 3.32
M, 106050000, 5, -176.456802, 810.650513, -162.379227, 1, 0, 0, 0, 4.00
M, 106050000, 6, -152.797897, 811.584534, -163.474701, 1, 0, 0, 0, 4.00
M, 106050000, 7, -130.002640, 811.071716, -167.785187, 1, 0, 0, 0, 4.00
M, 106051042, 0, -313.130676, 818.585815, -181.392090, 1, 0, 0, 0, 4.00
M, 106051042, 1, -240.619293, 810.140808, -166.035797, 1, 0, 0, 0, 3.34
M, 106051042, 2, -316.301422, 816.931213, -223.884720, 1, 0, 0, 0, 4.00
M, 106051042, 3, -211.816391, 810.051086, -161.420715, 1, 0, 0, 0, 4.00
M, 106051042, 4, -268.235168, 816.414001, -175.023270, 1, 0, 0, 0, 4.00
M, 106051042, 5, -176.450302, 810.651062, -162.385727, 1, 0, 0, 0, 3.34
M, 106051042, 6, -152.798340, 811.583374, -163.473511, 1, 0, 0, 0, 4.00
M, 106051042, 7, -130.003113, 811.071045, -167.784470, 1, 0, 0, 0, 4.00
M, 106052083, 0, -313.130096, 818.585754, -181.391968, 1, 0, 0, 0, 4.00
M, 106052083, 1, -240.623215, 810.136047, -166.035370, 1, 0, 0, 0, 4.00
M, 106052083, 2, -316.293671, 816.923218, -223.871933, 1, 0, 0, 0, 3.55
M, 106052083, 3, -211.816025, 810.050537, -161.419464, 1, 0, 0, 0, 4.00
M, 106052083, 4, -268.235992, 816.411560, -175.023331, 1, 0, 0, 0, 4.00
M, 106052083, 5, -176.452118, 810.649536, -162.383759, 1, 0, 0, 0, 4.00
M, 106052083, 6, -152.803741, 811.572510, -163.477386, 1, 0, 0, 0, 3.52
M, 106052083, 7, -130.003540, 811.070435, -167.783752, 1, 0, 0, 0, 4.00
M, 106053125, 0, -313.129486, 818.585693, -181.391800, 1, 0, 0, 0, 4.00
M, 106053125, 1, -240.621170, 810.135193, -166.033997, 1, 0, 0, 0, 4.00
M, 106053125, 2, -316.294037, 816.925110, -223.873398, 1, 0, 0, 0, 4.00
M, 106053125, 3, -211.812897, 810.038818, -161.408142, 1, 0, 0, 0, 3.79
M, 106053125, 4, -268.236755, 816.409302, -175.023392, 1, 0, 0, 0, 4.00
M, 106053125, 5, -176.451935, 810.648376, -162.383759, 1, 0, 0, 0, 4.00
M, 106053125, 6, -152.803375, 811.572876, -163.475327, 1, 0, 0, 0, 4.00
M, 106053125, 7, -130.008545, 811.063721, -167.781021, 1, 0, 0, 0, 3.07
M, 106054167, 0, -313.149292, 818.584717, -181.398239, 1, 0, 0, 0, 3.57
M, 106054167, 1, -240.619141, 810.134338, -166.032578, 1, 0, 0, 0, 4.00
M, 106054167, 2, -316.292480, 816.924744, -223.871582, 1, 0, 0, 0, 4.00
M, 106054167, 3, -211.812958, 810.040100, -161.408569, 1, 0, 0, 0, 4.00
M, 106054167, 4, -268.217987, 816.435181, -175.008011, 1, 0, 0, 0, 3.32
M, 106054167, 5, -176.451859, 810.647278, -162.383759, 1, 0, 0, 0, 4.00
M, 106054167, 6, -152.804367, 811.570679, -163.474640, 1, 0, 0, 0, 4.00
M, 106054167, 7, -130.008270, 811.064148, -167.780594, 1, 0, 0, 0, 4.00
M, 106055208, 0, -313.145355, 818.584778, -181.396973, 1, 0, 0, 0, 4.00
M, 106055208, 1, -240.634521, 810.123352, -166.036621, 1, 0, 0, 0, 3.34
M, 106055208, 2, -316.290924, 816.924377, -223.869720, 1, 0, 0, 0, 4.00
M, 106055208, 3, -211.812332, 810.038513, -161.406174, 1, 0, 0, 0, 4.00
M, 106055208, 4, -268.222046, 816.428284, -175.010666, 1, 0, 0, 0, 4.00
M, 106055208, 5, -176.442673, 810.654358, -162.372665, 1, 0, 0, 0, 3.34
M, 106055208, 6, -152.805344, 811.568420, -163.473953, 1, 0, 0, 0, 4.00
M, 106055208, 7, -130.009201, 811.062866, -167.779648, 1, 0, 0, 0, 4.00
M, 106056250, 0, -313.146973, 818.584595, -181.397522, 1, 0, 0, 0, 4.00
M, 106056250, 1, -240.629562, 810.124268, -166.034332, 1, 0, 0, 0, 4.00
M, 106056250, 2, -316.296051, 816.931030, -223.882721, 1, 0, 0, 0, 3.55
M, 106056250, 3, -211.811615, 810.036743, -161.403854, 1, 0, 0, 0, 4.00
M, 106056250, 4, -268.220673, 816.428955, -175.009094, 1, 0, 0, 0, 4.00
M, 106056250, 5, -176.444016, 810.652039, -162.374512, 1, 0, 0, 0, 4.00
M, 106056250, 6, -152.789078, 811.590088, -163.463379, 1, 0, 0, 0, 3.52
M, 106056250, 7, -130.010147, 811.061646, -167.778687, 1, 0, 0, 0, 4.00
M, 106057292, 0, -313.148560, 818.584473, -181.398117, 1, 0, 0, 0, 4.00
M, 106057292, 1, -240.629486, 810.122131, -166.033554, 1, 0, 0, 0, 4.00
M, 106057292, 2, -316.293427, 816.929382, -223.878403, 1, 0, 0, 0, 4.00
M, 106057292, 3, -211.826843, 810.024475, -161.420425, 1, 0, 0, 0, 3.79
M, 106057292, 4, -268.219421, 816.429688, -175.007477, 1, 0, 0, 0, 4.00
M, 106057292, 5, -176.442886, 810.651917, -162.373322, 1, 0, 0, 0, 4.00
M, 106057292, 6, -152.792923, 811.583801, -163.464325, 1, 0, 0, 0, 4.00
M, 106057292, 7, -130.002136, 811.062866, -167.777267, 1, 0, 0, 0, 3.07
M, 106058333, 0, -313.136932, 818.594666, -181.394745, 1, 0, 0, 0, 3.57
M, 106058333, 1, -240.629333, 810.120239, -166.032745, 1, 0, 0, 0, 4.00
M, 106058333, 2, -316.292603, 816.929810, -223.878159, 1, 0, 0, 0, 4.00
M, 106058333, 3, -211.823547, 810.024536, -161.414948, 1, 0, 0, 0, 4.00
M, 106058333, 4, -268.226349, 816.427063, -175.005936, 1, 0, 0, 0, 3.32
M, 106058333, 5, -176.441742, 810.651733, -162.372162, 1, 0, 0, 0, 4.00
M, 106058333, 6, -152.791992, 811.584290, -163.462540, 1, 0, 0, 0, 4.00
M, 106058333, 7, -130.004578, 811.061096, -167.776367, 1, 0, 0, 0, 4.00
M, 106059375, 0, -313.140747, 818.592773, -181.395905, 1, 0, 0, 0, 4.00
M, 106059375, 1, -240.638031, 810.128357, -166.044083, 1, 0, 0, 0, 3.34
M, 106059375, 2, -316.291748, 816.930176, -223.877960, 1, 0, 0, 0, 4.00
M, 106059375, 3, -211.824646, 810.021606, -161.414703, 1, 0, 0, 0, 4.00
M, 106059375, 4, -268.223663, 816.428467, -175.004318, 1, 0, 0, 0, 4.00
M, 106059375, 5, -176.442398, 810.661987, -162.375854, 1, 0, 0, 0, 3.34
M, 106059375, 6, -152.791107, 811.584656, -163.460815, 1, 0, 0, 0, 4.00
M, 106059375, 7, -130.004547, 811.060059, -167.775360, 1, 0, 0, 0, 4.00
M, 106060417, 0, -313.140930, 818.593811, -181.396027, 1, 0, 0, 0, 4.00
M, 106060417, 1, -240.636429, 810.124634, -166.041336, 1, 0, 0, 0, 4.00
M, 106060417, 2, -316.300171, 816.923950, -223.881851, 1, 0, 0, 0, 3.55
M, 106060417, 3, -211.825745, 810.018555, -161.414429, 1, 0, 0, 0, 4.00
M, 106060417, 4, -268.223175, 816.428894, -175.002716, 1, 0, 0, 0, 4.00
M, 106060417, 5, -176.441040, 810.660095, -162.373856, 1, 0, 0, 0, 4.00
M, 106060417, 6, -152.802811, 811.576111, -163.462601, 1, 0, 0, 0, 3.52
M, 106060417, 7, -130.004547, 811.059021, -167.774368, 1, 0, 0, 0, 4.00
M, 106061458, 0, -313.141052, 818.594666, -181.396210, 1, 0, 0, 0, 4.00
M, 106061458, 1, -240.637253, 810.123779, -166.041840, 1, 0, 0, 0, 4.00
M, 106061458, 2, -316.297852, 816.925415, -223.880966, 1, 0, 0, 0, 4.00
M, 106061458, 3, -211.822968, 810.030945, -161.417358, 1, 0, 0, 0, 3.79
M, 106061458, 4, -268.222748, 816.429321, -175.001068, 1, 0, 0, 0, 4.00
M, 106061458, 5, -176.440079, 810.661011, -162.373230, 1, 0, 0, 0, 4.00
M, 106061458, 6, -152.799805, 811.578125, -163.460281, 1, 0, 0, 0, 4.00
M, 106061458, 7, -130.006393, 811.061035, -167.784317, 1, 0, 0, 0, 3.07
M, 106062500, 0, -313.150238, 818.575867, -181.397690, 1, 0, 0, 0, 3.57
M, 106062500, 1, -240.638062, 810.123047, -166.042343, 1, 0, 0, 0, 4.00
M, 106062500, 2, -316.298004, 816.924988, -223.881195, 1, 0, 0, 0, 4.00
M, 106062500, 3, -211.824677, 810.025452, -161.416550, 1, 0, 0, 0, 4.00
M, 106062500, 4, -268.241302, 816.419373, -175.023453, 1, 0, 0, 0, 3.60
M, 106062500, 5, -176.439178, 810.661987, -162.372604, 1, 0, 0, 0, 4.00
M, 106062500, 6, -152.800278, 811.577515, -163.458908, 1, 0, 0, 0, 4.00
M, 106062500, 7, -130.006073, 811.059570, -167.781494, 1, 0, 0, 0, 4.00
M, 106063542, 0, -313.148926, 818.580078, -181.397583, 1, 0, 0, 0, 4.00
M, 106063542, 1, -240.632965, 810.122559, -166.043488, 1, 0, 0, 0, 3.34
M, 106063542, 2, -316.298187, 816.924683, -223.881378, 1, 0, 0, 0, 4.00
M, 106063542, 3, -211.825363, 810.024231, -161.416641, 1, 0, 0, 0, 4.00
M, 106063542, 4, -268.237732, 816.421387, -175.017883, 1, 0, 0, 0, 4.00
M, 106063542, 5, -176.430634, 810.672424, -162.378860, 1, 0, 0, 0, 3.34
M, 106063542, 6, -152.800766, 811.576904, -163.457535, 1, 0, 0, 0, 4.00
M, 106063542, 7, -130.006271, 811.058777, -167.781708, 1, 0, 0, 0, 4.00
M, 106064583, 0, -313.149994, 818.579041, -181.397842, 1, 0, 0, 0, 4.00
M, 106064583, 1, -240.634750, 810.121704, -166.043900, 1, 0, 0, 0, 4.00
M, 106064583, 2, -316.313995, 816.918457, -223.899170, 1, 0, 0, 0, 3.55
M, 106064583, 3, -211.825989, 810.023071, -161.416733, 1, 0, 0, 0, 4.00
M, 106064583, 4, -268.239380, 816.420715, -175.018860, 1, 0, 0, 0, 4.00
M, 106064583, 5, -176.430954, 810.671814, -162.377075, 1, 0, 0, 0, 4.00
M, 106064583, 6, -152.804337, 811.582092, -163.479584, 1, 0, 0, 0, 3.52
M, 106064583, 7, -130.006454, 811.058105, -167.781845, 1, 0, 0, 0, 4.00
M, 106065625, 0, -313.151184, 818.577820, -181.398148, 1, 0, 0, 0, 4.00
M, 106065625, 1, -240.634903, 810.120911, -166.044464, 1, 0, 0, 0, 4.00
M, 106065625, 2, -316.311554, 816.919128, -223.896515, 1, 0, 0, 0, 4.00
M, 106065625, 3, -211.820328, 810.040039, -161.421738, 1, 0, 0, 0, 3.79
M, 106065625, 4, -268.240997, 816.419922, -175.019913, 1, 0, 0, 0, 4.00
M, 106065625, 5, -176.429138, 810.673950, -162.377106, 1, 0, 0, 0, 4.00
M, 106065625, 6, -152.804276, 811.580505, -163.474335, 1, 0, 0, 0, 4.00
M, 106065625, 7, -130.012482, 811.065796, -167.787598, 1, 0, 0, 0, 3.07
M, 106066667, 0, -313.136993, 818.577087, -181.389236, 1, 0, 0, 0, 3.57
M, 106066667, 1, -240.635086, 810.120117, -166.045090, 1, 0, 0, 0, 4.00
M, 106066667, 2, -316.313446, 816.918091, -223.898605, 1, 0, 0, 0, 4.00
M, 106066667, 3, -211.821960, 810.035950, -161.421021, 1, 0, 0, 0, 4.00
M, 106066667, 4, -268.217926, 816.424927, -175.007843, 1, 0, 0, 0, 3.32
M, 106066667, 5, -176.427383, 810.675903, -162.377197, 1, 0, 0, 0, 4.00
M, 106066667, 6, -152.805115, 811.580627, -163.475479, 1, 0, 0, 0, 4.00
M, 106066667, 7, -130.011673, 811.063843, -167.786819, 1, 0, 0, 0, 4.00
M, 106067708, 0, -313.140686, 818.575806, -181.391022, 1, 0, 0, 0, 4.00
M, 106067708, 1, -240.632721, 810.117615, -166.042969, 1, 0, 0, 0, 3.34
M, 106067708, 2, -316.315369, 816.916992, -223.900757, 1, 0, 0, 0, 4.00
M, 106067708, 3, -211.821899, 810.036682, -161.421616, 1, 0, 0, 0, 4.00
M, 106067708, 4, -268.223663, 816.423218, -175.011002, 1, 0, 0, 0, 4.00
M, 106067708, 5, -176.430420, 810.658997, -162.382263, 1, 0, 0, 0, 3.34
M, 106067708, 6, -152.805878, 811.580627, -163.476669, 1, 0, 0, 0, 4.00
M, 106067708, 7, -130.012497, 811.064087, -167.787628, 1, 0, 0, 0, 4.00
M, 106068750, 0, -313.140167, 818.574646, -181.390274, 1, 0, 0, 0, 4.00
M, 106068750, 1, -240.633331, 810.117126, -166.044022, 1, 0, 0, 0, 4.00
M, 106068750, 2, -316.285309, 816.925171, -223.882629, 1, 0, 0, 0, 3.55
M, 106068750, 3, -211.821899, 810.037354, -161.422211, 1, 0, 0, 0, 4.00
M, 106068750, 4, -268.222656, 816.423157, -175.010574, 1, 0, 0, 0, 4.00
M, 106068750, 5, -176.427856, 810.664124, -162.381577, 1, 0, 0, 0, 4.00
M, 106068750, 6, -152.781860, 811.610779, -163.468918, 1, 0, 0, 0, 3.52
M, 106068750, 7, -130.013306, 811.064331, -167.788406, 1, 0, 0, 0, 4.00
M, 106069792, 0, -313.139618, 818.573425, -181.389557, 1, 0, 0, 0, 4.00
M, 106069792, 1, -240.633209, 810.116150, -166.044312, 1, 0, 0, 0, 4.00
M, 106069792, 2, -316.292480, 816.922607, -223.888123, 1, 0, 0, 0, 4.00
M, 106069792, 3, -211.822708, 810.036621, -161.421265, 1, 0, 0, 0, 3.79
M, 106069792, 4, -268.221558, 816.423035, -175.010223, 1, 0, 0, 0, 4.00
M, 106069792, 5, -176.426605, 810.664063, -162.382202, 1, 0, 0, 0, 4.00
M, 106069792, 6, -152.786758, 811.605896, -163.471573, 1, 0, 0, 0, 4.00
M, 106069792, 7, -129.996170, 811.067078, -167.780472, 1, 0, 0, 0, 3.07
M, 106070833, 0, -313.137115, 818.589783, -181.393051, 1, 0, 0, 0, 3.57
M, 106070833, 1, -240.633087, 810.115173, -166.044617, 1, 0, 0, 0, 4.00
M, 106070833, 2, -316.290924, 816.922607, -223.888000, 1, 0, 0, 0, 4.00
M, 106070833, 3, -211.822525, 810.037476, -161.422150, 1, 0, 0, 0, 4.00
M, 106070833, 4, -268.221222, 816.436462, -175.023514, 1, 0, 0, 0, 3.32
M, 106070833, 5, -176.425354, 810.664063, -162.382858, 1, 0, 0, 0, 4.00
M, 106070833, 6, -152.784897, 811.609070, -163.471771, 1, 0, 0, 0, 4.00
M, 106070833, 7, -129.999954, 811.066833, -167.782684, 1, 0, 0, 0, 4.00
M, 106071875, 0, -313.136871, 818.585754, -181.391617, 1, 0, 0, 0, 4.00
M, 106071875, 1, -240.645966, 810.125732, -166.049408, 1, 0, 0, 0, 3.34
M, 106071875, 2, -316.289307, 816.922546, -223.887939, 1, 0, 0, 0, 4.00
M, 106071875, 3, -211.822586, 810.038086, -161.422577, 1, 0, 0, 0, 4.00
M, 106071875, 4, -268.220154, 816.434021, -175.020828, 1, 0, 0, 0, 4.00
M, 106071875, 5, -176.451767, 810.658264, -162.394073, 1, 0, 0, 0, 3.34
M, 106071875, 6, -152.782990, 811.612427, -163.471954, 1, 0, 0, 0, 4.00
M, 106071875, 7, -129.998825, 811.067322, -167.782501, 1, 0, 0, 0, 4.00
M, 106072917, 0, -313.136169, 818.586609, -181.391373, 1, 0, 0, 0, 4.00
M, 106072917, 1, -240.643753, 810.122681, -166.048965, 1, 0, 0, 0, 4.00
M, 106072917, 2, -316.308807, 816.926086, -223.908890, 1, 0, 0, 0, 3.55
M, 106072917, 3, -211.822617, 810.038757, -161.423050, 1, 0, 0, 0, 4.00
M, 106072917, 4, -268.219116, 816.435364, -175.021942, 1, 0, 0, 0, 4.00
M, 106072917, 5, -176.445984, 810.658997, -162.392990, 1, 0, 0, 0, 4.00
M, 106072917, 6, -152.793549, 811.604614, -163.483994, 1, 0, 0, 0, 3.52
M, 106072917, 7, -129.997635, 811.067932, -167.782333, 1, 0, 0, 0, 4.00
M, 106073958, 0, -313.135468, 818.587280, -181.391144, 1, 0, 0, 0, 4.00
M, 106073958, 1, -240.645065, 810.122986, -166.049744, 1, 0, 0, 0, 4.00
M, 106073958, 2, -316.303680, 816.925598, -223.905289, 1, 0, 0, 0, 4.00
M, 106073958, 3, -211.832718, 810.034607, -161.425369, 1, 0, 0, 0, 3.79
M, 106073958, 4, -268.218170, 816.436584, -175.023041, 1, 0, 0, 0, 4.00
M, 106073958, 5, -176.447739, 810.658325, -162.394775, 1, 0, 0, 0, 4.00
M, 106073958, 6, -152.789612, 811.609863, -163.482300, 1, 0, 0, 0, 4.00
M, 106073958, 7, -130.013397, 811.065491, -167.797104, 1, 0, 0, 0, 3.07
M, 106075000, 0, -313.135681, 818.587280, -181.385956, 1, 0, 0, 0, 3.57
M, 106075000, 1, -240.646408, 810.123230, -166.050568, 1, 0, 0, 0, 4.00
M, 106075000, 2, -316.304382, 816.925964, -223.907516, 1, 0, 0, 0, 4.00
M, 106075000, 3, -211.831146, 810.035828, -161.425522, 1, 0, 0, 0, 4.00
M, 106075000, 4, -268.218933, 816.431396, -175.021667, 1, 0, 0, 0, 3.32
M, 106075000, 5, -176.449524, 810.657715, -162.396576, 1, 0, 0, 0, 4.00
M, 106075000, 6, -152.789078, 811.611877, -163.483826, 1, 0, 0, 0, 4.00
M, 106075000, 7, -130.009491, 811.066467, -167.794479, 1, 0, 0, 0, 4.00
M, 106076042, 0, -313.134796, 818.588196, -181.386490, 1, 0, 0, 0, 4.00
M, 106076042, 1, -240.633179, 810.139771, -166.041779, 1, 0, 0, 0, 3.34
M, 106076042, 2, -316.305115, 816.926453, -223.909744, 1, 0, 0, 0, 4.00
M, 106076042, 3, -211.832275, 810.035889, -161.426208, 1, 0, 0, 0, 4.00
M, 106076042, 4, -268.217682, 816.433777, -175.023163, 1, 0, 0, 0, 4.00
M, 106076042, 5, -176.438980, 810.662354, -162.376328, 1, 0, 0, 0, 3.34
M, 106076042, 6, -152.788483, 811.614136, -163.485306, 1, 0, 0, 0, 4.00
M, 106076042, 7, -130.010208, 811.066650, -167.795944, 1, 0, 0, 0, 4.00
M, 106077083, 0, -313.134155, 818.588989, -181.385712, 1, 0, 0, 0, 4.00
M, 106077083, 1, -240.636902, 810.137451, -166.044128, 1, 0, 0, 0, 4.00
M, 106077083, 2, -316.292358, 816.928284, -223.890701, 1, 0, 0, 0, 3.55
M, 106077083, 3, -211.833435, 810.036072, -161.426865, 1, 0, 0, 0, 4.00
M, 106077083, 4, -268.216919, 816.434448, -175.023956, 1, 0, 0, 0, 4.00
M, 106077083, 5, -176.442825, 810.660583, -162.381790, 1, 0, 0, 0, 4.00
M, 106077083, 6, -152.786453, 811.607117, -163.475830, 1, 0, 0, 0, 3.52
M, 106077083, 7, -130.010895, 811.066833, -167.797409, 1, 0, 0, 0, 4.00
M, 106078125, 0, -313.133484, 818.589722, -181.384888, 1, 0, 0, 0, 4.00
M, 106078125, 1, -240.636566, 810.139526, -166.043869, 1, 0, 0, 0, 4.00
M, 106078125, 2, -316.295349, 816.928345, -223.896454, 1, 0, 0, 0, 4.00
M, 106078125, 3, -211.820740, 810.055420, -161.424927, 1, 0, 0, 0, 3.79
M, 106078125, 4, -268.216156, 816.435181, -175.024826, 1, 0, 0, 0, 4.00
M, 106078125, 5, -176.443268, 810.660645, -162.381195, 1, 0, 0, 0, 4.00
M, 106078125, 6, -152.786163, 811.610718, -163.479141, 1, 0, 0, 0, 4.00
M, 106078125, 7, -130.003769, 811.074036, -167.789780, 1, 0, 0, 0, 3.07
M, 106079167, 0, -313.134979, 818.599060, -181.395187, 1, 0, 0, 0, 3.57
M, 106079167, 1, -240.636307, 810.141602, -166.043594, 1, 0, 0, 0, 4.00
M, 106079167, 2, -316.294495, 816.928894, -223.896317, 1, 0, 0, 0, 4.00
M, 106079167, 3, -211.824188, 810.052307, -161.425995, 1, 0, 0, 0, 4.00
M, 106079167, 4, -268.220734, 816.447327, -175.023727, 1, 0, 0, 0, 3.32
M, 106079167, 5, -176.443710, 810.660522, -162.380600, 1, 0, 0, 0, 4.00
M, 106079167, 6, -152.785385, 811.611938, -163.479401, 1, 0, 0, 0, 4.00
M, 106079167, 7, -130.005798, 811.073120, -167.792725, 1, 0, 0, 0, 4.00
M, 106080208, 0, -313.134033, 818.598328, -181.392563, 1, 0, 0, 0, 4.00
M, 106080208, 1, -240.623489, 810.146362, -166.030670, 1, 0, 0, 0, 3.45
M, 106080208, 2, -316.293793, 816.929382, -223.896225, 1, 0, 0, 0, 4.00
M, 106080208, 3, -211.823807, 810.054504, -161.426392, 1, 0, 0, 0, 4.00
M, 106080208, 4, -268.219055, 816.446045, -175.024887, 1, 0, 0, 0, 4.00
M, 106080208, 5, -176.454834, 810.654175, -162.387360, 1, 0, 0, 0, 3.34
M, 106080208, 6, -152.784698, 811.612976, -163.479767, 1, 0, 0, 0, 4.00
M, 106080208, 7, -130.005646, 811.073975, -167.793167, 1, 0, 0, 0, 4.00
M, 106081250, 0, -313.133606, 818.600037, -181.392990, 1, 0, 0, 0, 4.00
M, 106081250, 1, -240.625275, 810.147949, -166.032516, 1, 0, 0, 0, 4.00
M, 106081250, 2, -316.302124, 816.940857, -223.905991, 1, 0, 0, 0, 3.55
M, 106081250, 3, -211.823456, 810.056580, -161.426743, 1, 0, 0, 0, 4.00
M, 106081250, 4, -268.218933, 816.447815, -175.025482, 1, 0, 0, 0, 4.00
M, 106081250, 5, -176.453552, 810.655151, -162.385544, 1, 0, 0, 0, 4.00
M, 106081250, 6, -152.787170, 811.611267, -163.480453, 1, 0, 0, 0, 3.52
M, 106081250, 7, -130.005524, 811.075012, -167.793686, 1, 0, 0, 0, 4.00
M, 106082292, 0, -313.133179, 818.601563, -181.393402, 1, 0, 0, 0, 4.00
M, 106082292, 1, -240.623642, 810.150391, -166.030869, 1, 0, 0, 0, 4.00
M, 106082292, 2, -316.299866, 816.939636, -223.904266, 1, 0, 0, 0, 4.00
M, 106082292, 3, -211.838150, 810.055237, -161.435150, 1, 0, 0, 0, 3.79
M, 106082292, 4, -268.218781, 816.449585, -175.026108, 1, 0, 0, 0, 4.00
M, 106082292, 5, -176.455093, 810.654297, -162.385757, 1, 0, 0, 0, 4.00
M, 106082292, 6, -152.785919, 811.612854, -163.480682, 1, 0, 0, 0, 4.00
M, 106082292, 7, -129.999176, 811.069824, -167.780777, 1, 0, 0, 0, 3.07
M, 106083333, 0, -313.131409, 818.593323, -181.388580, 1, 0, 0, 0, 3.57
M, 106083333, 1, -240.621933, 810.152710, -166.029175, 1, 0, 0, 0, 4.00
M, 106083333, 2, -316.300110, 816.941467, -223.905228, 1, 0, 0, 0, 4.00
M, 106083333, 3, -211.835251, 810.057922, -161.434189, 1, 0, 0, 0, 4.00
M, 106083333, 4, -268.214172, 816.453735, -175.023514, 1, 0, 0, 0, 3.32
M, 106083333, 5, -176.456711, 810.653625, -162.385956, 1, 0, 0, 0, 4.00
M, 106083333, 6, -152.785538, 811.613708, -163.481018, 1, 0, 0, 0, 4.00
M, 106083333, 7, -130.000076, 811.071777, -167.783463, 1, 0, 0, 0, 4.00
M, 106084375, 0, -313.131287, 818.596558, -181.389832, 1, 0, 0, 0, 4.00
M, 106084375, 1, -240.633057, 810.141785, -166.038712, 1, 0, 0, 0, 3.34
M, 106084375, 2, -316.300354, 816.943176, -223.906235, 1, 0, 0, 0, 4.00
M, 106084375, 3, -211.836563, 810.059753, -161.435440, 1, 0, 0, 0, 4.00
M, 106084375, 4, -268.214722, 816.455322, -175.024643, 1, 0, 0, 0, 4.00
M, 106084375, 5, -176.443649, 810.655151, -162.371124, 1, 0, 0, 0, 3.34
M, 106084375, 6, -152.785141, 811.614502, -163.481339, 1, 0, 0, 0, 4.00
M, 106084375, 7, -129.999237, 811.071960, -167.782471, 1, 0, 0, 0, 4.00
M, 106085417, 0, -313.130676, 818.597046, -181.389679, 1, 0, 0, 0, 4.00
M, 106085417, 1, -240.629333, 810.146301, -166.035217, 1, 0, 0, 0, 4.00
M, 106085417, 2, -316.283905, 816.938843, -223.882568, 1, 0, 0, 0, 3.55
M, 106085417, 3, -211.837875, 810.061401, -161.436752, 1, 0, 0, 0, 4.00
M, 106085417, 4, -268.214050, 816.457397, -175.024948, 1, 0, 0, 0, 4.00
M, 106085417, 5, -176.447647, 810.654053, -162.373764, 1, 0, 0, 0, 4.00
M, 106085417, 6, -152.782227, 811.606873, -163.479462, 1, 0, 0, 0, 3.52
M, 106085417, 7, -129.998444, 811.072205, -167.781494, 1, 0, 0, 0, 4.00
M, 106086458, 0, -313.130157, 818.597595, -181.389465, 1, 0, 0, 0, 4.00
M, 106086458, 1, -240.629089, 810.147217, -166.034836, 1, 0, 0, 0, 4.00
M, 106086458, 2, -316.286926, 816.941589, -223.887634, 1, 0, 0, 0, 4.00
M, 106086458, 3, -211.822083, 810.048645, -161.409637, 1, 0, 0, 0, 3.79
M, 106086458, 4, -268.213348, 816.459473, -175.025177, 1, 0, 0, 0, 4.00
M, 106086458, 5, -176.447586, 810.653564, -162.372314, 1, 0, 0, 0, 4.00
M, 106086458, 6, -152.782257, 811.609131, -163.480148, 1, 0, 0, 0, 4.00
M, 106086458, 7, -130.006042, 811.072998, -167.772217, 1, 0, 0, 0, 3.07
M, 106087500, 0, -313.128052, 818.583923, -181.388275, 1, 0, 0, 0, 3.57
M, 106087500, 1, -240.628860, 810.148010, -166.034393, 1, 0, 0, 0, 4.00
M, 106087500, 2, -316.285370, 816.942566, -223.885941, 1, 0, 0, 0, 4.00
M, 106087500, 3, -211.826157, 810.052917, -161.415543, 1, 0, 0, 0, 4.00
M, 106087500, 4, -268.207031, 816.449097, -175.003555, 1, 0, 0, 0, 3.32
M, 106087500, 5, -176.447586, 810.653198, -162.370880, 1, 0, 0, 0, 4.00
M, 106087500, 6, -152.781631, 811.609070, -163.480240, 1, 0, 0, 0, 4.00
M, 106087500, 7, -130.003799, 811.073364, -167.772614, 1, 0, 0, 0, 4.00
M, 106088542, 0, -313.127716, 818.586792, -181.388275, 1, 0, 0, 0, 4.00
M, 106088542, 1, -240.629425, 810.129333, -166.035767, 1, 0, 0, 0, 3.34
M, 106088542, 2, -316.283783, 816.943848, -223.884247, 1, 0, 0, 0, 4.00
M, 106088542, 3, -211.825562, 810.053101, -161.413696, 1, 0, 0, 0, 4.00
M, 106088542, 4, -268.207336, 816.453308, -175.007446, 1, 0, 0, 0, 4.00
M, 106088542, 5, -176.437759, 810.659302, -162.363068, 1, 0, 0, 0, 3.34
M, 106088542, 6, -152.780945, 811.609070, -163.480331, 1, 0, 0, 0, 4.00
M, 106088542, 7, -130.003891, 811.073730, -167.770706, 1, 0, 0, 0, 4.00
M, 106089583, 0, -313.127045, 818.585693, -181.388046, 1, 0, 0, 0, 4.00
M, 106089583, 1, -240.629028, 810.133423, -166.035080, 1, 0, 0, 0, 4.00
M, 106089583, 2, -316.280304, 816.951599, -223.885254, 1, 0, 0, 0, 3.55
M, 106089583, 3, -211.824966, 810.053162, -161.411835, 1, 0, 0, 0, 4.00
M, 106089583, 4, -268.206085, 816.453857, -175.005341, 1, 0, 0, 0, 4.00
M, 106089583, 5, -176.439362, 810.657776, -162.362656, 1, 0, 0, 0, 4.00
M, 106089583, 6, -152.768661, 811.621521, -163.463440, 1, 0, 0, 0, 3.52
M, 106089583, 7, -130.003952, 811.074158, -167.768799, 1, 0, 0, 0, 4.00
M, 106090625, 0, -313.126282, 818.584656, -181.387741, 1, 0, 0, 0, 4.00
M, 106090625, 1, -240.628906, 810.132080, -166.034836, 1, 0, 0, 0, 4.00
M, 106090625, 2, -316.278992, 816.951538, -223.883102, 1, 0, 0, 0, 4.00
M, 106090625, 3, -211.819778, 810.047485, -161.413422, 1, 0, 0, 0, 3.79
M, 106090625, 4, -268.204773, 816.454773, -175.003220, 1, 0, 0, 0, 4.00
M, 106090625, 5, -176.438263, 810.658081, -162.360504, 1, 0, 0, 0, 4.00
M, 106090625, 6, -152.769943, 811.619263, -163.466293, 1, 0, 0, 0, 4.00
M, 106090625, 7, -129.996567, 811.072021, -167.764618, 1, 0, 0, 0, 3.07
M, 106091667, 0, -313.129791, 818.592163, -181.386368, 1, 0, 0, 0, 3.57
M, 106091667, 1, -240.628738, 810.130981, -166.034622, 1, 0, 0, 0, 4.00
M, 106091667, 2, -316.277222, 816.953308, -223.881744, 1, 0, 0, 0, 4.00
M, 106091667, 3, -211.819962, 810.048706, -161.410950, 1, 0, 0, 0, 4.00
M, 106091667, 4, -268.219910, 816.439209, -175.009628, 1, 0, 0, 0, 3.32
M, 106091667, 5, -176.437164, 810.658264, -162.358368, 1, 0, 0, 0, 4.00
M, 106091667, 6, -152.768066, 811.620483, -163.464569, 1, 0, 0, 0, 4.00
M, 106091667, 7, -129.997925, 811.072754, -167.763107, 1, 0, 0, 0, 4.00
M, 106092708, 0, -313.128296, 818.589844, -181.386246, 1, 0, 0, 0, 4.00
M, 106092708, 1, -240.619431, 810.139160, -166.032639, 1, 0, 0, 0, 3.34
M, 106092708, 2, -316.275421, 816.955078, -223.880310, 1, 0, 0, 0, 4.00
M, 106092708, 3, -211.818832, 810.048157, -161.409515, 1, 0, 0, 0, 4.00
M, 106092708, 4, -268.215973, 816.442505, -175.006088, 1, 0, 0, 0, 4.00
M, 106092708, 5, -176.445984, 810.662781, -162.368378, 1, 0, 0, 0, 3.34
M, 106092708, 6, -152.766159, 811.621704, -163.462784, 1, 0, 0, 0, 4.00
M, 106092708, 7, -129.997192, 811.072876, -167.760986, 1, 0, 0, 0, 4.00
M, 106093750, 0, -313.128052, 818.589844, -181.385834, 1, 0, 0, 0, 4.00
M, 106093750, 1, -240.620743, 810.136414, -166.032684, 1, 0, 0, 0, 4.00
M, 106093750, 2, -316.292114, 816.929993, -223.884277, 1, 0, 0, 0, 3.55
M, 106093750, 3, -211.817764, 810.047729, -161.408005, 1, 0, 0, 0, 4.00
M, 106093750, 4, -268.216431, 816.441528, -175.004883, 1, 0, 0, 0, 4.00
M, 106093750, 5, -176.443298, 810.662231, -162.364258, 1, 0, 0, 0, 4.00
M, 106093750, 6, -152.779449, 811.604187, -163.468140, 1, 0, 0, 0, 3.52
M, 106093750, 7, -129.996445, 811.072937, -167.758835, 1, 0, 0, 0, 4.00
M, 106094792, 0, -313.127838, 818.589783, -181.385422, 1, 0, 0, 0, 4.00
M, 106094792, 1, -240.619614, 810.136230, -166.032272, 1, 0, 0, 0, 4.00
M, 106094792, 2, -316.287292, 816.936340, -223.881973, 1, 0, 0, 0, 4.00
M, 106094792, 3, -211.818741, 810.039246, -161.412109, 1, 0, 0, 0, 3.79
M, 106094792, 4, -268.216980, 816.440369, -175.003723, 1, 0, 0, 0, 4.00
M, 106094792, 5, -176.443298, 810.662781, -162.363434, 1, 0, 0, 0, 4.00
M, 106094792, 6, -152.775009, 811.608643, -163.465225, 1, 0, 0, 0, 4.00
M, 106094792, 7, -130.008179, 811.075317, -167.765213, 1, 0, 0, 0, 3.07
M, 106095833, 0, -313.130096, 818.590881, -181.388214, 1, 0, 0, 0, 3.57
M, 106095833, 1, -240.618423, 810.136108, -166.031860, 1, 0, 0, 0, 4.00
M, 106095833, 2, -316.287476, 816.935181, -223.881134, 1, 0, 0, 0, 4.00
M, 106095833, 3, -211.817276, 810.040222, -161.409698, 1, 0, 0, 0, 4.00
M, 106095833, 4, -268.210968, 816.447632, -175.010284, 1, 0, 0, 0, 3.32
M, 106095833, 5, -176.443298, 810.663452, -162.362656, 1, 0, 0, 0, 4.00
M, 106095833, 6, -152.774765, 811.607910, -163.464264, 1, 0, 0, 0, 4.00
M, 106095833, 7, -130.005386, 811.075012, -167.761703, 1, 0, 0, 0, 4.00
M, 106096875, 0, -313.129425, 818.590576, -181.387390, 1, 0, 0, 0, 4.00
M, 106096875, 1, -240.630051, 810.133789, -166.035431, 1, 0, 0, 0, 3.34
M, 106096875, 2, -316.287720, 816.934204, -223.880310, 1, 0, 0, 0, 4.00
M, 106096875, 3, -211.816391, 810.038940, -161.408798, 1, 0, 0, 0, 4.00
M, 106096875, 4, -268.212585, 816.445190, -175.007782, 1, 0, 0, 0, 4.00
M, 106096875, 5, -176.442368, 810.656250, -162.364258, 1, 0, 0, 0, 3.34
M, 106096875, 6, -152.774536, 811.607178, -163.463257, 1, 0, 0, 0, 4.00
M, 106096875, 7, -130.006073, 811.075256, -167.760483, 1, 0, 0, 0, 4.00
M, 106097917, 0, -313.129486, 818.590576, -181.387329, 1, 0, 0, 0, 4.00
M, 106097917, 1, -240.626770, 810.133972, -166.034332, 1, 0, 0, 0, 4.00
M, 106097917, 2, -316.300293, 816.927368, -223.889069, 1, 0, 0, 0, 3.98
M, 106097917, 3, -211.815521, 810.037598, -161.407974, 1, 0, 0, 0, 4.00
M, 106097917, 4, -268.212341, 816.445068, -175.007416, 1, 0, 0, 0, 4.00
M, 106097917, 5, -176.442581, 810.658081, -162.363068, 1, 0, 0, 0, 4.00
M, 106097917, 6, -152.783707, 811.596558, -163.471603, 1, 0, 0, 0, 3.52
M, 106097917, 7, -130.006760, 811.075500, -167.759293, 1, 0, 0, 0, 4.00
M, 106098958, 0, -313.129486, 818.590576, -181.387329, 1, 0, 0, 0, 4.00
M, 106098958, 1, -240.626953, 810.133484, -166.034332, 1, 0, 0, 0, 4.00
M, 106098958, 2, -316.298492, 816.927124, -223.886719, 1, 0, 0, 0, 4.00
M, 106098958, 3, -211.822281, 810.043762, -161.409302, 1, 0, 0, 0, 3.79
M, 106098958, 4, -268.212158, 816.444946, -175.007065, 1, 0, 0, 0, 4.00
M, 106098958, 5, -176.442490, 810.657898, -162.362534, 1, 0, 0, 0, 4.00
M, 106098958, 6, -152.781891, 811.597473, -163.469101, 1, 0, 0, 0, 4.00
M, 106098958, 7, -129.998291, 811.074585, -167.767426, 1, 0, 0, 0, 3.07
M, 106100000, 0, -313.133972, 818.580322, -181.382675, 1, 0, 0, 0, 3.57
M, 106100000, 1, -240.627243, 810.132996, -166.034363, 1, 0, 0, 0, 4.00
M, 106100000, 2, -316.300110, 816.925293, -223.886917, 1, 0, 0, 0, 4.00
M, 106100000, 3, -211.820145, 810.041321, -161.408051, 1, 0, 0, 0, 4.00
M, 106100000, 4, -268.215088, 816.443970, -175.004318, 1, 0, 0, 0, 3.32
M, 106100000, 5, -176.442398, 810.657654, -162.362030, 1, 0, 0, 0, 4.00
M, 106100000, 6, -152.782639, 811.595642, -163.469101, 1, 0, 0, 0, 4.00
M, 106100000, 7, -130.000427, 811.075012, -167.764679, 1, 0, 0, 0, 4.00
M, 106101042, 0, -313.133301, 818.582031, -181.383453, 1, 0, 0, 0, 4.00
M, 106101042, 1, -240.626297, 810.138306, -166.046585, 1, 0, 0, 0, 3.34
M, 106101042, 2, -316.301666, 816.923584, -223.887161, 1, 0, 0, 0, 4.00
M, 106101042, 3, -211.820114, 810.040771, -161.407425, 1, 0, 0, 0, 4.00
M, 106101042, 4, -268.214355, 816.444031, -175.004379, 1, 0, 0, 0, 4.00
M, 106101042, 5, -176.441742, 810.661743, -162.374908, 1, 0, 0, 0, 3.34
M, 106101042, 6, -152.783417, 811.593811, -163.469162, 1, 0, 0, 0, 4.00
M, 106101042, 7, -130.000137, 811.075134, -167.764511, 1, 0, 0, 0, 4.00
M, 106102083, 0, -313.133789, 818.580872, -181.382919, 1, 0, 0, 0, 4.00
M, 106102083, 1, -240.626709, 810.137024, -166.044556, 1, 0, 0, 0, 4.00
M, 106102083, 2, -316.281738, 816.930237, -223.879181, 1, 0, 0, 0, 3.55
M, 106102083, 3, -211.820023, 810.040283, -161.406769, 1, 0, 0, 0, 4.00
M, 106102083, 4, -268.214478, 816.443848, -175.003784, 1, 0, 0, 0, 4.00
M, 106102083, 5, -176.441742, 810.660950, -162.372162, 1, 0, 0, 0, 4.00
M, 106102083, 6, -152.781570, 811.605286, -163.466324, 1, 0, 0, 0, 3.52
M, 106102083, 7, -129.999771, 811.075256, -167.764328, 1, 0, 0, 0, 4.00
M, 106103125, 0, -313.134277, 818.579834, -181.382370, 1, 0, 0, 0, 4.00
M, 106103125, 1, -240.626801, 810.137268, -166.045929, 1, 0, 0, 0, 4.00
M, 106103125, 2, -316.286865, 816.926941, -223.880722, 1, 0, 0, 0, 4.00
M, 106103125, 3, -211.813736, 810.043457, -161.410049, 1, 0, 0, 0, 3.79
M, 106103125, 4, -268.214661, 816.443604, -175.003189, 1, 0, 0, 0, 4.00
M, 106103125, 5, -176.441574, 810.661133, -162.373062, 1, 0, 0, 0, 4.00
M, 106103125, 6, -152.782791, 811.601135, -163.466827, 1, 0, 0, 0, 4.00
M, 106103125, 7, -129.996948, 811.079224, -167.772675, 1, 0, 0, 0, 3.07
M, 106104167, 0, -313.132965, 818.587463, -181.385513, 1, 0, 0, 0, 3.57
M, 106104167, 1, -240.626892, 810.137451, -166.047241, 1, 0, 0, 0, 4.00
M, 106104167, 2, -316.286163, 816.926147, -223.880066, 1, 0, 0, 0, 4.00
M, 106104167, 3, -211.814713, 810.042297, -161.408768, 1, 0, 0, 0, 4.00
M, 106104167, 4, -268.222412, 816.442078, -175.019287, 1, 0, 0, 0, 3.32
M, 106104167, 5, -176.441452, 810.661377, -162.374008, 1, 0, 0, 0, 4.00
M, 106104167, 6, -152.783295, 811.600769, -163.466599, 1, 0, 0, 0, 4.00
M, 106104167, 7, -129.997009, 811.078735, -167.771057, 1, 0, 0, 0, 4.00
M, 106105208, 0, -313.133667, 818.585144, -181.384338, 1, 0, 0, 0, 4.00
M, 106105208, 1, -240.632248, 810.140076, -166.053558, 1, 0, 0, 0, 3.34
M, 106105208, 2, -316.285309, 816.925232, -223.879379, 1, 0, 0, 0, 4.00
M, 106105208, 3, -211.814011, 810.042175, -161.408600, 1, 0, 0, 0, 4.00
M, 106105208, 4, -268.221344, 816.442078, -175.015945, 1, 0, 0, 0, 4.00
M, 106105208, 5, -176.456528, 810.640442, -162.374878, 1, 0, 0, 0, 3.34
M, 106105208, 6, -152.783768, 811.600342, -163.466293, 1, 0, 0, 0, 4.00
M, 106105208, 7, -129.996384, 811.079346, -167.771835, 1, 0, 0, 0, 4.00
M, 106106250, 0, -313.133972, 818.585083, -181.384171, 1, 0, 0, 0, 4.00
M, 106106250, 1, -240.631470, 810.139893, -166.054031, 1, 0, 0, 0, 4.00
M, 106106250, 2, -316.284790, 816.932617, -223.890854, 1, 0, 0, 0, 3.55
M, 106106250, 3, -211.813293, 810.042053, -161.408417, 1, 0, 0, 0, 4.00
M, 106106250, 4, -268.222412, 816.441589, -175.017197, 1, 0, 0, 0, 4.00
M, 106106250, 5, -176.453812, 810.644287, -162.375763, 1, 0, 0, 0, 4.00
M, 106106250, 6, -152.788635, 811.591370, -163.485489, 1, 0, 0, 0, 3.52
M, 106106250, 7, -129.995789, 811.079895, -167.772552, 1, 0, 0, 0, 4.00
M, 106107292, 0, -313.134277, 818.584961, -181.384018, 1, 0, 0, 0, 4.00
M, 106107292, 1, -240.632126, 810.140381, -166.055939, 1, 0, 0, 0, 4.00
M, 106107292, 2, -316.283966, 816.930542, -223.888168, 1, 0, 0, 0, 4.00
M, 106107292, 3, -211.828156, 810.025513, -161.421173, 1, 0, 0, 0, 3.79
M, 106107292, 4, -268.223358, 816.441284, -175.018417, 1, 0, 0, 0, 4.00
M, 106107292, 5, -176.455338, 810.642395, -162.376663, 1, 0, 0, 0, 4.00
M, 106107292, 6, -152.788391, 811.592407, -163.481995, 1, 0, 0, 0, 4.00
M, 106107292, 7, -130.008606, 811.075867, -167.782623, 1, 0, 0, 0, 3.07
M, 106108333, 0, -313.129486, 818.584045, -181.385529, 1, 0, 0, 0, 3.57
M, 106108333, 1, -240.632782, 810.140930, -166.057785, 1, 0, 0, 0, 4.00
M, 106108333, 2, -316.283173, 816.930664, -223.888824, 1, 0, 0, 0, 4.00
M, 106108333, 3, -211.824844, 810.028137, -161.418808, 1, 0, 0, 0, 4.00
M, 106108333, 4, -268.212860, 816.443848, -175.007187, 1, 0, 0, 0, 3.32
M, 106108333, 5, -176.456802, 810.640381, -162.377579, 1, 0, 0, 0, 4.00
M, 106108333, 6, -152.789368, 811.591003, -163.483871, 1, 0, 0, 0, 4.00
M, 106108333, 7, -130.005737, 811.077271, -167.781845, 1, 0, 0, 0, 4.00
M, 106109375, 0, -313.130615, 818.584106, -181.385117, 1, 0, 0, 0, 4.00
M, 106109375, 1, -240.627777, 810.138306, -166.042877, 1, 0, 0, 0, 3.34
M, 106109375, 2, -316.282471, 816.930786, -223.889481, 1, 0, 0, 0, 4.00
M, 106109375, 3, -211.825745, 810.026367, -161.420013, 1, 0, 0, 0, 4.00
M, 106109375, 4, -268.215729, 816.443115, -175.010468, 1, 0, 0, 0, 4.00
M, 106109375, 5, -176.436295, 810.657227, -162.375412, 1, 0, 0, 0, 3.34
M, 106109375, 6, -152.790390, 811.589661, -163.485733, 1, 0, 0, 0, 4.00
M, 106109375, 7, -130.006577, 811.077393, -167.783585, 1, 0, 0, 0, 4.00
M, 106110417, 0, -313.130341, 818.583862, -181.385178, 1, 0, 0, 0, 4.00
M, 106110417, 1, -240.629395, 810.139221, -166.047562, 1, 0, 0, 0, 4.00
M, 106110417, 2, -316.273987, 816.925781, -223.893417, 1, 0, 0, 0, 3.55
M, 106110417, 3, -211.826721, 810.024414, -161.421204, 1, 0, 0, 0, 4.00
M, 106110417, 4, -268.215485, 816.443054, -175.010345, 1, 0, 0, 0, 4.00
M, 106110417, 5, -176.441391, 810.652222, -162.376846, 1, 0, 0, 0, 4.00
M, 106110417, 6, -152.786209, 811.601074, -163.472488, 1, 0, 0, 0, 3.52
M, 106110417, 7, -130.007401, 811.077576, -167.785309, 1, 0, 0, 0, 4.00
M, 106111458, 0, -313.130157, 818.583679, -181.385208, 1, 0, 0, 0, 4.00
M, 106111458, 1, -240.629456, 810.139404, -166.047623, 1, 0, 0, 0, 4.00
M, 106111458, 2, -316.274536, 816.926758, -223.893539, 1, 0, 0, 0, 4.00
M, 106111458, 3, -211.819016, 810.042664, -161.429306, 1, 0, 0, 0, 3.79
M, 106111458, 4, -268.215179, 816.443054, -175.010162, 1, 0, 0, 0, 4.00
M, 106111458, 5, -176.440491, 810.652222, -162.377411, 1, 0, 0, 0, 4.00
M, 106111458, 6, -152.788040, 811.597595, -163.476837, 1, 0, 0, 0, 4.00
M, 106111458, 7, -130.001740, 811.080261, -167.783157, 1, 0, 0, 0, 3.07
M, 106112500, 0, -313.143372, 818.575867, -181.379639, 1, 0, 0, 0, 3.57
M, 106112500, 1, -240.629517, 810.139526, -166.047714, 1, 0, 0, 0, 4.00
M, 106112500, 2, -316.272919, 816.926270, -223.894547, 1, 0, 0, 0, 4.00
M, 106112500, 3, -211.821457, 810.037537, -161.429398, 1, 0, 0, 0, 4.00
M, 106112500, 4, -268.244995, 816.418762, -175.004120, 1, 0, 0, 0, 3.32
M, 106112500, 5, -176.439606, 810.652283, -162.377975, 1, 0, 0, 0, 4.00
M, 106112500, 6, -152.788452, 811.597595, -163.477020, 1, 0, 0, 0, 4.00
M, 106112500, 7, -130.003677, 811.079834, -167.785599, 1, 0, 0, 0, 4.00
M, 106113542, 0, -313.140930, 818.577026, -181.380646, 1, 0, 0, 0, 4.00
M, 106113542, 1, -240.638336, 810.139587, -166.052963, 1, 0, 0, 0, 3.34
M, 106113542, 2, -316.271362, 816.925781, -223.895538, 1, 0, 0, 0, 4.00
M, 106113542, 3, -211.821457, 810.037842, -161.431335, 1, 0, 0, 0, 4.00
M, 106113542, 4, -268.239807, 816.422791, -175.004913, 1, 0, 0, 0, 4.00
M, 106113542, 5, -176.460495, 810.650208, -162.378159, 1, 0, 0, 0, 3.34
M, 106113542, 6, -152.788895, 811.597656, -163.477234, 1, 0, 0, 0, 4.00
M, 106113542, 7, -130.003830, 811.080200, -167.786911, 1, 0, 0, 0, 4.00
M, 106114583, 0, -313.142120, 818.575928, -181.380081, 1, 0, 0, 0, 4.00
M, 106114583, 1, -240.636963, 810.139709, -166.052185, 1, 0, 0, 0, 4.00
M, 106114583, 2, -316.289734, 816.926880, -223.899979, 1, 0, 0, 0, 3.55
M, 106114583, 3, -211.821518, 810.038208, -161.433365, 1, 0, 0, 0, 4.00
M, 106114583, 4, -268.242798, 816.419983, -175.004196, 1, 0, 0, 0, 4.00
M, 106114583, 5, -176.455963, 810.650574, -162.378784, 1, 0, 0, 0, 4.00
M, 106114583, 6, -152.801300, 811.587646, -163.481018, 1, 0, 0, 0, 3.52
M, 106114583, 7, -130.003983, 811.080566, -167.788284, 1, 0, 0, 0, 4.00
M, 106115625, 0, -313.143311, 818.575012, -181.379517, 1, 0, 0, 0, 4.00
M, 106115625, 1, -240.637970, 810.139832, -166.052780, 1, 0, 0, 0, 4.00
M, 106115625, 2, -316.284851, 816.926270, -223.900452, 1, 0, 0, 0, 4.00
M, 106115625, 3, -211.816986, 810.040710, -161.419495, 1, 0, 0, 0, 3.96
M, 106115625, 4, -268.245758, 816.417297, -175.003403, 1, 0, 0, 0, 4.00
M, 106115625, 5, -176.457489, 810.650330, -162.379349, 1, 0, 0, 0, 4.00
M, 106115625, 6, -152.799683, 811.589417, -163.480606, 1, 0, 0, 0, 4.00
M, 106115625, 7, -130.008392, 811.077820, -167.788879, 1, 0, 0, 0, 3.07
M, 106116667, 0, -313.139740, 818.580750, -181.375580, 1, 0, 0, 0, 3.57
M, 106116667, 1, -240.638962, 810.140015, -166.053375, 1, 0, 0, 0, 4.00
M, 106116667, 2, -316.285431, 816.925964, -223.901825, 1, 0, 0, 0, 4.00
M, 106116667, 3, -211.817764, 810.040588, -161.424057, 1, 0, 0, 0, 4.00
M, 106116667, 4, -268.258942, 816.417664, -174.999191, 1, 0, 0, 0, 3.32
M, 106116667, 5, -176.458969, 810.650085, -162.379883, 1, 0, 0, 0, 4.00
M, 106116667, 6, -152.801468, 811.588257, -163.481232, 1, 0, 0, 0, 4.00
M, 106116667, 7, -130.007828, 811.078674, -167.790314, 1, 0, 0, 0, 4.00
M, 106117708, 0, -313.141785, 818.578613, -181.375580, 1, 0, 0, 0, 4.00
M, 106117708, 1, -240.636536, 810.140076, -166.041122, 1, 0, 0, 0, 3.34
M, 106117708, 2, -316.286041, 816.925842, -223.903229, 1, 0, 0, 0, 4.00
M, 106117708, 3, -211.817276, 810.041138, -161.424332, 1, 0, 0, 0, 4.00
M, 106117708, 4, -268.260315, 816.414429, -174.998962, 1, 0, 0, 0, 4.00
M, 106117708, 5, -176.467087, 810.652222, -162.384705, 1, 0, 0, 0, 3.34
M, 106117708, 6, -152.803177, 811.587219, -163.481857, 1, 0, 0, 0, 4.00
M, 106117708, 7, -130.008484, 811.078674, -167.791595, 1, 0, 0, 0, 4.00
M, 106118750, 0, -313.142487, 818.578125, -181.374664, 1, 0, 0, 0, 4.00
M, 106118750, 1, -240.638092, 810.140320, -166.043869, 1, 0, 0, 0, 4.00
M, 106118750, 2, -316.282471, 816.924683, -223.886322, 1, 0, 0, 0, 3.55
M, 106118750, 3, -211.816864, 810.041748, -161.424530, 1, 0, 0, 0, 4.00
M, 106118750, 4, -268.264374, 816.412048, -174.997772, 1, 0, 0, 0, 4.00
M, 106118750, 5, -176.467438, 810.651794, -162.384537, 1, 0, 0, 0, 4.00
M, 106118750, 6, -152.790955, 811.596375, -163.471573, 1, 0, 0, 0, 3.52
M, 106118750, 7, -130.009079, 811.078613, -167.792816, 1, 0, 0, 0, 4.00
M, 106119792, 0, -313.143219, 818.577820, -181.373734, 1, 0, 0, 0, 4.00
M, 106119792, 1, -240.638779, 810.140381, -166.043121, 1, 0, 0, 0, 4.00
M, 106119792, 2, -316.283722, 816.924438, -223.890701, 1, 0, 0, 0, 4.00
M, 106119792, 3, -211.831345, 810.035767, -161.416672, 1, 0, 0, 0, 3.79
M, 106119792, 4, -268.268524, 816.409668, -174.996597, 1, 0, 0, 0, 4.00
M, 106119792, 5, -176.469650, 810.651794, -162.385544, 1, 0, 0, 0, 4.00
M, 106119792, 6, -152.794983, 811.593811, -163.473984, 1, 0, 0, 0, 4.00
M, 106119792, 7, -130.005356, 811.079834, -167.776306, 1, 0, 0, 0, 3.07
M, 106120833, 0, -313.146118, 818.574646, -181.382736, 1, 0, 0, 0, 3.57
M, 106120833, 1, -240.639435, 810.140442, -166.042343, 1, 0, 0, 0, 4.00
M, 106120833, 2, -316.283905, 816.924011, -223.890167, 1, 0, 0, 0, 4.00
M, 106120833, 3, -211.828369, 810.037476, -161.418213, 1, 0, 0, 0, 4.00
M, 106120833, 4, -268.268494, 816.393188, -174.954727, 1, 0, 0, 0, 3.32
M, 106120833, 5, -176.471848, 810.651855, -162.386490, 1, 0, 0, 0, 4.00
M, 106120833, 6, -152.795151, 811.593811, -163.473389, 1, 0, 0, 0, 4.00
M, 106120833, 7, -130.006699, 811.079590, -167.780472, 1, 0, 0, 0, 4.00
M, 106121875, 0, -313.146423, 818.574707, -181.380203, 1, 0, 0, 0, 4.00
M, 106121875, 1, -240.645035, 810.120972, -166.039124, 1, 0, 0, 0, 3.34
M, 106121875, 2, -316.283997, 816.923584, -223.889542, 1, 0, 0, 0, 4.00
M, 106121875, 3, -211.829529, 810.037354, -161.417618, 1, 0, 0, 0, 4.00
M, 106121875, 4, -268.273315, 816.393250, -174.960281, 1, 0, 0, 0, 4.00
M, 106121875, 5, -176.457245, 810.657288, -162.372009, 1, 0, 0, 0, 3.34
M, 106121875, 6, -152.795364, 811.593933, -163.472794, 1, 0, 0, 0, 4.00
M, 106121875, 7, -130.006805, 811.079834, -167.779816, 1, 0, 0, 0, 4.00
M, 106122917, 0, -313.147369, 818.574280, -181.380356, 1, 0, 0, 0, 4.00
M, 106122917, 1, -240.644821, 810.124390, -166.038742, 1, 0, 0, 0, 4.00
M, 106122917, 2, -316.294983, 816.915649, -223.890564, 1, 0, 0, 0, 3.55
M, 106122917, 3, -211.830688, 810.037109, -161.416962, 1, 0, 0, 0, 4.00
M, 106122917, 4, -268.276947, 816.389465, -174.954666, 1, 0, 0, 0, 4.00
M, 106122917, 5, -176.462250, 810.656433, -162.375595, 1, 0, 0, 0, 4.00
M, 106122917, 6, -152.793076, 811.598572, -163.467072, 1, 0, 0, 0, 3.52
M, 106122917, 7, -130.006927, 811.080017, -167.779144, 1, 0, 0, 0, 4.00
M, 106123958, 0, -313.148315, 818.573669, -181.380493, 1, 0, 0, 0, 4.00
M, 106123958, 1, -240.646027, 810.122375, -166.037674, 1, 0, 0, 0, 4.00
M, 106123958, 2, -316.293304, 816.916565, -223.889664, 1, 0, 0, 0, 4.00
M, 106123958, 3, -211.835876, 810.036621, -161.418457, 1, 0, 0, 0, 3.79
M, 106123958, 4, -268.280579, 816.385437, -174.949066, 1, 0, 0, 0, 4.00
M, 106123958, 5, -176.462616, 810.657227, -162.374939, 1, 0, 0, 0, 4.00
M, 106123958, 6, -152.793671, 811.597900, -163.467300, 1, 0, 0, 0, 4.00
M, 106123958, 7, -130.008743, 811.064758, -167.779617, 1, 0, 0, 0, 3.07
M, 106125000, 0, -313.142487, 818.582092, -181.380356, 1, 0, 0, 0, 3.57
M, 106125000, 1, -240.647186, 810.120422, -166.036621, 1, 0, 0, 0, 4.00
M, 106125000, 2, -316.294617, 816.915344, -223.889191, 1, 0, 0, 0, 4.00
M, 106125000, 3, -211.836411, 810.036499, -161.417450, 1, 0, 0, 0, 4.00
M, 106125000, 4, -268.272644, 816.383179, -174.966766, 1, 0, 0, 0, 3.32
M, 106125000, 5, -176.462967, 810.657959, -162.374252, 1, 0, 0, 0, 4.00
M, 106125000, 6, -152.793640, 811.598450, -163.466171, 1, 0, 0, 0, 4.00
M, 106125000, 7, -130.008606, 811.067444, -167.778748, 1, 0, 0, 0, 4.00
M, 106126042, 0, -313.144562, 818.579956, -181.380585, 1, 0, 0, 0, 4.00
M, 106126042, 1, -240.644913, 810.134827, -166.036087, 1, 0, 0, 0, 3.34
M, 106126042, 2, -316.295990, 816.914063, -223.888763, 1, 0, 0, 0, 4.00
M, 106126042, 3, -211.838028, 810.036255, -161.417023, 1, 0, 0, 0, 4.00
M, 106126042, 4, -268.278259, 816.379089, -174.957321, 1, 0, 0, 0, 4.00
M, 106126042, 5, -176.465591, 810.644226, -162.374283, 1, 0, 0, 0, 3.34
M, 106126042, 6, -152.793549, 811.598999, -163.465042, 1, 0, 0, 0, 4.00
M, 106126042, 7, -130.008896, 811.065918, -167.778152, 1, 0, 0, 0, 4.00
M, 106127083, 0, -313.144806, 818.580261, -181.380707, 1, 0, 0, 0, 4.00
M, 106127083, 1, -240.646683, 810.130005, -166.034958, 1, 0, 0, 0, 4.00
M, 106127083, 2, -316.276154, 816.941589, -223.889130, 1, 0, 0, 0, 3.55
M, 106127083, 3, -211.839600, 810.036133, -161.416611, 1, 0, 0, 0, 4.00
M, 106127083, 4, -268.280640, 816.375305, -174.954254, 1, 0, 0, 0, 4.00
M, 106127083, 5, -176.465591, 810.647278, -162.373505, 1, 0, 0, 0, 4.00
M, 106127083, 6, -152.796494, 811.594666, -163.466263, 1, 0, 0, 0, 3.52
M, 106127083, 7, -130.009232, 811.064331, -167.777618, 1, 0, 0, 0, 4.00
M, 106128125, 0, -313.144989, 818.580627, -181.380798, 1, 0, 0, 0, 4.00
M, 106128125, 1, -240.647507, 810.129822, -166.033997, 1, 0, 0, 0, 4.00
M, 106128125, 2, -316.280975, 816.935486, -223.888565, 1, 0, 0, 0, 4.00
M, 106128125, 3, -211.834900, 810.038269, -161.411011, 1, 0, 0, 0, 3.79
M, 106128125, 4, -268.283081, 816.371643, -174.951218, 1, 0, 0, 0, 4.00
M, 106128125, 5, -176.466217, 810.646179, -162.372879, 1, 0, 0, 0, 4.00
M, 106128125, 6, -152.795929, 811.596069, -163.464691, 1, 0, 0, 0, 4.00
M, 106128125, 7, -130.008545, 811.071960, -167.773743, 1, 0, 0, 0, 3.07
M, 106129167, 0, -313.139038, 818.590942, -181.392273, 1, 0, 0, 0, 3.57
M, 106129167, 1, -240.648315, 810.129517, -166.033051, 1, 0, 0, 0, 4.00
M, 106129167, 2, -316.279968, 816.937439, -223.888168, 1, 0, 0, 0, 4.00
M, 106129167, 3, -211.837601, 810.037537, -161.411484, 1, 0, 0, 0, 4.00
M, 106129167, 4, -268.210358, 816.451782, -175.011887, 1, 0, 0, 0, 3.37
M, 106129167, 5, -176.466843, 810.645325, -162.372284, 1, 0, 0, 0, 4.00
M, 106129167, 6, -152.796173, 811.596130, -163.463791, 1, 0, 0, 0, 4.00
M, 106129167, 7, -130.009079, 811.068848, -167.773743, 1, 0, 0, 0, 4.00
M, 106130208, 0, -313.140289, 818.589600, -181.390549, 1, 0, 0, 0, 4.00
M, 106130208, 1, -240.654160, 810.121033, -166.031708, 1, 0, 0, 0, 3.34
M, 106130208, 2, -316.279053, 816.939270, -223.887909, 1, 0, 0, 0, 4.00
M, 106130208, 3, -211.838531, 810.037537, -161.410507, 1, 0, 0, 0, 4.00
M, 106130208, 4, -268.225281, 816.434204, -174.998306, 1, 0, 0, 0, 4.00
M, 106130208, 5, -176.459961, 810.651306, -162.362244, 1, 0, 0, 0, 3.34
M, 106130208, 6, -152.796402, 811.596313, -163.462860, 1, 0, 0, 0, 4.00
M, 106130208, 7, -130.009262, 811.068237, -167.772842, 1, 0, 0, 0, 4.00
M, 106131250, 0, -313.139801, 818.591125, -181.391861, 1, 0, 0, 0, 4.00
M, 106131250, 1, -240.654129, 810.122192, -166.030762, 1, 0, 0, 0, 4.00
M, 106131250, 2, -316.287659, 816.949158, -223.895508, 1, 0, 0, 0, 3.55
M, 106131250, 3, -211.839447, 810.037537, -161.409515, 1, 0, 0, 0, 4.00
M, 106131250, 4, -268.219421, 816.439575, -175.002243, 1, 0, 0, 0, 4.00
M, 106131250, 5, -176.461838, 810.649231, -162.363190, 1, 0, 0, 0, 4.00
M, 106131250, 6, -152.798203, 811.595886, -163.463516, 1, 0, 0, 0, 3.52
M, 106131250, 7, -130.009491, 811.067688, -167.771957, 1, 0, 0, 0, 4.00
M, 106132292, 0, -313.139343, 818.592590, -181.393219, 1, 0, 0, 0, 4.00
M, 106132292, 1, -240.655502, 810.121033, -166.029770, 1, 0, 0, 0, 4.00
M, 106132292, 2, -316.285156, 816.949646, -223.893860, 1, 0, 0, 0, 4.00
M, 106132292, 3, -211.845413, 810.034302, -161.396576, 1, 0, 0, 0, 3.79
M, 106132292, 4, -268.213715, 816.444885, -175.006134, 1, 0, 0, 0, 4.00
M, 106132292, 5, -176.461655, 810.649048, -162.361557, 1, 0, 0, 0, 4.00
M, 106132292, 6, -152.798172, 811.596008, -163.462357, 1, 0, 0, 0, 4.00
M, 106132292, 7, -130.008713, 811.077515, -167.768326, 1, 0, 0, 0, 3.07
M, 106133333, 0, -313.139801, 818.597290, -181.375580, 1, 0, 0, 0, 3.57
M, 106133333, 1, -240.656845, 810.119934, -166.028702, 1, 0, 0, 0, 4.00
M, 106133333, 2, -316.285217, 816.952576, -223.894440, 1, 0, 0, 0, 4.00
M, 106133333, 3, -211.845505, 810.034912, -161.397598, 1, 0, 0, 0, 4.00
M, 106133333, 4, -268.216095, 816.453735, -175.011230, 1, 0, 0, 0, 3.56
M, 106133333, 5, -176.461411, 810.648865, -162.359909, 1, 0, 0, 0, 4.00
M, 106133333, 6, -152.798553, 811.596008, -163.461609, 1, 0, 0, 0, 4.00
M, 106133333, 7, -130.009079, 811.075256, -167.767838, 1, 0, 0, 0, 4.00
M, 106134375, 0, -313.139160, 818.598145, -181.380081, 1, 0, 0, 0, 4.00
M, 106134375, 1, -240.651917, 810.142517, -166.042221, 1, 0, 0, 0, 3.34
M, 106134375, 2, -316.285278, 816.955200, -223.894943, 1, 0, 0, 0, 4.00
M, 106134375, 3, -211.846970, 810.034729, -161.395325, 1, 0, 0, 0, 4.00
M, 106134375, 4, -268.208923, 816.458618, -175.014938, 1, 0, 0, 0, 4.00
M, 106134375, 5, -176.466629, 810.646240, -162.357590, 1, 0, 0, 0, 3.34
M, 106134375, 6, -152.798965, 811.596008, -163.460876, 1, 0, 0, 0, 4.00
M, 106134375, 7, -130.009171, 811.075867, -167.766617, 1, 0, 0, 0, 4.00
M, 106135417, 0, -313.138794, 818.600159, -181.379272, 1, 0, 0, 0, 4.00
M, 106135417, 1, -240.654282, 810.137573, -166.038773, 1, 0, 0, 0, 4.00
M, 106135417, 2, -316.271149, 816.949463, -223.881439, 1, 0, 0, 0, 3.55
M, 106135417, 3, -211.848389, 810.034424, -161.393005, 1, 0, 0, 0, 4.00
M, 106135417, 4, -268.204041, 816.464355, -175.018951, 1, 0, 0, 0, 4.00
M, 106135417, 5, -176.465469, 810.646606, -162.356033, 1, 0, 0, 0, 4.00
M, 106135417, 6, -152.785583, 811.613220, -163.456406, 1, 0, 0, 0, 3.52
M, 106135417, 7, -130.009262, 811.076477, -167.765396, 1, 0, 0, 0, 4.00
M, 106136458, 0, -313.138428, 818.601990, -181.378555, 1, 0, 0, 0, 4.00
M, 106136458, 1, -240.654953, 810.138916, -166.039337, 1, 0, 0, 0, 4.00
M, 106136458, 2, -316.273529, 816.953613, -223.884308, 1, 0, 0, 0, 4.00
M, 106136458, 3, -211.824554, 810.046692, -161.390686, 1, 0, 0, 0, 3.79
M, 106136458, 4, -268.199158, 816.470276, -175.022980, 1, 0, 0, 0, 4.00
M, 106136458, 5, -176.465851, 810.646179, -162.354309, 1, 0, 0, 0, 4.00
M, 106136458, 6, -152.788239, 811.610474, -163.456314, 1, 0, 0, 0, 4.00
M, 106136458, 7, -130.007401, 811.089172, -167.776184, 1, 0, 0, 0, 3.07
M, 106137500, 0, -313.152313, 818.585144, -181.384430, 1, 0, 0, 0, 3.57
M, 106137500, 1, -240.655670, 810.140381, -166.039902, 1, 0, 0, 0, 4.00
M, 106137500, 2, -316.272095, 816.955566, -223.883286, 1, 0, 0, 0, 4.00
M, 106137500, 3, -211.830185, 810.044373, -161.388412, 1, 0, 0, 0, 4.00
M, 106137500, 4, -268.226624, 816.445190, -175.011658, 1, 0, 0, 0, 3.37
M, 106137500, 5, -176.466248, 810.645813, -162.352585, 1, 0, 0, 0, 4.00
M, 106137500, 6, -152.787170, 811.612366, -163.455185, 1, 0, 0, 0, 4.00
M, 106137500, 7, -130.007828, 811.087769, -167.772964, 1, 0, 0, 0, 4.00
M, 106138542, 0, -313.149628, 818.589966, -181.382645, 1, 0, 0, 0, 4.00
M, 106138542, 1, -240.643539, 810.138977, -166.029358, 1, 0, 0, 0, 3.34
M, 106138542, 2, -316.270599, 816.957336, -223.882278, 1, 0, 0, 0, 4.00
M, 106138542, 3, -211.828842, 810.045288, -161.386093, 1, 0, 0, 0, 4.00
M, 106138542, 4, -268.216339, 816.456177, -175.018204, 1, 0, 0, 0, 4.00
M, 106138542, 5, -176.464401, 810.642578, -162.360565, 1, 0, 0, 0, 3.34
M, 106138542, 6, -152.786041, 811.614258, -163.454010, 1, 0, 0, 0, 4.00
M, 106138542, 7, -130.007736, 811.089661, -167.773087, 1, 0, 0, 0, 4.00
M, 106139583, 0, -313.150848, 818.589783, -181.382675, 1, 0, 0, 0, 4.00
M, 106139583, 1, -240.646347, 810.140869, -166.031738, 1, 0, 0, 0, 4.00
M, 106139583, 2, -316.276917, 816.947510, -223.884842, 1, 0, 0, 0, 3.55
M, 106139583, 3, -211.827591, 810.046448, -161.383835, 1, 0, 0, 0, 4.00
M, 106139583, 4, -268.215027, 816.458557, -175.020599, 1, 0, 0, 0, 4.00
M, 106139583, 5, -176.465149, 810.642578, -162.357224, 1, 0, 0, 0, 4.00
M, 106139583, 6, -152.802719, 811.602295, -163.468140, 1, 0, 0, 0, 3.52
M, 106139583, 7, -130.007614, 811.091614, -167.773209, 1, 0, 0, 0, 4.00
M, 106140625, 0, -313.152039, 818.589478, -181.382675, 1, 0, 0, 0, 4.00
M, 106140625, 1, -240.645660, 810.141846, -166.031143, 1, 0, 0, 0, 4.00
M, 106140625, 2, -316.274109, 816.951416, -223.883224, 1, 0, 0, 0, 4.00
M, 106140625, 3, -211.838654, 810.029724, -161.405457, 1, 0, 0, 0, 3.79
M, 106140625, 4, -268.213715, 816.460876, -175.022980, 1, 0, 0, 0, 4.00
M, 106140625, 5, -176.465256, 810.641968, -162.356583, 1, 0, 0, 0, 4.00
M, 106140625, 6, -152.798737, 811.606506, -163.464508, 1, 0, 0, 0, 4.00
M, 106140625, 7, -130.011902, 811.072083, -167.776184, 1, 0, 0, 0, 3.07
M, 106141667, 0, -313.135468, 818.596802, -181.380142, 1, 0, 0, 0, 3.57
M, 106141667, 1, -240.644943, 810.142883, -166.030518, 1, 0, 0, 0, 4.00
M, 106141667, 2, -316.273529, 816.952026, -223.882599, 1, 0, 0, 0, 4.00
M, 106141667, 3, -211.835281, 810.033691, -161.399200, 1, 0, 0, 0, 4.00
M, 106141667, 4, -268.446167, 816.232727, -174.813416, 1, 0, 0, 0, 3.32
M, 106141667, 5, -176.465408, 810.641235, -162.355927, 1, 0, 0, 0, 4.00
M, 106141667, 6, -152.799561, 811.606750, -163.465042, 1, 0, 0, 0, 4.00
M, 106141667, 7, -130.011078, 811.077515, -167.775803, 1, 0, 0, 0, 4.00
M, 106142708, 0, -313.139618, 818.595337, -181.380585, 1, 0, 0, 0, 4.00
M, 106142708, 1, -240.638626, 810.148071, -166.031021, 1, 0, 0, 0, 3.34
M, 106142708, 2, -316.272858, 816.952515, -223.881973, 1, 0, 0, 0, 4.00
M, 106142708, 3, -211.835312, 810.032776, -161.399506, 1, 0, 0, 0, 4.00
M, 106142708, 4, -268.406158, 816.273315, -174.850784, 1, 0, 0, 0, 4.00
M, 106142708, 5, -176.457275, 810.655212, -162.363312, 1, 0, 0, 0, 3.34
M, 106142708, 6, -152.800461, 811.607117, -163.465576, 1, 0, 0, 0, 4.00
M, 106142708, 7, -130.011459, 811.077026, -167.776245, 1, 0, 0, 0, 4.00
M, 106143750, 0, -313.138916, 818.595825, -181.380264, 1, 0, 0, 0, 4.00
M, 106143750, 1, -240.638870, 810.148560, -166.030182, 1, 0, 0, 0, 4.00
M, 106143750, 2, -316.257477, 816.961731, -223.888687, 1, 0, 0, 0, 3.55
M, 106143750, 3, -211.835342, 810.032104, -161.399826, 1, 0, 0, 0, 4.00
M, 106143750, 4, -268.430298, 816.250610, -174.830002, 1, 0, 0, 0, 4.00
M, 106143750, 5, -176.458832, 810.652039, -162.361343, 1, 0, 0, 0, 4.00
M, 106143750, 6, -152.795959, 811.602783, -163.459564, 1, 0, 0, 0, 3.52
M, 106143750, 7, -130.011856, 811.076599, -167.776657, 1, 0, 0, 0, 4.00
M, 106144792, 0, -313.138092, 818.596497, -181.379990, 1, 0, 0, 0, 4.00
M, 106144792, 1, -240.637558, 810.150085, -166.029678, 1, 0, 0, 0, 4.00
M, 106144792, 2, -316.259277, 816.960815, -223.886841, 1, 0, 0, 0, 4.00
M, 106144792, 3, -211.830490, 810.053772, -161.407944, 1, 0, 0, 0, 3.79
M, 106144792, 4, -268.454498, 816.227966, -174.809174, 1, 0, 0, 0, 4.00
M, 106144792, 5, -176.458084, 810.652893, -162.361588, 1, 0, 0, 0, 4.00
M, 106144792, 6, -152.797684, 811.603882, -163.461166, 1, 0, 0, 0, 4.00
M, 106144792, 7, -130.006927, 811.075012, -167.775116, 1, 0, 0, 0, 3.07
M, 106145833, 0, -313.145294, 818.589600, -181.391083, 1, 0, 0, 0, 3.57
M, 106145833, 1, -240.636185, 810.151855, -166.029114, 1, 0, 0, 0, 4.00
M, 106145833, 2, -316.257019, 816.962402, -223.886978, 1, 0, 0, 0, 4.00
M, 106145833, 3, -211.831345, 810.049072, -161.406982, 1, 0, 0, 0, 4.00
M, 106145833, 4, -268.486023, 816.190063, -174.806198, 1, 0, 0, 0, 3.32
M, 106145833, 5, -176.457306, 810.653748, -162.361816, 1, 0, 0, 0, 4.00
M, 106145833, 6, -152.797989, 811.603638, -163.460983, 1, 0, 0, 0, 4.00
M, 106145833, 7, -130.008240, 811.074707, -167.775833, 1, 0, 0, 0, 4.00
M, 106146875, 0, -313.143219, 818.591431, -181.388901, 1, 0, 0, 0, 4.00
M, 106146875, 1, -240.640503, 810.157471, -166.049652, 1, 0, 0, 0, 3.34
M, 106146875, 2, -316.254791, 816.963928, -223.887192, 1, 0, 0, 0, 4.00
M, 106146875, 3, -211.830872, 810.050537, -161.408142, 1, 0, 0, 0, 4.00
M, 106146875, 4, -268.508911, 816.169983, -174.782501, 1, 0, 0, 0, 4.00
M, 106146875, 5, -176.464279, 810.656372, -162.379913, 1, 0, 0, 0, 3.34
M, 106146875, 6, -152.798248, 811.603516, -163.460815, 1, 0, 0, 0, 4.00
M, 106146875, 7, -130.008011, 811.074219, -167.776031, 1, 0, 0, 0, 4.00
M, 106147917, 0, -313.143372, 818.591187, -181.389893, 1, 0, 0, 0, 4.00
M, 106147917, 1, -240.638275, 810.158325, -166.045654, 1, 0, 0, 0, 4.00
M, 106147917, 2, -316.270355, 816.956848, -223.902267, 1, 0, 0, 0, 3.55
M, 106147917, 3, -211.830399, 810.052246, -161.409332, 1, 0, 0, 0, 4.00
M, 106147917, 4, -268.533905, 816.145508, -174.763672, 1, 0, 0, 0, 4.00
M, 106147917, 5, -176.462189, 810.656921, -162.377167, 1, 0, 0, 0, 4.00
M, 106147917, 6, -152.800461, 811.594971, -163.476013, 1, 0, 0, 0, 3.52
M, 106147917, 7, -130.007828, 811.073608, -167.776184, 1, 0, 0, 0, 4.00
M, 106148958, 0, -313.143494, 818.591003, -181.390839, 1, 0, 0, 0, 4.00
M, 106148958, 1, -240.637558, 810.160339, -166.047409, 1, 0, 0, 0, 4.00
M, 106148958, 2, -316.265167, 816.959778, -223.899948, 1, 0, 0, 0, 4.00
M, 106148958, 3, -211.840881, 810.044800, -161.422714, 1, 0, 0, 0, 3.79
M, 106148958, 4, -268.558807, 816.121277, -174.744827, 1, 0, 0, 0, 4.00
M, 106148958, 5, -176.462250, 810.658142, -162.379318, 1, 0, 0, 0, 4.00
M, 106148958, 6, -152.800400, 811.596191, -163.473267, 1, 0, 0, 0, 4.00
M, 106148958, 7, -130.008896, 811.079529, -167.785492, 1, 0, 0, 0, 3.07
M, 106150000, 0, -313.133423, 818.591858, -181.386551, 1, 0, 0, 0, 3.57
M, 106150000, 1, -240.636871, 810.162231, -166.049210, 1, 0, 0, 0, 4.00
M, 106150000, 2, -316.264893, 816.960388, -223.901794, 1, 0, 0, 0, 4.00
M, 106150000, 3, -211.838593, 810.047791, -161.421860, 1, 0, 0, 0, 4.00
M, 106150000, 4, -268.475616, 816.194153, -174.808044, 1, 0, 0, 0, 3.32
M, 106150000, 5, -176.462311, 810.659302, -162.381485, 1, 0, 0, 0, 4.00
M, 106150000, 6, -152.800903, 811.595154, -163.474762, 1, 0, 0, 0, 4.00
M, 106150000, 7, -130.008484, 811.077942, -167.784180, 1, 0, 0, 0, 4.00
M, 106151042, 0, -313.135223, 818.591431, -181.388397, 1, 0, 0, 0, 4.00
M, 106151042, 1, -240.614334, 810.167969, -166.033051, 1, 0, 0, 0, 3.45
M, 106151042, 2, -316.264587, 816.960999, -223.903549, 1, 0, 0, 0, 4.00
M, 106151042, 3, -211.839310, 810.048401, -161.424423, 1, 0, 0, 0, 4.00
M, 106151042, 4, -268.518524, 816.153748, -174.775650, 1, 0, 0, 0, 4.00
M, 106151042, 5, -176.455017, 810.659668, -162.380951, 1, 0, 0, 0, 3.34
M, 106151042, 6, -152.801422, 811.593994, -163.476242, 1, 0, 0, 0, 4.00
M, 106151042, 7, -130.008423, 811.078125, -167.785370, 1, 0, 0, 0, 4.00
M, 106152083, 0, -313.134277, 818.591309, -181.388779, 1, 0, 0, 0, 4.00
M, 106152083, 1, -240.617233, 810.169373, -166.037811, 1, 0, 0, 0, 4.00
M, 106152083, 2, -316.259277, 816.950806, -223.891953, 1, 0, 0, 0, 3.55
M, 106152083, 3, -211.840027, 810.049011, -161.426926, 1, 0, 0, 0, 4.00
M, 106152083, 4, -268.531647, 816.139954, -174.765778, 1, 0, 0, 0, 4.00
M, 106152083, 5, -176.456299, 810.660828, -162.383575, 1, 0, 0, 0, 4.00
M, 106152083, 6, -152.791489, 811.610596, -163.476669, 1, 0, 0, 0, 3.52
M, 106152083, 7, -130.008362, 811.078247, -167.786560, 1, 0, 0, 0, 4.00
M, 106153125, 0, -313.133240, 818.591248, -181.389114, 1, 0, 0, 0, 4.00
M, 106153125, 1, -240.614197, 810.171692, -166.037674, 1, 0, 0, 0, 4.00
M, 106153125, 2, -316.259827, 816.953064, -223.895981, 1, 0, 0, 0, 4.00
M, 106153125, 3, -211.837967, 810.046875, -161.414993, 1, 0, 0, 0, 3.79
M, 106153125, 4, -268.544800, 816.126221, -174.755890, 1, 0, 0, 0, 4.00
M, 106153125, 5, -176.455582, 810.661987, -162.385452, 1, 0, 0, 0, 4.00
M, 106153125, 6, -152.793671, 811.606689, -163.478333, 1, 0, 0, 0, 4.00
M, 106153125, 7, -130.005676, 811.078491, -167.781158, 1, 0, 0, 0, 3.07
M, 106154167, 0, -313.149292, 818.584595, -181.384857, 1, 0, 0, 0, 3.57
M, 106154167, 1, -240.611084, 810.174072, -166.037491, 1, 0, 0, 0, 4.00
M, 106154167, 2, -316.258972, 816.952454, -223.896347, 1, 0, 0, 0, 4.00
M, 106154167, 3, -211.839157, 810.047791, -161.419891, 1, 0, 0, 0, 4.00
M, 106154167, 4, -268.223969, 816.424377, -175.003494, 1, 0, 0, 0, 3.37
M, 106154167, 5, -176.454865, 810.662903, -162.387329, 1, 0, 0, 0, 4.00
M, 106154167, 6, -152.793015, 811.607605, -163.479736, 1, 0, 0, 0, 4.00
M, 106154167, 7, -130.006042, 811.078674, -167.783432, 1, 0, 0, 0, 4.00
M, 106155208, 0, -313.145477, 818.585571, -181.386017, 1, 0, 0, 0, 4.00
M, 106155208, 1, -240.642624, 810.137024, -166.050995, 1, 0, 0, 0, 3.34
M, 106155208, 2, -316.258148, 816.952026, -223.896698, 1, 0, 0, 0, 4.00
M, 106155208, 3, -211.839569, 810.048096, -161.420837, 1, 0, 0, 0, 4.00
M, 106155208, 4, -268.292389, 816.359009, -174.951065, 1, 0, 0, 0, 4.00
M, 106155208, 5, -176.450546, 810.666748, -162.373505, 1, 0, 0, 0, 3.34
M, 106155208, 6, -152.792328, 811.608582, -163.481110, 1, 0, 0, 0, 4.00
M, 106155208, 7, -130.005676, 811.078918, -167.783905, 1, 0, 0, 0, 4.00
M, 106156250, 0, -313.146301, 818.584778, -181.385834, 1, 0, 0, 0, 4.00
M, 106156250, 1, -240.633835, 810.145935, -166.048553, 1, 0, 0, 0, 4.00
M, 106156250, 2, -316.275970, 816.947021, -223.905075, 1, 0, 0, 0, 3.55
M, 106156250, 3, -211.839996, 810.048340, -161.421738, 1, 0, 0, 0, 4.00
M, 106156250, 4, -268.269073, 816.379395, -174.969269, 1, 0, 0, 0, 4.00
M, 106156250, 5, -176.450394, 810.667297, -162.377975, 1, 0, 0, 0, 4.00
M, 106156250, 6, -152.790619, 811.611694, -163.468262, 1, 0, 0, 0, 3.52
M, 106156250, 7, -130.005295, 811.079163, -167.784348, 1, 0, 0, 0, 4.00
M, 106157292, 0, -313.147125, 818.584045, -181.385712, 1, 0, 0, 0, 4.00
M, 106157292, 1, -240.634521, 810.144104, -166.049911, 1, 0, 0, 0, 4.00
M, 106157292, 2, -316.272095, 816.947083, -223.904114, 1, 0, 0, 0, 4.00
M, 106157292, 3, -211.839691, 810.042358, -161.414764, 1, 0, 0, 0, 3.79
M, 106157292, 4, -268.245758, 816.399658, -174.987518, 1, 0, 0, 0, 4.00
M, 106157292, 5, -176.449295, 810.668640, -162.378159, 1, 0, 0, 0, 4.00
M, 106157292, 6, -152.790146, 811.612244, -163.471954, 1, 0, 0, 0, 4.00
M, 106157292, 7, -130.006012, 811.089783, -167.781250, 1, 0, 0, 0, 3.07
M, 106158333, 0, -313.137360, 818.585266, -181.389771, 1, 0, 0, 0, 3.57
M, 106158333, 1, -240.635239, 810.142090, -166.051224, 1, 0, 0, 0, 4.00
M, 106158333, 2, -316.273285, 816.946045, -223.905304, 1, 0, 0, 0, 4.00
M, 106158333, 3, -211.840256, 810.043579, -161.417023, 1, 0, 0, 0, 4.00
M, 106158333, 4, -268.247131, 816.416138, -174.995651, 1, 0, 0, 0, 3.37
M, 106158333, 5, -176.448120, 810.670105, -162.378296, 1, 0, 0, 0, 4.00
M, 106158333, 6, -152.789368, 811.613342, -163.471771, 1, 0, 0, 0, 4.00
M, 106158333, 7, -130.005447, 811.088318, -167.782303, 1, 0, 0, 0, 4.00
M, 106159375, 0, -313.140045, 818.584106, -181.388992, 1, 0, 0, 0, 4.00
M, 106159375, 1, -240.642944, 810.135742, -166.051682, 1, 0, 0, 0, 3.34
M, 106159375, 2, -316.274475, 816.944885, -223.906540, 1, 0, 0, 0, 4.00
M, 106159375, 3, -211.840622, 810.043152, -161.417084, 1, 0, 0, 0, 4.00
M, 106159375, 4, -268.219788, 816.437134, -175.015503, 1, 0, 0, 0, 4.00
M, 106159375, 5, -176.461655, 810.658630, -162.381134, 1, 0, 0, 0, 3.34
M, 106159375, 6, -152.788574, 811.614441, -163.471603, 1, 0, 0, 0, 4.00
M, 106159375, 7, -130.005173, 811.089661, -167.782379, 1, 0, 0, 0, 4.00
M, 106160417, 0, -313.139740, 818.583496, -181.389297, 1, 0, 0, 0, 4.00
M, 106160417, 1, -240.642471, 810.134521, -166.053131, 1, 0, 0, 0, 4.00
M, 106160417, 2, -316.273926, 816.938965, -223.906174, 1, 0, 0, 0, 3.55
M, 106160417, 3, -211.840942, 810.042725, -161.417145, 1, 0, 0, 0, 4.00
M, 106160417, 4, -268.199158, 816.457031, -175.032608, 1, 0, 0, 0, 4.00
M, 106160417, 5, -176.458084, 810.662170, -162.380798, 1, 0, 0, 0, 4.00
M, 106160417, 6, -152.794617, 811.612061, -163.472641, 1, 0, 0, 0, 3.52
M, 106160417, 7, -130.004929, 811.090881, -167.782440, 1, 0, 0, 0, 4.00
M, 106161458, 0, -313.139404, 818.583069, -181.389618, 1, 0, 0, 0, 4.00
M, 106161458, 1, -240.643906, 810.132202, -166.054382, 1, 0, 0, 0, 4.00
M, 106161458, 2, -316.275421, 816.938721, -223.907669, 1, 0, 0, 0, 4.00
M, 106161458, 3, -211.834839, 810.044739, -161.421204, 1, 0, 0, 0, 3.79
M, 106161458, 4, -268.178589, 816.476868, -175.049805, 1, 0, 0, 0, 4.00
M, 106161458, 5, -176.458527, 810.662109, -162.381256, 1, 0, 0, 0, 4.00
M, 106161458, 6, -152.792709, 811.613831, -163.472260, 1, 0, 0, 0, 4.00
M, 106161458, 7, -130.009171, 811.081177, -167.780838, 1, 0, 0, 0, 3.07
M, 106162500, 0, -313.152863, 818.581238, -181.382858, 1, 0, 0, 0, 3.57
M, 106162500, 1, -240.645370, 810.129883, -166.055573, 1, 0, 0, 0, 4.00
M, 106162500, 2, -316.276428, 816.937012, -223.908737, 1, 0, 0, 0, 4.00
M, 106162500, 3, -211.836288, 810.043762, -161.420639, 1, 0, 0, 0, 4.00
M, 106162500, 4, -268.245941, 816.414795, -175.000626, 1, 0, 0, 0, 3.37
M, 106162500, 5, -176.459030, 810.661926, -162.381699, 1, 0, 0, 0, 4.00
M, 106162500, 6, -152.792709, 811.614563, -163.472229, 1, 0, 0, 0, 4.00
M, 106162500, 7, -130.008179, 811.084351, -167.781250, 1, 0, 0, 0, 4.00
M, 106163542, 0, -313.150360, 818.580811, -181.384369, 1, 0, 0, 0, 4.00
M, 106163542, 1, -240.640182, 810.144104, -166.048126, 1, 0, 0, 0, 3.34
M, 106163542, 2, -316.277405, 816.935486, -223.909744, 1, 0, 0, 0, 4.00
M, 106163542, 3, -211.835876, 810.043579, -161.421143, 1, 0, 0, 0, 4.00
M, 106163542, 4, -268.210846, 816.448120, -175.028702, 1, 0, 0, 0, 4.00
M, 106163542, 5, -176.463379, 810.658569, -162.376358, 1, 0, 0, 0, 3.34
M, 106163542, 6, -152.792648, 811.615295, -163.472168, 1, 0, 0, 0, 4.00
M, 106163542, 7, -130.008423, 811.084412, -167.781128, 1, 0, 0, 0, 4.00
M, 106164583, 0, -313.151550, 818.580017, -181.383957, 1, 0, 0, 0, 4.00
M, 106164583, 1, -240.642685, 810.139038, -166.050781, 1, 0, 0, 0, 4.00
M, 106164583, 2, -316.279541, 816.940369, -223.901581, 1, 0, 0, 0, 3.55
M, 106164583, 3, -211.835526, 810.043396, -161.421616, 1, 0, 0, 0, 4.00
M, 106164583, 4, -268.199860, 816.458984, -175.038589, 1, 0, 0, 0, 4.00
M, 106164583, 5, -176.463211, 810.659180, -162.377762, 1, 0, 0, 0, 4.00
M, 106164583, 6, -152.805344, 811.605286, -163.465012, 1, 0, 0, 0, 3.52
M, 106164583, 7, -130.008713, 811.084473, -167.781021, 1, 0, 0, 0, 4.00
M, 106165625, 0, -313.152740, 818.579285, -181.383514, 1, 0, 0, 0, 4.00
M, 106165625, 1, -240.643402, 810.138489, -166.051056, 1, 0, 0, 0, 4.00
M, 106165625, 2, -316.280426, 816.937683, -223.904144, 1, 0, 0, 0, 4.00
M, 106165625, 3, -211.837250, 810.031250, -161.412491, 1, 0, 0, 0, 3.79
M, 106165625, 4, -268.188843, 816.469849, -175.048462, 1, 0, 0, 0, 4.00
M, 106165625, 5, -176.464096, 810.658752, -162.377563, 1, 0, 0, 0, 4.00
M, 106165625, 6, -152.803238, 811.607666, -163.466171, 1, 0, 0, 0, 4.00
M, 106165625, 7, -130.011169, 811.069153, -167.771362, 1, 0, 0, 0, 3.07
M, 106166667, 0, -313.138092, 818.585388, -181.382339, 1, 0, 0, 0, 3.57
M, 106166667, 1, -240.644089, 810.138062, -166.051346, 1, 0, 0, 0, 4.00
M, 106166667, 2, -316.281494, 816.936768, -223.904205, 1, 0, 0, 0, 4.00
M, 106166667, 3, -211.836533, 810.033020, -161.414642, 1, 0, 0, 0, 4.00
M, 106166667, 4, -268.242920, 816.410461, -174.991150, 1, 0, 0, 0, 3.37
M, 106166667, 5, -176.464996, 810.658325, -162.377380, 1, 0, 0, 0, 4.00
M, 106166667, 6, -152.804611, 811.607239, -163.465347, 1, 0, 0, 0, 4.00
M, 106166667, 7, -130.011047, 811.071838, -167.772812, 1, 0, 0, 0, 4.00
M, 106167708, 0, -313.141998, 818.583496, -181.382019, 1, 0, 0, 0, 4.00
M, 106167708, 1, -240.635406, 810.142700, -166.032806, 1, 0, 0, 0, 3.34
M, 106167708, 2, -316.282654, 816.935852, -223.904266, 1, 0, 0, 0, 4.00
M, 106167708, 3, -211.836441, 810.031494, -161.414047, 1, 0, 0, 0, 4.00
M, 106167708, 4, -268.221222, 816.432922, -175.012131, 1, 0, 0, 0, 4.00
M, 106167708, 5, -176.457748, 810.649780, -162.363312, 1, 0, 0, 0, 3.34
M, 106167708, 6, -152.805939, 811.606689, -163.464569, 1, 0, 0, 0, 4.00
M, 106167708, 7, -130.011490, 811.070251, -167.771652, 1, 0, 0, 0, 4.00
M, 106168750, 0, -313.141418, 818.583496, -181.381516, 1, 0, 0, 0, 4.00
M, 106168750, 1, -240.637711, 810.141296, -166.036209, 1, 0, 0, 0, 4.00
M, 106168750, 2, -316.286865, 816.924805, -223.901764, 1, 0, 0, 0, 3.98
M, 106168750, 3, -211.836349, 810.030029, -161.413574, 1, 0, 0, 0, 4.00
M, 106168750, 4, -268.217285, 816.436096, -175.014694, 1, 0, 0, 0, 4.00
M, 106168750, 5, -176.459991, 810.650757, -162.365463, 1, 0, 0, 0, 4.00
M, 106168750, 6, -152.791397, 811.606934, -163.459351, 1, 0, 0, 0, 3.52
M, 106168750, 7, -130.011993, 811.068665, -167.770523, 1, 0, 0, 0, 4.00
M, 106169792, 0, -313.140930, 818.583557, -181.381012, 1, 0, 0, 0, 4.00
M, 106169792, 1, -240.637375, 810.141174, -166.034363, 1, 0, 0, 0, 4.00
M, 106169792, 2, -316.287476, 816.925598, -223.902237, 1, 0, 0, 0, 4.00
M, 106169792, 3, -211.847076, 810.032471, -161.411606, 1, 0, 0, 0, 3.79
M, 106169792, 4, -268.213470, 816.439270, -175.017258, 1, 0, 0, 0, 4.00
M, 106169792, 5, -176.459961, 810.649414, -162.363724, 1, 0, 0, 0, 4.00
M, 106169792, 6, -152.795425, 811.606384, -163.459259, 1, 0, 0, 0, 4.00
M, 106169792, 7, -130.015152, 811.077087, -167.764618, 1, 0, 0, 0, 3.07
M, 106170833, 0, -313.144623, 818.573730, -181.393051, 1, 0, 0, 0, 3.57
M, 106170833, 1, -240.637024, 810.141357, -166.032608, 1, 0, 0, 0, 4.00
M, 106170833, 2, -316.288971, 816.923523, -223.902008, 1, 0, 0, 0, 4.00
M, 106170833, 3, -211.845154, 810.030396, -161.411301, 1, 0, 0, 0, 4.00
M, 106170833, 4, -268.252808, 816.412537, -174.996277, 1, 0, 0, 0, 3.37
M, 106170833, 5, -176.460052, 810.648071, -162.362061, 1, 0, 0, 0, 4.00
M, 106170833, 6, -152.795044, 811.605957, -163.457977, 1, 0, 0, 0, 4.00
M, 106170833, 7, -130.015213, 811.073730, -167.764267, 1, 0, 0, 0, 4.00
M, 106171875, 0, -313.143433, 818.575317, -181.390457, 1, 0, 0, 0, 4.00
M, 106171875, 1, -240.647385, 810.139404, -166.035995, 1, 0, 0, 0, 3.34
M, 106171875, 2, -316.290436, 816.921509, -223.901764, 1, 0, 0, 0, 4.00
M, 106171875, 3, -211.846252, 810.029175, -161.410583, 1, 0, 0, 0, 4.00
M, 106171875, 4, -268.241730, 816.420715, -175.002716, 1, 0, 0, 0, 4.00
M, 106171875, 5, -176.475388, 810.636414, -162.371384, 1, 0, 0, 0, 3.34
M, 106171875, 6, -152.794678, 811.605530, -163.456696, 1, 0, 0, 0, 4.00
M, 106171875, 7, -130.016022, 811.073242, -167.762604, 1, 0, 0, 0, 4.00
M, 106172917, 0, -313.143311, 818.574402, -181.391312, 1, 0, 0, 0, 4.00
M, 106172917, 1, -240.645309, 810.139832, -166.033340, 1, 0, 0, 0, 4.00
M, 106172917, 2, -316.281403, 816.942444, -223.895691, 1, 0, 0, 0, 3.55
M, 106172917, 3, -211.847321, 810.028198, -161.409912, 1, 0, 0, 0, 4.00
M, 106172917, 4, -268.242554, 816.420715, -175.002716, 1, 0, 0, 0, 4.00
M, 106172917, 5, -176.472855, 810.636963, -162.367874, 1, 0, 0, 0, 4.00
M, 106172917, 6, -152.810654, 811.597168, -163.465576, 1, 0, 0, 0, 3.52
M, 106172917, 7, -130.016769, 811.072632, -167.760925, 1, 0, 0, 0, 4.00
M, 106173958, 0, -313.143311, 818.573303, -181.392212, 1, 0, 0, 0, 4.00
M, 106173958, 1, -240.646133, 810.139648, -166.032089, 1, 0, 0, 0, 4.00
M, 106173958, 2, -316.284607, 816.936646, -223.896393, 1, 0, 0, 0, 4.00
M, 106173958, 3, -211.846069, 810.029480, -161.412735, 1, 0, 0, 0, 3.79
M, 106173958, 4, -268.243378, 816.420715, -175.002716, 1, 0, 0, 0, 4.00
M, 106173958, 5, -176.474472, 810.634583, -162.367371, 1, 0, 0, 0, 4.00
M, 106173958, 6, -152.807648, 811.598022, -163.462570, 1, 0, 0, 0, 4.00
M, 106173958, 7, -130.026428, 811.070374, -167.771957, 1, 0, 0, 0, 3.07
M, 106175000, 0, -313.137726, 818.584229, -181.381363, 1, 0, 0, 0, 3.57
M, 106175000, 1, -240.647003, 810.139465, -166.030899, 1, 0, 0, 0, 4.00
M, 106175000, 2, -316.284912, 816.937073, -223.895569, 1, 0, 0, 0, 4.00
M, 106175000, 3, -211.847504, 810.028076, -161.411484, 1, 0, 0, 0, 4.00
M, 106175000, 4, -268.235931, 816.421814, -174.987274, 1, 0, 0, 0, 3.37
M, 106175000, 5, -176.476196, 810.632141, -162.366882, 1, 0, 0, 0, 4.00
M, 106175000, 6, -152.809052, 811.596741, -163.462387, 1, 0, 0, 0, 4.00
M, 106175000, 7, -130.025742, 811.070251, -167.768204, 1, 0, 0, 0, 4.00
M, 106176042, 0, -313.138550, 818.581177, -181.384109, 1, 0, 0, 0, 4.00
M, 106176042, 1, -240.638062, 810.155823, -166.034805, 1, 0, 0, 0, 3.34
M, 106176042, 2, -316.285278, 816.937622, -223.894669, 1, 0, 0, 0, 4.00
M, 106176042, 3, -211.848312, 810.027222, -161.411163, 1, 0, 0, 0, 4.00
M, 106176042, 4, -268.238129, 816.421570, -174.989807, 1, 0, 0, 0, 4.00
M, 106176042, 5, -176.461594, 810.646179, -162.363815, 1, 0, 0, 0, 3.34
M, 106176042, 6, -152.810440, 811.595581, -163.462189, 1, 0, 0, 0, 4.00
M, 106176042, 7, -130.027466, 811.069580, -167.767899, 1, 0, 0, 0, 4.00
M, 106177083, 0, -313.137970, 818.581482, -181.383713, 1, 0, 0, 0, 4.00
M, 106177083, 1, -240.640533, 810.152954, -166.032745, 1, 0, 0, 0, 4.00
M, 106177083, 2, -316.270782, 816.939880, -223.896133, 1, 0, 0, 0, 3.55
M, 106177083, 3, -211.849136, 810.026489, -161.410889, 1, 0, 0, 0, 4.00
M, 106177083, 4, -268.238007, 816.421692, -174.988113, 1, 0, 0, 0, 4.00
M, 106177083, 5, -176.465942, 810.641113, -162.363724, 1, 0, 0, 0, 4.00
M, 106177083, 6, -152.806656, 811.601807, -163.467911, 1, 0, 0, 0, 3.52
M, 106177083, 7, -130.029221, 811.068848, -167.767609, 1, 0, 0, 0, 4.00
M, 106178125, 0, -313.137238, 818.581604, -181.383331, 1, 0, 0, 0, 4.00
M, 106178125, 1, -240.640305, 810.154602, -166.032089, 1, 0, 0, 0, 4.00
M, 106178125, 2, -316.273529, 816.940063, -223.894882, 1, 0, 0, 0, 4.00
M, 106178125, 3, -211.843155, 810.032898, -161.400391, 1, 0, 0, 0, 3.79
M, 106178125, 4, -268.238007, 816.421814, -174.986389, 1, 0, 0, 0, 4.00
M, 106178125, 5, -176.465851, 810.640442, -162.362946, 1, 0, 0, 0, 4.00
M, 106178125, 6, -152.808990, 811.599182, -163.466766, 1, 0, 0, 0, 4.00
M, 106178125, 7, -130.022430, 811.071533, -167.770264, 1, 0, 0, 0, 3.07
M, 106179167, 0, -313.149872, 818.587952, -181.385986, 1, 0, 0, 0, 3.57
M, 106179167, 1, -240.640060, 810.156189, -166.031433, 1, 0, 0, 0, 4.00
M, 106179167, 2, -316.272278, 816.940796, -223.894287, 1, 0, 0, 0, 4.00
M, 106179167, 3, -211.845062, 810.031067, -161.401703, 1, 0, 0, 0, 4.00
M, 106179167, 4, -268.259064, 816.414429, -174.995209, 1, 0, 0, 0, 3.37
M, 106179167, 5, -176.465775, 810.639709, -162.362183, 1, 0, 0, 0, 4.00
M, 106179167, 6, -152.809814, 811.598755, -163.467255, 1, 0, 0, 0, 4.00
M, 106179167, 7, -130.025558, 811.070251, -167.769485, 1, 0, 0, 0, 4.00
M, 106180208, 0, -313.147034, 818.587158, -181.385086, 1, 0, 0, 0, 4.00
M, 106180208, 1, -240.643661, 810.147888, -166.040497, 1, 0, 0, 0, 3.34
M, 106180208, 2, -316.270966, 816.941467, -223.893661, 1, 0, 0, 0, 4.00
M, 106180208, 3, -211.845062, 810.031128, -161.400284, 1, 0, 0, 0, 4.00
M, 106180208, 4, -268.255432, 816.415833, -174.991806, 1, 0, 0, 0, 4.00
M, 106180208, 5, -176.462753, 810.656738, -162.377792, 1, 0, 0, 0, 3.34
M, 106180208, 6, -152.810654, 811.598389, -163.467728, 1, 0, 0, 0, 4.00
M, 106180208, 7, -130.026398, 811.069885, -167.769547, 1, 0, 0, 0, 4.00
M, 106181250, 0, -313.147858, 818.587952, -181.384995, 1, 0, 0, 0, 4.00
M, 106181250, 1, -240.642807, 810.151123, -166.038269, 1, 0, 0, 0, 4.00
M, 106181250, 2, -316.279480, 816.940125, -223.896759, 1, 0, 0, 0, 3.55
M, 106181250, 3, -211.845123, 810.031067, -161.398880, 1, 0, 0, 0, 4.00
M, 106181250, 4, -268.257690, 816.415283, -174.991272, 1, 0, 0, 0, 4.00
M, 106181250, 5, -176.463150, 810.653259, -162.374283, 1, 0, 0, 0, 4.00
M, 106181250, 6, -152.809189, 811.597961, -163.477325, 1, 0, 0, 0, 3.52
M, 106181250, 7, -130.027222, 811.069519, -167.769577, 1, 0, 0, 0, 4.00
M, 106182292, 0, -313.148621, 818.588928, -181.384933, 1, 0, 0, 0, 4.00
M, 106182292, 1, -240.643005, 810.151672, -166.038651, 1, 0, 0, 0, 4.00
M, 106182292, 2, -316.276489, 816.941223, -223.895508, 1, 0, 0, 0, 4.00
M, 106182292, 3, -211.848694, 810.044922, -161.425186, 1, 0, 0, 0, 3.79
M, 106182292, 4, -268.259888, 816.414429, -174.990738, 1, 0, 0, 0, 4.00
M, 106182292, 5, -176.462723, 810.654541, -162.375290, 1, 0, 0, 0, 4.00
M, 106182292, 6, -152.810410, 811.597534, -163.476242, 1, 0, 0, 0, 4.00
M, 106182292, 7, -130.026154, 811.078918, -167.790131, 1, 0, 0, 0, 3.07
M, 106183333, 0, -313.140930, 818.586426, -181.388397, 1, 0, 0, 0, 3.57
M, 106183333, 1, -240.643219, 810.152161, -166.039063, 1, 0, 0, 0, 4.00
M, 106183333, 2, -316.276276, 816.941772, -223.895264, 1, 0, 0, 0, 4.00
M, 106183333, 3, -211.848221, 810.042480, -161.419235, 1, 0, 0, 0, 4.00
M, 106183333, 4, -268.258057, 816.406433, -174.990372, 1, 0, 0, 0, 3.37
M, 106183333, 5, -176.462280, 810.655884, -162.376297, 1, 0, 0, 0, 4.00
M, 106183333, 6, -152.811005, 811.597046, -163.477707, 1, 0, 0, 0, 4.00
M, 106183333, 7, -130.027283, 811.076904, -167.786774, 1, 0, 0, 0, 4.00
M, 106184375, 0, -313.143097, 818.587891, -181.387711, 1, 0, 0, 0, 4.00
M, 106184375, 1, -240.637024, 810.162598, -166.052002, 1, 0, 0, 0, 3.34
M, 106184375, 2, -316.276031, 816.942383, -223.895096, 1, 0, 0, 0, 4.00
M, 106184375, 3, -211.848633, 810.044250, -161.420807, 1, 0, 0, 0, 4.00
M, 106184375, 4, -268.260956, 816.406982, -174.989777, 1, 0, 0, 0, 4.00
M, 106184375, 5, -176.464157, 810.651001, -162.383453, 1, 0, 0, 0, 3.34
M, 106184375, 6, -152.811584, 811.596680, -163.479172, 1, 0, 0, 0, 4.00
M, 106184375, 7, -130.027878, 811.077759, -167.789032, 1, 0, 0, 0, 4.00
M, 106185417, 0, -313.142975, 818.588440, -181.387985, 1, 0, 0, 0, 4.00
M, 106185417, 1, -240.638275, 810.161560, -166.050369, 1, 0, 0, 0, 4.00
M, 106185417, 2, -316.279236, 816.943726, -223.901382, 1, 0, 0, 0, 3.55
M, 106185417, 3, -211.849106, 810.045654, -161.422424, 1, 0, 0, 0, 4.00
M, 106185417, 4, -268.262695, 816.405579, -174.989243, 1, 0, 0, 0, 4.00
M, 106185417, 5, -176.463318, 810.653259, -162.383423, 1, 0, 0, 0, 4.00
M, 106185417, 6, -152.819183, 811.590332, -163.490082, 1, 0, 0, 0, 3.52
M, 106185417, 7, -130.028442, 811.078552, -167.791321, 1, 0, 0, 0, 4.00
M, 106186458, 0, -313.142792, 818.588806, -181.388275, 1, 0, 0, 0, 4.00
M, 106186458, 1, -240.637848, 810.163025, -166.052185, 1, 0, 0, 0, 4.00
M, 106186458, 2, -316.278412, 816.944214, -223.900070, 1, 0, 0, 0, 4.00
M, 106186458, 3, -211.833786, 810.051880, -161.411789, 1, 0, 0, 0, 3.96
M, 106186458, 4, -268.264496, 816.404053, -174.988708, 1, 0, 0, 0, 4.00
M, 106186458, 5, -176.463211, 810.653870, -162.385132, 1, 0, 0, 0, 4.00
M, 106186458, 6, -152.818634, 811.590759, -163.489990, 1, 0, 0, 0, 4.00
M, 106186458, 7, -130.025711, 811.084595, -167.786346, 1, 0, 0, 0, 3.07
M, 106187500, 0, -313.149475, 818.589294, -181.376984, 1, 0, 0, 0, 3.57
M, 106187500, 1, -240.637375, 810.164551, -166.053970, 1, 0, 0, 0, 4.00
M, 106187500, 2, -316.278534, 816.944702, -223.900574, 1, 0, 0, 0, 4.00
M, 106187500, 3, -211.836838, 810.052612, -161.415421, 1, 0, 0, 0, 4.00
M, 106187500, 4, -268.257202, 816.410706, -174.988464, 1, 0, 0, 0, 3.37
M, 106187500, 5, -176.463028, 810.654480, -162.386795, 1, 0, 0, 0, 4.00
M, 106187500, 6, -152.820007, 811.589661, -163.492462, 1, 0, 0, 0, 4.00
M, 106187500, 7, -130.026871, 811.084473, -167.789810, 1, 0, 0, 0, 4.00
M, 106188542, 0, -313.148224, 818.589905, -181.379166, 1, 0, 0, 0, 4.00
M, 106188542, 1, -240.651749, 810.155396, -166.058258, 1, 0, 0, 0, 3.34
M, 106188542, 2, -316.278656, 816.945374, -223.901047, 1, 0, 0, 0, 4.00
M, 106188542, 3, -211.835587, 810.054504, -161.415710, 1, 0, 0, 0, 4.00
M, 106188542, 4, -268.260498, 816.407898, -174.987869, 1, 0, 0, 0, 4.00
M, 106188542, 5, -176.468307, 810.664001, -162.382629, 1, 0, 0, 0, 3.34
M, 106188542, 6, -152.821381, 811.588623, -163.494965, 1, 0, 0, 0, 4.00
M, 106188542, 7, -130.027084, 811.085693, -167.791260, 1, 0, 0, 0, 4.00
M, 106189583, 0, -313.148804, 818.590454, -181.378204, 1, 0, 0, 0, 4.00
M, 106189583, 1, -240.648849, 810.158630, -166.059692, 1, 0, 0, 0, 4.00
M, 106189583, 2, -316.282806, 816.953796, -223.909927, 1, 0, 0, 0, 3.55
M, 106189583, 3, -211.834335, 810.056519, -161.415985, 1, 0, 0, 0, 4.00
M, 106189583, 4, -268.261261, 816.407288, -174.987396, 1, 0, 0, 0, 4.00
M, 106189583, 5, -176.467255, 810.663147, -162.385269, 1, 0, 0, 0, 4.00
M, 106189583, 6, -152.803558, 811.606506, -163.473572, 1, 0, 0, 0, 3.52
M, 106189583, 7, -130.027313, 811.087036, -167.792755, 1, 0, 0, 0, 4.00
M, 106190625, 0, -313.149414, 818.591003, -181.377258, 1, 0, 0, 0, 4.00
M, 106190625, 1, -240.650009, 810.158997, -166.061722, 1, 0, 0, 0, 4.00
M, 106190625, 2, -316.282288, 816.953064, -223.909012, 1, 0, 0, 0, 4.00
M, 106190625, 3, -211.845596, 810.052612, -161.420670, 1, 0, 0, 0, 3.79
M, 106190625, 4, -268.262054, 816.406616, -174.986862, 1, 0, 0, 0, 4.00
M, 106190625, 5, -176.467682, 810.664612, -162.386322, 1, 0, 0, 0, 4.00
M, 106190625, 6, -152.808151, 811.602173, -163.480057, 1, 0, 0, 0, 4.00
M, 106190625, 7, -130.020813, 811.096191, -167.789963, 1, 0, 0, 0, 3.07
M, 106191667, 0, -313.139923, 818.599121, -181.388458, 1, 0, 0, 0, 3.57
M, 106191667, 1, -240.651138, 810.159424, -166.063812, 1, 0, 0, 0, 4.00
M, 106191667, 2, -316.282867, 816.954590, -223.910400, 1, 0, 0, 0, 4.00
M, 106191667, 3, -211.842255, 810.055603, -161.420181, 1, 0, 0, 0, 4.00
M, 106191667, 4, -268.258392, 816.415466, -174.998001, 1, 0, 0, 0, 3.37
M, 106191667, 5, -176.468094, 810.666382, -162.387329, 1, 0, 0, 0, 4.00
M, 106191667, 6, -152.807373, 811.603394, -163.479919, 1, 0, 0, 0, 4.00
M, 106191667, 7, -130.022156, 811.096313, -167.792099, 1, 0, 0, 0, 4.00
M, 106192708, 0, -313.142120, 818.598328, -181.385483, 1, 0, 0, 0, 4.00
M, 106192708, 1, -240.647385, 810.150391, -166.056717, 1, 0, 0, 0, 3.34
M, 106192708, 2, -316.283417, 816.955872, -223.911804, 1, 0, 0, 0, 4.00
M, 106192708, 3, -211.842346, 810.057068, -161.420959, 1, 0, 0, 0, 4.00
M, 106192708, 4, -268.259888, 816.413208, -174.995560, 1, 0, 0, 0, 4.00
M, 106192708, 5, -176.470596, 810.667358, -162.385193, 1, 0, 0, 0, 3.34
M, 106192708, 6, -152.806656, 811.604370, -163.479828, 1, 0, 0, 0, 4.00
M, 106192708, 7, -130.021652, 811.098572, -167.793121, 1, 0, 0, 0, 4.00
M, 106193750, 0, -313.141724, 818.599670, -181.385834, 1, 0, 0, 0, 4.00
M, 106193750, 1, -240.649292, 810.152405, -166.060287, 1, 0, 0, 0, 4.00
M, 106193750, 2, -316.267212, 816.956970, -223.912079, 1, 0, 0, 0, 3.55
M, 106193750, 3, -211.842377, 810.058533, -161.421707, 1, 0, 0, 0, 4.00
M, 106193750, 4, -268.260193, 816.413574, -174.996338, 1, 0, 0, 0, 4.00
M, 106193750, 5, -176.470688, 810.669067, -162.386765, 1, 0, 0, 0, 4.00
M, 106193750, 6, -152.804459, 811.605652, -163.470230, 1, 0, 0, 0, 3.52
M, 106193750, 7, -130.021149, 811.100647, -167.794128, 1, 0, 0, 0, 4.00
M, 106194792, 0, -313.141174, 818.600891, -181.386185, 1, 0, 0, 0, 4.00
M, 106194792, 1, -240.649887, 810.151855, -166.061356, 1, 0, 0, 0, 4.00
M, 106194792, 2, -316.270538, 816.958313, -223.913651, 1, 0, 0, 0, 4.00
M, 106194792, 3, -211.833496, 810.052673, -161.418213, 1, 0, 0, 0, 3.79
M, 106194792, 4, -268.260559, 816.413940, -174.997116, 1, 0, 0, 0, 4.00
M, 106194792, 5, -176.471344, 810.670593, -162.387451, 1, 0, 0, 0, 4.00
M, 106194792, 6, -152.803970, 811.606567, -163.471664, 1, 0, 0, 0, 4.00
M, 106194792, 7, -130.020340, 811.082275, -167.784378, 1, 0, 0, 0, 3.07
M, 106195833, 0, -313.142609, 818.601196, -181.388931, 1, 0, 0, 0, 3.57
M, 106195833, 1, -240.650497, 810.151428, -166.062439, 1, 0, 0, 0, 4.00
M, 106195833, 2, -316.269348, 816.959839, -223.914993, 1, 0, 0, 0, 4.00
M, 106195833, 3, -211.835098, 810.055237, -161.419647, 1, 0, 0, 0, 4.00
M, 106195833, 4, -268.256378, 816.414490, -175.000992, 1, 0, 0, 0, 3.37
M, 106195833, 5, -176.472000, 810.672241, -162.388168, 1, 0, 0, 0, 4.00
M, 106195833, 6, -152.803085, 811.607544, -163.470520, 1, 0, 0, 0, 4.00
M, 106195833, 7, -130.019928, 811.087769, -167.787186, 1, 0, 0, 0, 4.00
M, 106196875, 0, -313.141785, 818.602661, -181.388870, 1, 0, 0, 0, 4.00
M, 106196875, 1, -240.646851, 810.151672, -166.066071, 1, 0, 0, 0, 3.34
M, 106196875, 2, -316.268036, 816.961121, -223.916275, 1, 0, 0, 0, 4.00
M, 106196875, 3, -211.834244, 810.055786, -161.420013, 1, 0, 0, 0, 4.00
M, 106196875, 4, -268.257446, 816.414856, -175.001251, 1, 0, 0, 0, 4.00
M, 106196875, 5, -176.460678, 810.666321, -162.380005, 1, 0, 0, 0, 3.32
M, 106196875, 6, -152.802246, 811.608521, -163.469391, 1, 0, 0, 0, 4.00
M, 106196875, 7, -130.019424, 811.087708, -167.787033, 1, 0, 0, 0, 4.00
M, 106197917, 0, -313.141541, 818.603943, -181.389557, 1, 0, 0, 0, 4.00
M, 106197917, 1, -240.648163, 810.150940, -166.066696, 1, 0, 0, 0, 4.00
M, 106197917, 2, -316.263641, 816.961975, -223.911896, 1, 0, 0, 0, 3.55
M, 106197917, 3, -211.833374, 810.056335, -161.420303, 1, 0, 0, 0, 4.00
M, 106197917, 4, -268.257263, 816.415222, -175.002350, 1, 0, 0, 0, 4.00
M, 106197917, 5, -176.463303, 810.669189, -162.382141, 1, 0, 0, 0, 4.00
M, 106197917, 6, -152.799240, 811.606873, -163.475586, 1, 0, 0, 0, 3.52
M, 106197917, 7, -130.018845, 811.087708, -167.786819, 1, 0, 0, 0, 4.00
M, 106198958, 0, -313.141296, 818.605042, -181.390182, 1, 0, 0, 0, 4.00
M, 106198958, 1, -240.648285, 810.150391, -166.068039, 1, 0, 0, 0, 4.00
M, 106198958, 2, -316.262909, 816.963379, -223.914108, 1, 0, 0, 0, 4.00
M, 106198958, 3, -211.834991, 810.059326, -161.419891, 1, 0, 0, 0, 3.79
M, 106198958, 4, -268.257080, 816.415588, -175.003494, 1, 0, 0, 0, 4.00
M, 106198958, 5, -176.462646, 810.669739, -162.381851, 1, 0, 0, 0, 4.00
M, 106198958, 6, -152.798676, 811.608337, -163.473206, 1, 0, 0, 0, 4.00
M, 106198958, 7, -130.026184, 811.087463, -167.783035, 1, 0, 0, 0, 3.07
M, 106200000, 0, -313.139740, 818.596252, -181.381836, 1, 0, 0, 0, 3.57
M, 106200000, 1, -240.648468, 810.149780, -166.069412, 1, 0, 0, 0, 4.00
M, 106200000, 2, -316.261353, 816.964722, -223.914764, 1, 0, 0, 0, 4.00
M, 106200000, 3, -211.833679, 810.059509, -161.420273, 1, 0, 0, 0, 4.00
M, 106200000, 4, -268.246002, 816.419312, -174.987015, 1, 0, 0, 0, 3.37
M, 106200000, 5, -176.462021, 810.670471, -162.381577, 1, 0, 0, 0, 4.00
M, 106200000, 6, -152.797546, 811.609192, -163.472855, 1, 0, 0, 0, 4.00
M, 106200000, 7, -130.024338, 811.087402, -167.783463, 1, 0, 0, 0, 4.00
M, 106201042, 0, -313.139740, 818.599060, -181.383987, 1, 0, 0, 0, 4.00
M, 106201042, 1, -240.632050, 810.162720, -166.046371, 1, 0, 0, 0, 3.34
M, 106201042, 2, -316.259827, 816.965942, -223.915466, 1, 0, 0, 0, 4.00
M, 106201042, 3, -211.833084, 810.060547, -161.420486, 1, 0, 0, 0, 4.00
M, 106201042, 4, -268.247681, 816.419189, -174.991028, 1, 0, 0, 0, 4.00
M, 106201042, 5, -176.453735, 810.655945, -162.378296, 1, 0, 0, 0, 3.32
M, 106201042, 6, -152.796341, 811.609924, -163.472458, 1, 0, 0, 0, 4.00
M, 106201042, 7, -130.024689, 811.087280, -167.782928, 1, 0, 0, 0, 4.00
M, 106202083, 0, -313.139282, 818.599182, -181.383606, 1, 0, 0, 0, 4.00
M, 106202083, 1, -240.634842, 810.160156, -166.051712, 1, 0, 0, 0, 4.00
M, 106202083, 2, -316.252411, 816.961182, -223.906708, 1, 0, 0, 0, 3.55
M, 106202083, 3, -211.832428, 810.061340, -161.420715, 1, 0, 0, 0, 4.00
M, 106202083, 4, -268.246307, 816.419861, -174.990204, 1, 0, 0, 0, 4.00
M, 106202083, 5, -176.454391, 810.658997, -162.378571, 1, 0, 0, 0, 4.00
M, 106202083, 6, -152.786179, 811.614380, -163.465881, 1, 0, 0, 0, 3.52
M, 106202083, 7, -130.025024, 811.087158, -167.782333, 1, 0, 0, 0, 4.00
M, 106203125, 0, -313.138916, 818.599243, -181.383270, 1, 0, 0, 0, 4.00
M, 106203125, 1, -240.633179, 810.161194, -166.050400, 1, 0, 0, 0, 4.00
M, 106203125, 2, -316.251831, 816.963440, -223.908981, 1, 0, 0, 0, 4.00
M, 106203125, 3, -211.819809, 810.060425, -161.410645, 1, 0, 0, 0, 3.79
M, 106203125, 4, -268.244934, 816.420593, -174.989395, 1, 0, 0, 0, 4.00
M, 106203125, 5, -176.452896, 810.658142, -162.377975, 1, 0, 0, 0, 4.00
M, 106203125, 6, -152.786606, 811.614441, -163.466537, 1, 0, 0, 0, 4.00
M, 106203125, 7, -130.007050, 811.087830, -167.771057, 1, 0, 0, 0, 3.07
M, 106204167, 0, -313.136292, 818.589783, -181.386581, 1, 0, 0, 0, 3.57
M, 106204167, 1, -240.631531, 810.162048, -166.049088, 1, 0, 0, 0, 4.00
M, 106204167, 2, -316.249573, 816.964172, -223.908554, 1, 0, 0, 0, 4.00
M, 106204167, 3, -211.821152, 810.061707, -161.412552, 1, 0, 0, 0, 4.00
M, 106204167, 4, -268.254547, 816.409119, -174.997650, 1, 0, 0, 0, 3.56
M, 106204167, 5, -176.451431, 810.657227, -162.377380, 1, 0, 0, 0, 4.00
M, 106204167, 6, -152.784485, 811.615662, -163.465515, 1, 0, 0, 0, 4.00
M, 106204167, 7, -130.010361, 811.087708, -167.772247, 1, 0, 0, 0, 4.00
M, 106205208, 0, -313.136292, 818.591370, -181.385590, 1, 0, 0, 0, 4.00
M, 106205208, 1, -240.644318, 810.159485, -166.055634, 1, 0, 0, 0, 3.34
M, 106205208, 2, -316.247284, 816.964844, -223.908203, 1, 0, 0, 0, 4.00
M, 106205208, 3, -211.819244, 810.062500, -161.411667, 1, 0, 0, 0, 4.00
M, 106205208, 4, -268.251373, 816.411804, -174.995346, 1, 0, 0, 0, 4.00
M, 106205208, 5, -176.454987, 810.655457, -162.376297, 1, 0, 0, 0, 3.32
M, 106205208, 6, -152.782394, 811.616821, -163.464508, 1, 0, 0, 0, 4.00
M, 106205208, 7, -130.008682, 811.087708, -167.770523, 1, 0, 0, 0, 4.00
M, 106206250, 0, -313.135620, 818.590454, -181.385651, 1, 0, 0, 0, 4.00
M, 106206250, 1, -240.640305, 810.160950, -166.053024, 1, 0, 0, 0, 4.00
M, 106206250, 2, -316.262726, 816.937439, -223.909988, 1, 0, 0, 0, 3.55
M, 106206250, 3, -211.817337, 810.063049, -161.410706, 1, 0, 0, 0, 4.00
M, 106206250, 4, -268.251129, 816.411377, -174.995499, 1, 0, 0, 0, 4.00
M, 106206250, 5, -176.452652, 810.654724, -162.375763, 1, 0, 0, 0, 4.00
M, 106206250, 6, -152.799515, 811.596619, -163.469818, 1, 0, 0, 0, 3.52
M, 106206250, 7, -130.006989, 811.087646, -167.768799, 1, 0, 0, 0, 4.00
M, 106207292, 0, -313.134979, 818.589539, -181.385712, 1, 0, 0, 0, 4.00
M, 106207292, 1, -240.640213, 810.161560, -166.052597, 1, 0, 0, 0, 4.00
M, 106207292, 2, -316.257599, 816.942627, -223.909241, 1, 0, 0, 0, 4.00
M, 106207292, 3, -211.832840, 810.046814, -161.416962, 1, 0, 0, 0, 3.79
M, 106207292, 4, -268.251007, 816.410828, -174.995682, 1, 0, 0, 0, 4.00
M, 106207292, 5, -176.451706, 810.653625, -162.375107, 1, 0, 0, 0, 4.00
M, 106207292, 6, -152.794205, 811.601257, -163.467758, 1, 0, 0, 0, 4.00
M, 106207292, 7, -130.016205, 811.077271, -167.772247, 1, 0, 0, 0, 3.07
M, 106208333, 0, -313.132477, 818.591370, -181.386581, 1, 0, 0, 0, 3.57
M, 106208333, 1, -240.640121, 810.162109, -166.052124, 1, 0, 0, 0, 4.00
M, 106208333, 2, -316.257294, 816.940308, -223.909103, 1, 0, 0, 0, 4.00
M, 106208333, 3, -211.828003, 810.050293, -161.414886, 1, 0, 0, 0, 4.00
M, 106208333, 4, -268.250763, 816.410828, -175.000931, 1, 0, 0, 0, 3.37
M, 106208333, 5, -176.450806, 810.652649, -162.374451, 1, 0, 0, 0, 4.00
M, 106208333, 6, -152.794205, 811.600037, -163.467422, 1, 0, 0, 0, 4.00
M, 106208333, 7, -130.012711, 811.078918, -167.769638, 1, 0, 0, 0, 4.00
M, 106209375, 0, -313.132111, 818.589966, -181.386490, 1, 0, 0, 0, 4.00
M, 106209375, 1, -240.634872, 810.161194, -166.049622, 1, 0, 0, 0, 3.34
M, 106209375, 2, -316.257019, 816.937805, -223.909042, 1, 0, 0, 0, 4.00
M, 106209375, 3, -211.828003, 810.049255, -161.414734, 1, 0, 0, 0, 4.00
M, 106209375, 4, -268.250671, 816.410217, -175.000275, 1, 0, 0, 0, 4.00
M, 106209375, 5, -176.450684, 810.657104, -162.371750, 1, 0, 0, 0, 3.32
M, 106209375, 6, -152.794205, 811.598877, -163.467072, 1, 0, 0, 0, 4.00
M, 106209375, 7, -130.012238, 811.077820, -167.768433, 1, 0, 0, 0, 4.00
M, 106210417, 0, -313.131287, 818.589417, -181.386642, 1, 0, 0, 0, 4.00
M, 106210417, 1, -240.635681, 810.161987, -166.049561, 1, 0, 0, 0, 4.00
M, 106210417, 2, -316.239197, 816.955383, -223.907578, 1, 0, 0, 0, 3.55
M, 106210417, 3, -211.827957, 810.047974, -161.414581, 1, 0, 0, 0, 4.00
M, 106210417, 4, -268.250427, 816.409851, -175.000992, 1, 0, 0, 0, 4.00
M, 106210417, 5, -176.449554, 810.655273, -162.371414, 1, 0, 0, 0, 4.00
M, 106210417, 6, -152.786697, 811.601929, -163.457535, 1, 0, 0, 0, 3.52
M, 106210417, 7, -130.011734, 811.076721, -167.767273, 1, 0, 0, 0, 4.00
M, 106211458, 0, -313.130402, 818.588806, -181.386765, 1, 0, 0, 0, 4.00
M, 106211458, 1, -240.635025, 810.162415, -166.048843, 1, 0, 0, 0, 4.00
M, 106211458, 2, -316.241760, 816.949768, -223.907639, 1, 0, 0, 0, 4.00
M, 106211458, 3, -211.819305, 810.046570, -161.404236, 1, 0, 0, 0, 3.79
M, 106211458, 4, -268.250305, 816.409363, -175.001694, 1, 0, 0, 0, 4.00
M, 106211458, 5, -176.448715, 810.654846, -162.370529, 1, 0, 0, 0, 4.00
M, 106211458, 6, -152.787888, 811.600159, -163.458725, 1, 0, 0, 0, 4.00
M, 106211458, 7, -130.006699, 811.081787, -167.776550, 1, 0, 0, 0, 3.07
M, 106212500, 0, -313.142120, 818.587158, -181.392624, 1, 0, 0, 0, 3.57
M, 106212500, 1, -240.634369, 810.162964, -166.048187, 1, 0, 0, 0, 4.00
M, 106212500, 2, -316.239532, 816.949646, -223.907364, 1, 0, 0, 0, 4.00
M, 106212500, 3, -211.820740, 810.045410, -161.405823, 1, 0, 0, 0, 4.00
M, 106212500, 4, -268.255890, 816.409729, -174.991745, 1, 0, 0, 0, 3.37
M, 106212500, 5, -176.447861, 810.654480, -162.369629, 1, 0, 0, 0, 4.00
M, 106212500, 6, -152.787048, 811.599426, -163.457413, 1, 0, 0, 0, 4.00
M, 106212500, 7, -130.006989, 811.079529, -167.773621, 1, 0, 0, 0, 4.00
M, 106213542, 0, -313.139221, 818.586670, -181.391861, 1, 0, 0, 0, 4.00
M, 106213542, 1, -240.637161, 810.142212, -166.054031, 1, 0, 0, 0, 3.34
M, 106213542, 2, -316.237274, 816.949463, -223.907074, 1, 0, 0, 0, 4.00
M, 106213542, 3, -211.819778, 810.044128, -161.404602, 1, 0, 0, 0, 4.00
M, 106213542, 4, -268.254700, 816.409058, -174.994247, 1, 0, 0, 0, 4.00
M, 106213542, 5, -176.462524, 810.656006, -162.382919, 1, 0, 0, 0, 3.32
M, 106213542, 6, -152.786209, 811.598694, -163.456039, 1, 0, 0, 0, 4.00
M, 106213542, 7, -130.006012, 811.079163, -167.773621, 1, 0, 0, 0, 4.00
M, 106214583, 0, -313.139740, 818.585999, -181.392593, 1, 0, 0, 0, 4.00
M, 106214583, 1, -240.635941, 810.146118, -166.052246, 1, 0, 0, 0, 4.00
M, 106214583, 2, -316.269897, 816.936462, -223.918152, 1, 0, 0, 0, 3.55
M, 106214583, 3, -211.818832, 810.042847, -161.403381, 1, 0, 0, 0, 4.00
M, 106214583, 4, -268.255188, 816.408630, -174.993835, 1, 0, 0, 0, 4.00
M, 106214583, 5, -176.459091, 810.655334, -162.379700, 1, 0, 0, 0, 4.00
M, 106214583, 6, -152.807816, 811.586182, -163.472794, 1, 0, 0, 0, 3.52
M, 106214583, 7, -130.004990, 811.078674, -167.773560, 1, 0, 0, 0, 4.00
M, 106215625, 0, -313.140228, 818.585083, -181.393372, 1, 0, 0, 0, 4.00
M, 106215625, 1, -240.635651, 810.144226, -166.052307, 1, 0, 0, 0, 4.00
M, 106215625, 2, -316.261902, 816.938354, -223.916016, 1, 0, 0, 0, 4.00
M, 106215625, 3, -211.840469, 810.040161, -161.421432, 1, 0, 0, 0, 3.79
M, 106215625, 4, -268.255737, 816.408020, -174.993408, 1, 0, 0, 0, 4.00
M, 106215625, 5, -176.459900, 810.655090, -162.380325, 1, 0, 0, 0, 4.00
M, 106215625, 6, -152.803268, 811.587402, -163.468475, 1, 0, 0, 0, 4.00
M, 106215625, 7, -130.013489, 811.073059, -167.781784, 1, 0, 0, 0, 3.07
M, 106216667, 0, -313.135681, 818.585083, -181.382553, 1, 0, 0, 0, 3.57
M, 106216667, 1, -240.635406, 810.142334, -166.052338, 1, 0, 0, 0, 4.00
M, 106216667, 2, -316.263519, 816.936829, -223.916931, 1, 0, 0, 0, 4.00
M, 106216667, 3, -211.835693, 810.039429, -161.416962, 1, 0, 0, 0, 4.00
M, 106216667, 4, -268.256561, 816.401611, -174.998474, 1, 0, 0, 0, 3.37
M, 106216667, 5, -176.460754, 810.654968, -162.381012, 1, 0, 0, 0, 4.00
M, 106216667, 6, -152.804871, 811.585510, -163.469070, 1, 0, 0, 0, 4.00
M, 106216667, 7, -130.010925, 811.073486, -167.780426, 1, 0, 0, 0, 4.00
M, 106217708, 0, -313.136993, 818.584229, -181.385208, 1, 0, 0, 0, 4.00
M, 106217708, 1, -240.637772, 810.134277, -166.042053, 1, 0, 0, 0, 3.34
M, 106217708, 2, -316.265045, 816.935181, -223.917923, 1, 0, 0, 0, 4.00
M, 106217708, 3, -211.837250, 810.038025, -161.417862, 1, 0, 0, 0, 4.00
M, 106217708, 4, -268.256989, 816.402100, -174.997147, 1, 0, 0, 0, 4.00
M, 106217708, 5, -176.457809, 810.683289, -162.395798, 1, 0, 0, 0, 3.32
M, 106217708, 6, -152.806519, 811.583435, -163.469696, 1, 0, 0, 0, 4.00
M, 106217708, 7, -130.010986, 811.072449, -167.781281, 1, 0, 0, 0, 4.00
M, 106218750, 0, -313.136993, 818.583679, -181.384674, 1, 0, 0, 0, 4.00
M, 106218750, 1, -240.637024, 810.133423, -166.043777, 1, 0, 0, 0, 4.00
M, 106218750, 2, -316.250336, 816.948181, -223.905853, 1, 0, 0, 0, 3.55
M, 106218750, 3, -211.838684, 810.036743, -161.418701, 1, 0, 0, 0, 4.00
M, 106218750, 4, -268.257446, 816.401062, -174.997284, 1, 0, 0, 0, 4.00
M, 106218750, 5, -176.459274, 810.678406, -162.394150, 1, 0, 0, 0, 4.00
M, 106218750, 6, -152.799210, 811.597412, -163.473801, 1, 0, 0, 0, 3.52
M, 106218750, 7, -130.011047, 811.071411, -167.782150, 1, 0, 0, 0, 4.00
M, 106219792, 0, -313.136993, 818.582947, -181.384201, 1, 0, 0, 0, 4.00
M, 106219792, 1, -240.637085, 810.130798, -166.042709, 1, 0, 0, 0, 4.00
M, 106219792, 2, -316.254639, 816.944153, -223.908981, 1, 0, 0, 0, 4.00
M, 106219792, 3, -211.833969, 810.053345, -161.426498, 1, 0, 0, 0, 3.79
M, 106219792, 4, -268.257935, 816.399963, -174.997467, 1, 0, 0, 0, 4.00
M, 106219792, 5, -176.459686, 810.681396, -162.396393, 1, 0, 0, 0, 4.00
M, 106219792, 6, -152.802307, 811.592712, -163.473862, 1, 0, 0, 0, 4.00
M, 106219792, 7, -130.020218, 811.064819, -167.784119, 1, 0, 0, 0, 3.07
M, 106220833, 0, -313.137360, 818.586121, -181.384247, 1, 0, 0, 0, 3.57
M, 106220833, 1, -240.637115, 810.128235, -166.041626, 1, 0, 0, 0, 4.00
M, 106220833, 2, -316.254456, 816.944153, -223.908554, 1, 0, 0, 0, 4.00
M, 106220833, 3, -211.836472, 810.049011, -161.426208, 1, 0, 0, 0, 4.00
M, 106220833, 4, -268.250732, 816.401733, -174.990555, 1, 0, 0, 0, 3.37
M, 106220833, 5, -176.460159, 810.684265, -162.398590, 1, 0, 0, 0, 4.00
M, 106220833, 6, -152.802963, 811.592407, -163.474884, 1, 0, 0, 0, 4.00
M, 106220833, 7, -130.018799, 811.064575, -167.784836, 1, 0, 0, 0, 4.00
M, 106221875, 0, -313.137115, 818.584900, -181.383621, 1, 0, 0, 0, 4.00
M, 106221875, 1, -240.644821, 810.121338, -166.039368, 1, 0, 0, 0, 3.45
M, 106221875, 2, -316.254211, 816.944153, -223.908081, 1, 0, 0, 0, 4.00
M, 106221875, 3, -211.837280, 810.049683, -161.427780, 1, 0, 0, 0, 4.00
M, 106221875, 4, -268.252502, 816.400208, -174.991867, 1, 0, 0, 0, 4.00
M, 106221875, 5, -176.448547, 810.670227, -162.396011, 1, 0, 0, 0, 3.34
M, 106221875, 6, -152.803589, 811.592163, -163.475891, 1, 0, 0, 0, 4.00
M, 106221875, 7, -130.019897, 811.062805, -167.785843, 1, 0, 0, 0, 4.00
M, 106222917, 0, -313.137115, 818.584778, -181.383179, 1, 0, 0, 0, 4.00
M, 106222917, 1, -240.643539, 810.119568, -166.038467, 1, 0, 0, 0, 4.00
M, 106222917, 2, -316.251465, 816.947388, -223.911545, 1, 0, 0, 0, 3.55
M, 106222917, 3, -211.838089, 810.050232, -161.429398, 1, 0, 0, 0, 4.00
M, 106222917, 4, -268.252136, 816.399475, -174.991302, 1, 0, 0, 0, 4.00
M, 106222917, 5, -176.450989, 810.675903, -162.399017, 1, 0, 0, 0, 4.00
M, 106222917, 6, -152.799683, 811.594666, -163.474045, 1, 0, 0, 0, 3.52
M, 106222917, 7, -130.020935, 811.061096, -167.786819, 1, 0, 0, 0, 4.00
M, 106223958, 0, -313.137177, 818.584534, -181.382706, 1, 0, 0, 0, 4.00
M, 106223958, 1, -240.644409, 810.116455, -166.037247, 1, 0, 0, 0, 4.00
M, 106223958, 2, -316.251648, 816.946899, -223.910400, 1, 0, 0, 0, 4.00
M, 106223958, 3, -211.838379, 810.047607, -161.435242, 1, 0, 0, 0, 3.79
M, 106223958, 4, -268.251801, 816.398865, -174.990677, 1, 0, 0, 0, 4.00
M, 106223958, 5, -176.450119, 810.677002, -162.400681, 1, 0, 0, 0, 4.00
M, 106223958, 6, -152.801117, 811.593811, -163.475571, 1, 0, 0, 0, 4.00
M, 106223958, 7, -130.020645, 811.073120, -167.793594, 1, 0, 0, 0, 3.07
M, 106225000, 0, -313.148041, 818.584839, -181.396378, 1, 0, 0, 0, 3.57
M, 106225000, 1, -240.645248, 810.113525, -166.036026, 1, 0, 0, 0, 4.00
M, 106225000, 2, -316.251221, 816.947083, -223.910385, 1, 0, 0, 0, 4.00
M, 106225000, 3, -211.839218, 810.048950, -161.436157, 1, 0, 0, 0, 4.00
M, 106225000, 4, -268.276886, 816.386536, -175.003494, 1, 0, 0, 0, 3.37
M, 106225000, 5, -176.449265, 810.677917, -162.402405, 1, 0, 0, 0, 4.00
M, 106225000, 6, -152.801270, 811.593872, -163.476242, 1, 0, 0, 0, 4.00
M, 106225000, 7, -130.021896, 811.069275, -167.793625, 1, 0, 0, 0, 4.00
M, 106226042, 0, -313.146240, 818.584595, -181.393616, 1, 0, 0, 0, 4.00
M, 106226042, 1, -240.685623, 810.077576, -166.019196, 1, 0, 0, 0, 3.34
M, 106226042, 2, -316.250641, 816.947632, -223.910355, 1, 0, 0, 0, 4.00
M, 106226042, 3, -211.839996, 810.049255, -161.438248, 1, 0, 0, 0, 4.00
M, 106226042, 4, -268.272339, 816.387573, -175.000687, 1, 0, 0, 0, 4.00
M, 106226042, 5, -176.456741, 810.675659, -162.392334, 1, 0, 0, 0, 3.34
M, 106226042, 6, -152.801422, 811.593872, -163.476959, 1, 0, 0, 0, 4.00
M, 106226042, 7, -130.022781, 811.069092, -167.795258, 1, 0, 0, 0, 4.00
M, 106227083, 0, -313.147369, 818.584412, -181.394653, 1, 0, 0, 0, 4.00
M, 106227083, 1, -240.679932, 810.080017, -166.020569, 1, 0, 0, 0, 4.00
M, 106227083, 2, -316.271362, 816.948853, -223.927460, 1, 0, 0, 0, 3.55
M, 106227083, 3, -211.840759, 810.049561, -161.440338, 1, 0, 0, 0, 4.00
M, 106227083, 4, -268.274872, 816.385559, -175.001526, 1, 0, 0, 0, 4.00
M, 106227083, 5, -176.454437, 810.677185, -162.395950, 1, 0, 0, 0, 4.00
M, 106227083, 6, -152.805283, 811.594360, -163.483246, 1, 0, 0, 0, 3.52
M, 106227083, 7, -130.023651, 811.069031, -167.796844, 1, 0, 0, 0, 4.00
M, 106228125, 0, -313.148560, 818.584412, -181.395782, 1, 0, 0, 0, 4.00
M, 106228125, 1, -240.685059, 810.073425, -166.017609, 1, 0, 0, 0, 4.00
M, 106228125, 2, -316.267395, 816.949036, -223.924591, 1, 0, 0, 0, 4.00
M, 106228125, 3, -211.830566, 810.053528, -161.436218, 1, 0, 0, 0, 3.79
M, 106228125, 4, -268.277313, 816.383423, -175.002411, 1, 0, 0, 0, 4.00
M, 106228125, 5, -176.454498, 810.677979, -162.396332, 1, 0, 0, 0, 4.00
M, 106228125, 6, -152.804840, 811.594299, -163.483047, 1, 0, 0, 0, 4.00
M, 106228125, 7, -130.011047, 811.078369, -167.793625, 1, 0, 0, 0, 3.07
M, 106229167, 0, -313.145050, 818.584167, -181.397629, 1, 0, 0, 0, 3.57
M, 106229167, 1, -240.690247, 810.066833, -166.014755, 1, 0, 0, 0, 4.00
M, 106229167, 2, -316.269226, 816.949463, -223.926437, 1, 0, 0, 0, 4.00
M, 106229167, 3, -211.833099, 810.053284, -161.439316, 1, 0, 0, 0, 4.00
M, 106229167, 4, -268.266693, 816.391479, -175.004089, 1, 0, 0, 0, 3.37
M, 106229167, 5, -176.454498, 810.678528, -162.396683, 1, 0, 0, 0, 4.00
M, 106229167, 6, -152.805344, 811.594421, -163.484360, 1, 0, 0, 0, 4.00
M, 106229167, 7, -130.014206, 811.076721, -167.796036, 1, 0, 0, 0, 4.00
M, 106230208, 0, -313.147034, 818.584045, -181.398590, 1, 0, 0, 0, 4.00
M, 106230208, 1, -240.773697, 809.966125, -165.936874, 1, 0, 0, 0, 3.72
M, 106230208, 2, -316.271027, 816.949890, -223.928284, 1, 0, 0, 0, 4.00
M, 106230208, 3, -211.832657, 810.054016, -161.440689, 1, 0, 0, 0, 4.00
M, 106230208, 4, -268.271332, 816.387634, -175.004822, 1, 0, 0, 0, 4.00
M, 106230208, 5, -176.461411, 810.657288, -162.391861, 1, 0, 0, 0, 3.34
M, 106230208, 6, -152.805939, 811.594543, -163.485672, 1, 0, 0, 0, 4.00
M, 106230208, 7, -130.013611, 811.077576, -167.797134, 1, 0, 0, 0, 4.00
M, 106231250, 0, -313.147675, 818.583923, -181.399780, 1, 0, 0, 0, 4.00
M, 106231250, 1, -240.765915, 809.974976, -165.946320, 1, 0, 0, 0, 4.00
M, 106231250, 2, -316.274841, 816.949219, -223.933716, 1, 0, 0, 0, 3.55
M, 106231250, 3, -211.832214, 810.054749, -161.442062, 1, 0, 0, 0, 4.00
M, 106231250, 4, -268.272308, 816.386658, -175.005753, 1, 0, 0, 0, 4.00
M, 106231250, 5, -176.460281, 810.661682, -162.393112, 1, 0, 0, 0, 4.00
M, 106231250, 6, -152.806900, 811.594055, -163.480713, 1, 0, 0, 0, 3.52
M, 106231250, 7, -130.013077, 811.078430, -167.798248, 1, 0, 0, 0, 4.00
M, 106232292, 0, -313.148315, 818.583618, -181.400970, 1, 0, 0, 0, 4.00
M, 106232292, 1, -240.779648, 809.957947, -165.935272, 1, 0, 0, 0, 4.00
M, 106232292, 2, -316.276337, 816.949829, -223.934967, 1, 0, 0, 0, 4.00
M, 106232292, 3, -211.842499, 810.045044, -161.427048, 1, 0, 0, 0, 3.79
M, 106232292, 4, -268.273315, 816.385803, -175.006714, 1, 0, 0, 0, 4.00
M, 106232292, 5, -176.461060, 810.660034, -162.392960, 1, 0, 0, 0, 4.00
M, 106232292, 6, -152.807373, 811.594238, -163.483047, 1, 0, 0, 0, 4.00
M, 106232292, 7, -130.023712, 811.076294, -167.793472, 1, 0, 0, 0, 3.07
M, 106233333, 0, -313.135590, 818.596252, -181.391495, 1, 0, 0, 0, 3.57
M, 106233333, 1, -240.793365, 809.941040, -165.924179, 1, 0, 0, 0, 4.00
M, 106233333, 2, -316.278351, 816.950134, -223.937164, 1, 0, 0, 0, 4.00
M, 106233333, 3, -211.840286, 810.047363, -161.431152, 1, 0, 0, 0, 4.00
M, 106233333, 4, -268.261505, 816.401794, -174.990402, 1, 0, 0, 0, 3.37
M, 106233333, 5, -176.461838, 810.658203, -162.392761, 1, 0, 0, 0, 4.00
M, 106233333, 6, -152.807968, 811.594238, -163.483704, 1, 0, 0, 0, 4.00
M, 106233333, 7, -130.021240, 811.077698, -167.795532, 1, 0, 0, 0, 4.00
M, 106234375, 0, -313.138428, 818.593994, -181.394424, 1, 0, 0, 0, 4.00
M, 106234375, 1, -240.751221, 809.978760, -165.909973, 1, 0, 0, 0, 3.72
M, 106234375, 2, -316.280426, 816.950562, -223.939438, 1, 0, 0, 0, 4.00
M, 106234375, 3, -211.841034, 810.046875, -161.430771, 1, 0, 0, 0, 4.00
M, 106234375, 4, -268.264679, 816.397949, -174.994186, 1, 0, 0, 0, 4.00
M, 106234375, 5, -176.450745, 810.672974, -162.383224, 1, 0, 0, 0, 3.34
M, 106234375, 6, -152.808563, 811.594238, -163.484299, 1, 0, 0, 0, 4.00
M, 106234375, 7, -130.021927, 811.078247, -167.795975, 1, 0, 0, 0, 4.00
M, 106235417, 0, -313.137726, 818.595093, -181.394470, 1, 0, 0, 0, 4.00
M, 106235417, 1, -240.774170, 809.952881, -165.899414, 1, 0, 0, 0, 4.00
M, 106235417, 2, -316.246094, 816.970825, -223.921677, 1, 0, 0, 0, 3.55
M, 106235417, 3, -211.841751, 810.046448, -161.430374, 1, 0, 0, 0, 4.00
M, 106235417, 4, -268.264313, 816.398804, -174.993271, 1, 0, 0, 0, 4.00
M, 106235417, 5, -176.453522, 810.668518, -162.384613, 1, 0, 0, 0, 4.00
M, 106235417, 6, -152.787354, 811.608521, -163.476135, 1, 0, 0, 0, 3.52
M, 106235417, 7, -130.022614, 811.078796, -167.796448, 1, 0, 0, 0, 4.00
M, 106236458, 0, -313.136871, 818.596436, -181.394470, 1, 0, 0, 0, 4.00
M, 106236458, 1, -240.781738, 809.941895, -165.887909, 1, 0, 0, 0, 4.00
M, 106236458, 2, -316.254150, 816.967834, -223.927155, 1, 0, 0, 0, 4.00
M, 106236458, 3, -211.827530, 810.063416, -161.417267, 1, 0, 0, 0, 3.79
M, 106236458, 4, -268.263885, 816.399780, -174.992340, 1, 0, 0, 0, 4.00
M, 106236458, 5, -176.453018, 810.668579, -162.383453, 1, 0, 0, 0, 4.00
M, 106236458, 6, -152.791550, 811.606201, -163.478210, 1, 0, 0, 0, 4.00
M, 106236458, 7, -130.012390, 811.079651, -167.786972, 1, 0, 0, 0, 3.07
M, 106237500, 0, -313.144409, 818.593628, -181.395844, 1, 0, 0, 0, 3.57
M, 106237500, 1, -240.789337, 809.931030, -165.876465, 1, 0, 0, 0, 4.00
M, 106237500, 2, -316.252197, 816.970337, -223.927216, 1, 0, 0, 0, 4.00
M, 106237500, 3, -211.830750, 810.060181, -161.418930, 1, 0, 0, 0, 4.00
M, 106237500, 4, -268.269958, 816.400330, -174.993301, 1, 0, 0, 0, 3.37
M, 106237500, 5, -176.452530, 810.668518, -162.382263, 1, 0, 0, 0, 4.00
M, 106237500, 6, -152.789734, 811.607849, -163.477859, 1, 0, 0, 0, 4.00
M, 106237500, 7, -130.014862, 811.080078, -167.789093, 1, 0, 0, 0, 4.00
M, 106238542, 0, -313.142242, 818.595459, -181.395676, 1, 0, 0, 0, 4.00
M, 106238542, 1, -240.777710, 809.974487, -165.928955, 1, 0, 0, 0, 3.72
M, 106238542, 2, -316.250275, 816.972900, -223.927277, 1, 0, 0, 0, 4.00
M, 106238542, 3, -211.829834, 810.061584, -161.417145, 1, 0, 0, 0, 4.00
M, 106238542, 4, -268.268494, 816.401245, -174.991989, 1, 0, 0, 0, 4.00
M, 106238542, 5, -176.461365, 810.666748, -162.386734, 1, 0, 0, 0, 3.34
M, 106238542, 6, -152.788010, 811.609375, -163.477554, 1, 0, 0, 0, 4.00
M, 106238542, 7, -130.014328, 811.080566, -167.788467, 1, 0, 0, 0, 4.00
M, 106239583, 0, -313.142303, 818.596313, -181.395874, 1, 0, 0, 0, 4.00
M, 106239583, 1, -240.788498, 809.954529, -165.906952, 1, 0, 0, 0, 4.00
M, 106239583, 2, -316.272339, 816.958984, -223.938995, 1, 0, 0, 0, 3.98
M, 106239583, 3, -211.828934, 810.063049, -161.415359, 1, 0, 0, 0, 4.00
M, 106239583, 4, -268.268768, 816.402161, -174.991272, 1, 0, 0, 0, 4.00
M, 106239583, 5, -176.459335, 810.666992, -162.384613, 1, 0, 0, 0, 4.00
M, 106239583, 6, -152.801773, 811.595276, -163.476196, 1, 0, 0, 0, 3.52
M, 106239583, 7, -130.013840, 811.081116, -167.787842, 1, 0, 0, 0, 4.00
M, 106240625, 0, -313.142426, 818.597107, -181.396027, 1, 0, 0, 0, 4.00
M, 106240625, 1, -240.794052, 809.949585, -165.902481, 1, 0, 0, 0, 4.00
M, 106240625, 2, -316.266479, 816.964111, -223.937103, 1, 0, 0, 0, 4.00
M, 106240625, 3, -211.833023, 810.046570, -161.417740, 1, 0, 0, 0, 3.79
M, 106240625, 4, -268.269073, 816.403015, -174.990555, 1, 0, 0, 0, 4.00
M, 106240625, 5, -176.459839, 810.666809, -162.384048, 1, 0, 0, 0, 4.00
M, 106240625, 6, -152.797424, 811.599426, -163.476044, 1, 0, 0, 0, 4.00
M, 106240625, 7, -130.015396, 811.072815, -167.781616, 1, 0, 0, 0, 3.07
M, 106241667, 0, -313.144226, 818.593628, -181.388245, 1, 0, 0, 0, 3.57
M, 106241667, 1, -240.799561, 809.944336, -165.898071, 1, 0, 0, 0, 4.00
M, 106241667, 2, -316.267212, 816.964783, -223.938416, 1, 0, 0, 0, 4.00
M, 106241667, 3, -211.831253, 810.050842, -161.415237, 1, 0, 0, 0, 4.00
M, 106241667, 4, -268.265808, 816.394104, -174.978333, 1, 0, 0, 0, 3.37
M, 106241667, 5, -176.460342, 810.666626, -162.383453, 1, 0, 0, 0, 4.00
M, 106241667, 6, -152.797302, 811.599365, -163.475586, 1, 0, 0, 0, 4.00
M, 106241667, 7, -130.014526, 811.074829, -167.781906, 1, 0, 0, 0, 4.00
M, 106242708, 0, -313.144043, 818.595032, -181.389740, 1, 0, 0, 0, 4.00
M, 106242708, 1, -240.759262, 809.990967, -165.917480, 1, 0, 0, 0, 3.72
M, 106242708, 2, -316.267914, 816.965393, -223.939728, 1, 0, 0, 0, 4.00
M, 106242708, 3, -211.830902, 810.050232, -161.413925, 1, 0, 0, 0, 4.00
M, 106242708, 4, -268.266693, 816.396545, -174.979523, 1, 0, 0, 0, 4.00
M, 106242708, 5, -176.444672, 810.669128, -162.365875, 1, 0, 0, 0, 3.34
M, 106242708, 6, -152.797241, 811.599243, -163.475143, 1, 0, 0, 0, 4.00
M, 106242708, 7, -130.014236, 811.074402, -167.780655, 1, 0, 0, 0, 4.00
M, 106243750, 0, -313.144409, 818.595215, -181.389053, 1, 0, 0, 0, 4.00
M, 106243750, 1, -240.772385, 809.977478, -165.909103, 1, 0, 0, 0, 4.00
M, 106243750, 2, -316.247406, 816.958252, -223.916809, 1, 0, 0, 0, 3.55
M, 106243750, 3, -211.830566, 810.049866, -161.412613, 1, 0, 0, 0, 4.00
M, 106243750, 4, -268.266632, 816.396362, -174.977493, 1, 0, 0, 0, 4.00
M, 106243750, 5, -176.447830, 810.668579, -162.368103, 1, 0, 0, 0, 4.00
M, 106243750, 6, -152.787460, 811.602539, -163.466049, 1, 0, 0, 0, 3.52
M, 106243750, 7, -130.013901, 811.073975, -167.779434, 1, 0, 0, 0, 4.00
M, 106244792, 0, -313.144684, 818.595520, -181.388397, 1, 0, 0, 0, 4.00
M, 106244792, 1, -240.772919, 809.978027, -165.907227, 1, 0, 0, 0, 4.00
M, 106244792, 2, -316.251709, 816.960083, -223.922180, 1, 0, 0, 0, 4.00
M, 106244792, 3, -211.823242, 810.052734, -161.407257, 1, 0, 0, 0, 3.79
M, 106244792, 4, -268.266571, 816.396179, -174.975540, 1, 0, 0, 0, 4.00
M, 106244792, 5, -176.446579, 810.668762, -162.365692, 1, 0, 0, 0, 4.00
M, 106244792, 6, -152.788956, 811.601929, -163.467010, 1, 0, 0, 0, 4.00
M, 106244792, 7, -130.003235, 811.085632, -167.780182, 1, 0, 0, 0, 3.07
M, 106245833, 0, -313.152496, 818.589417, -181.396957, 1, 0, 0, 0, 3.57
M, 106245833, 1, -240.773392, 809.978699, -165.905380, 1, 0, 0, 0, 4.00
M, 106245833, 2, -316.250031, 816.960022, -223.920837, 1, 0, 0, 0, 4.00
M, 106245833, 3, -211.824020, 810.051697, -161.406540, 1, 0, 0, 0, 4.00
M, 106245833, 4, -268.270325, 816.397827, -174.989487, 1, 0, 0, 0, 3.37
M, 106245833, 5, -176.445358, 810.668823, -162.363251, 1, 0, 0, 0, 4.00
M, 106245833, 6, -152.787827, 811.602173, -163.465637, 1, 0, 0, 0, 4.00
M, 106245833, 7, -130.004669, 811.083191, -167.778656, 1, 0, 0, 0, 4.00
M, 106246875, 0, -313.151550, 818.590698, -181.394714, 1, 0, 0, 0, 4.00
M, 106246875, 1, -240.783356, 809.957947, -165.925171, 1, 0, 0, 0, 3.72
M, 106246875, 2, -316.248413, 816.959778, -223.919556, 1, 0, 0, 0, 4.00
M, 106246875, 3, -211.822891, 810.051636, -161.404785, 1, 0, 0, 0, 4.00
M, 106246875, 4, -268.269623, 816.397339, -174.984833, 1, 0, 0, 0, 4.00
M, 106246875, 5, -176.449432, 810.661011, -162.371002, 1, 0, 0, 0, 3.34
M, 106246875, 6, -152.786697, 811.602295, -163.464233, 1, 0, 0, 0, 4.00
M, 106246875, 7, -130.003235, 811.084167, -167.777649, 1, 0, 0, 0, 4.00
M, 106247917, 0, -313.152740, 818.590332, -181.395050, 1, 0, 0, 0, 4.00
M, 106247917, 1, -240.782333, 809.961975, -165.919739, 1, 0, 0, 0, 4.00
M, 106247917, 2, -316.247345, 816.953430, -223.922211, 1, 0, 0, 0, 3.55
M, 106247917, 3, -211.821747, 810.051575, -161.403015, 1, 0, 0, 0, 4.00
M, 106247917, 4, -268.269897, 816.397278, -174.984589, 1, 0, 0, 0, 4.00
M, 106247917, 5, -176.447266, 810.662659, -162.366882, 1, 0, 0, 0, 4.00
M, 106247917, 6, -152.795013, 811.605835, -163.480011, 1, 0, 0, 0, 3.52
M, 106247917, 7, -130.001770, 811.085205, -167.776611, 1, 0, 0, 0, 4.00
M, 106248958, 0, -313.153809, 818.589966, -181.395370, 1, 0, 0, 0, 4.00
M, 106248958, 1, -240.783890, 809.960327, -165.920273, 1, 0, 0, 0, 4.00
M, 106248958, 2, -316.245636, 816.954407, -223.920212, 1, 0, 0, 0, 4.00
M, 106248958, 3, -211.819275, 810.045410, -161.411865, 1, 0, 0, 0, 3.79
M, 106248958, 4, -268.270264, 816.397217, -174.984329, 1, 0, 0, 0, 4.00
M, 106248958, 5, -176.446579, 810.661987, -162.365570, 1, 0, 0, 0, 4.00
M, 106248958, 6, -152.792328, 811.605530, -163.475769, 1, 0, 0, 0, 4.00
M, 106248958, 7, -130.009644, 811.065735, -167.778656, 1, 0, 0, 0, 3.07
M, 106250000, 0, -313.132111, 818.590942, -181.397629, 1, 0, 0, 0, 3.57
M, 106250000, 1, -240.785431, 809.958496, -165.920761, 1, 0, 0, 0, 4.00
M, 106250000, 2, -316.244080, 816.953491, -223.919342, 1, 0, 0, 0, 4.00
M, 106250000, 3, -211.818359, 810.046265, -161.408356, 1, 0, 0, 0, 4.00
M, 106250000, 4, -268.261993, 816.395203, -174.995270, 1, 0, 0, 0, 3.37
M, 106250000, 5, -176.445923, 810.661316, -162.364258, 1, 0, 0, 0, 4.00
M, 106250000, 6, -152.792206, 811.606140, -163.476242, 1, 0, 0, 0, 4.00
M, 106250000, 7, -130.006668, 811.070007, -167.777145, 1, 0, 0, 0, 4.00
M, 106251042, 0, -313.136993, 818.590332, -181.397629, 1, 0, 0, 0, 4.00
M, 106251042, 1, -240.756760, 809.976807, -165.910141, 1, 0, 0, 0, 3.72
M, 106251042, 2, -316.242523, 816.952698, -223.918457, 1, 0, 0, 0, 4.00
M, 106251042, 3, -211.817108, 810.045471, -161.407730, 1, 0, 0, 0, 4.00
M, 106251042, 4, -268.263763, 816.395447, -174.993240, 1, 0, 0, 0, 4.00
M, 106251042, 5, -176.457031, 810.652771, -162.378448, 1, 0, 0, 0, 3.34
M, 106251042, 6, -152.792114, 811.606567, -163.476730, 1, 0, 0, 0, 4.00
M, 106251042, 7, -130.006271, 811.068665, -167.776489, 1, 0, 0, 0, 4.00
M, 106252083, 0, -313.135681, 818.590088, -181.398178, 1, 0, 0, 0, 4.00
M, 106252083, 1, -240.763290, 809.971741, -165.912476, 1, 0, 0, 0, 4.00
M, 106252083, 2, -316.241089, 816.948914, -223.910797, 1, 0, 0, 0, 3.55
M, 106252083, 3, -211.815796, 810.044800, -161.407104, 1, 0, 0, 0, 4.00
M, 106252083, 4, -268.263184, 816.395203, -174.994186, 1, 0, 0, 0, 4.00
M, 106252083, 5, -176.454391, 810.653320, -162.374573, 1, 0, 0, 0, 4.00
M, 106252083, 6, -152.797485, 811.598999, -163.478577, 1, 0, 0, 0, 3.52
M, 106252083, 7, -130.005859, 811.067383, -167.775772, 1, 0, 0, 0, 4.00
M, 106253125, 0, -313.134277, 818.589905, -181.398712, 1, 0, 0, 0, 4.00
M, 106253125, 1, -240.761566, 809.972168, -165.911758, 1, 0, 0, 0, 4.00
M, 106253125, 2, -316.239532, 816.948608, -223.911011, 1, 0, 0, 0, 4.00
M, 106253125, 3, -211.813461, 810.049255, -161.404449, 1, 0, 0, 0, 3.79
M, 106253125, 4, -268.262695, 816.394775, -174.995209, 1, 0, 0, 0, 4.00
M, 106253125, 5, -176.455017, 810.651733, -162.374939, 1, 0, 0, 0, 4.00
M, 106253125, 6, -152.796463, 811.601013, -163.478806, 1, 0, 0, 0, 4.00
M, 106253125, 7, -130.011642, 811.068665, -167.782211, 1, 0, 0, 0, 3.07
M, 106254167, 0, -313.124023, 818.594421, -181.382919, 1, 0, 0, 0, 3.57
M, 106254167, 1, -240.759750, 809.972839, -165.911011, 1, 0, 0, 0, 4.00
M, 106254167, 2, -316.238007, 816.947571, -223.909332, 1, 0, 0, 0, 4.00
M, 106254167, 3, -211.812393, 810.047729, -161.404160, 1, 0, 0, 0, 4.00
M, 106254167, 4, -268.248444, 816.398438, -174.983047, 1, 0, 0, 0, 3.37
M, 106254167, 5, -176.455612, 810.650269, -162.375320, 1, 0, 0, 0, 4.00
M, 106254167, 6, -152.796921, 811.600708, -163.479431, 1, 0, 0, 0, 4.00
M, 106254167, 7, -130.010208, 811.066956, -167.780365, 1, 0, 0, 0, 4.00
M, 106255208, 0, -313.124146, 818.593445, -181.386139, 1, 0, 0, 0, 4.00
M, 106255208, 1, -240.773605, 809.966492, -165.917740, 1, 0, 0, 0, 3.72
M, 106255208, 2, -316.236450, 816.946472, -223.907730, 1, 0, 0, 0, 4.00
M, 106255208, 3, -211.810959, 810.047546, -161.403320, 1, 0, 0, 0, 4.00
M, 106255208, 4, -268.250061, 816.397705, -174.986176, 1, 0, 0, 0, 4.00
M, 106255208, 5, -176.444229, 810.656921, -162.377579, 1, 0, 0, 0, 3.34
M, 106255208, 6, -152.797394, 811.600403, -163.480026, 1, 0, 0, 0, 4.00
M, 106255208, 7, -130.010452, 811.065857, -167.780426, 1, 0, 0, 0, 4.00
M, 106256250, 0, -313.121796, 818.593567, -181.384888, 1, 0, 0, 0, 4.00
M, 106256250, 1, -240.769257, 809.968079, -165.915802, 1, 0, 0, 0, 4.00
M, 106256250, 2, -316.253479, 816.960083, -223.930130, 1, 0, 0, 0, 3.55
M, 106256250, 3, -211.809586, 810.047363, -161.402420, 1, 0, 0, 0, 4.00
M, 106256250, 4, -268.248047, 816.397766, -174.985733, 1, 0, 0, 0, 4.00
M, 106256250, 5, -176.446777, 810.654114, -162.377609, 1, 0, 0, 0, 4.00
M, 106256250, 6, -152.772263, 811.614990, -163.472977, 1, 0, 0, 0, 3.52
M, 106256250, 7, -130.010742, 811.064758, -167.780563, 1, 0, 0, 0, 4.00
M, 106257292, 0, -313.119476, 818.593872, -181.383621, 1, 0, 0, 0, 4.00
M, 106257292, 1, -240.769226, 809.967957, -165.915924, 1, 0, 0, 0, 4.00
M, 106257292, 2, -316.248840, 816.956421, -223.924530, 1, 0, 0, 0, 4.00
M, 106257292, 3, -211.820404, 810.038086, -161.417206, 1, 0, 0, 0, 3.96
M, 106257292, 4, -268.245941, 816.397949, -174.985275, 1, 0, 0, 0, 4.00
M, 106257292, 5, -176.446106, 810.653442, -162.378204, 1, 0, 0, 0, 4.00
M, 106257292, 6, -152.776978, 811.612183, -163.474884, 1, 0, 0, 0, 4.00
M, 106257292, 7, -130.003891, 811.082520, -167.782959, 1, 0, 0, 0, 3.07
M, 106258333, 0, -313.127472, 818.585571, -181.382080, 1, 0, 0, 0, 3.57
M, 106258333, 1, -240.769165, 809.967712, -165.916046, 1, 0, 0, 0, 4.00
M, 106258333, 2, -316.249329, 816.956848, -223.925522, 1, 0, 0, 0, 4.00
M, 106258333, 3, -211.816986, 810.039490, -161.413803, 1, 0, 0, 0, 4.00
M, 106258333, 4, -268.248169, 816.399658, -174.991684, 1, 0, 0, 0, 3.37
M, 106258333, 5, -176.445389, 810.652832, -162.378784, 1, 0, 0, 0, 4.00
M, 106258333, 6, -152.774689, 811.613647, -163.474640, 1, 0, 0, 0, 4.00
M, 106258333, 7, -130.005356, 811.078369, -167.782684, 1, 0, 0, 0, 4.00
M, 106259375, 0, -313.123474, 818.587280, -181.380829, 1, 0, 0, 0, 4.00
M, 106259375, 1, -240.778259, 809.952148, -165.922577, 1, 0, 0, 0, 3.72
M, 106259375, 2, -316.249847, 816.957275, -223.926559, 1, 0, 0, 0, 4.00
M, 106259375, 3, -211.816925, 810.038391, -161.414642, 1, 0, 0, 0, 4.00
M, 106259375, 4, -268.245422, 816.399658, -174.990112, 1, 0, 0, 0, 4.00
M, 106259375, 5, -176.443268, 810.648193, -162.383392, 1, 0, 0, 0, 3.34
M, 106259375, 6, -152.772385, 811.614868, -163.474487, 1, 0, 0, 0, 4.00
M, 106259375, 7, -130.004852, 811.079407, -167.783035, 1, 0, 0, 0, 4.00
M, 106260417, 0, -313.122345, 818.586548, -181.379578, 1, 0, 0, 0, 4.00
M, 106260417, 1, -240.776672, 809.954468, -165.921616, 1, 0, 0, 0, 4.00
M, 106260417, 2, -316.231873, 816.963989, -223.937057, 1, 0, 0, 0, 3.55
M, 106260417, 3, -211.816925, 810.037048, -161.415543, 1, 0, 0, 0, 4.00
M, 106260417, 4, -268.243805, 816.400024, -174.990402, 1, 0, 0, 0, 4.00
M, 106260417, 5, -176.442825, 810.648132, -162.383331, 1, 0, 0, 0, 4.00
M, 106260417, 6, -152.783173, 811.609619, -163.476242, 1, 0, 0, 0, 3.52
M, 106260417, 7, -130.004272, 811.080505, -167.783340, 1, 0, 0, 0, 4.00
M, 106261458, 0, -313.121094, 818.585876, -181.378265, 1, 0, 0, 0, 4.00
M, 106261458, 1, -240.777664, 809.952454, -165.922424, 1, 0, 0, 0, 4.00
M, 106261458, 2, -316.235382, 816.963379, -223.936447, 1, 0, 0, 0, 4.00
M, 106261458, 3, -211.827301, 810.043213, -161.426620, 1, 0, 0, 0, 3.79
M, 106261458, 4, -268.242188, 816.400330, -174.990707, 1, 0, 0, 0, 4.00
M, 106261458, 5, -176.441956, 810.647034, -162.384354, 1, 0, 0, 0, 4.00
M, 106261458, 6, -152.778671, 811.612000, -163.475647, 1, 0, 0, 0, 4.00
M, 106261458, 7, -130.003052, 811.088806, -167.793884, 1, 0, 0, 0, 3.07
M, 106262500, 0, -313.126282, 818.590820, -181.390961, 1, 0, 0, 0, 3.57
M, 106262500, 1, -240.778580, 809.950623, -165.923233, 1, 0, 0, 0, 4.00
M, 106262500, 2, -316.233948, 816.964600, -223.938538, 1, 0, 0, 0, 4.00
M, 106262500, 3, -211.825500, 810.040833, -161.425797, 1, 0, 0, 0, 4.00
M, 106262500, 4, -268.258301, 816.391602, -174.994553, 1, 0, 0, 0, 3.37
M, 106262500, 5, -176.441147, 810.645874, -162.385391, 1, 0, 0, 0, 4.00
M, 106262500, 6, -152.777786, 811.612671, -163.475647, 1, 0, 0, 0, 4.00
M, 106262500, 7, -130.002701, 811.088623, -167.792572, 1, 0, 0, 0, 4.00
M, 106263542, 0, -313.124084, 818.589233, -181.387390, 1, 0, 0, 0, 4.00
M, 106263542, 1, -240.773819, 809.957458, -165.930588, 1, 0, 0, 0, 3.72
M, 106263542, 2, -316.232391, 816.965576, -223.940536, 1, 0, 0, 0, 4.00
M, 106263542, 3, -211.826645, 810.040405, -161.427750, 1, 0, 0, 0, 4.00
M, 106263542, 4, -268.253693, 816.393433, -174.994247, 1, 0, 0, 0, 4.00
M, 106263542, 5, -176.445023, 810.660034, -162.387451, 1, 0, 0, 0, 3.34
M, 106263542, 6, -152.776917, 811.613281, -163.475647, 1, 0, 0, 0, 4.00
M, 106263542, 7, -130.002106, 811.090454, -167.794006, 1, 0, 0, 0, 4.00
M, 106264583, 0, -313.123535, 818.589111, -181.387619, 1, 0, 0, 0, 4.00
M, 106264583, 1, -240.775665, 809.954102, -165.930267, 1, 0, 0, 0, 4.00
M, 106264583, 2, -316.240845, 816.962402, -223.938660, 1, 0, 0, 0, 3.55
M, 106264583, 3, -211.827713, 810.039978, -161.429779, 1, 0, 0, 0, 4.00
M, 106264583, 4, -268.253998, 816.392944, -174.994843, 1, 0, 0, 0, 4.00
M, 106264583, 5, -176.443420, 810.656433, -162.388290, 1, 0, 0, 0, 4.00
M, 106264583, 6, -152.788742, 811.605896, -163.480957, 1, 0, 0, 0, 3.52
M, 106264583, 7, -130.001480, 811.092407, -167.795502, 1, 0, 0, 0, 4.00
M, 106265625, 0, -313.123047, 818.588989, -181.387863, 1, 0, 0, 0, 4.00
M, 106265625, 1, -240.776016, 809.953125, -165.931778, 1, 0, 0, 0, 4.00
M, 106265625, 2, -316.237640, 816.964294, -223.941345, 1, 0, 0, 0, 4.00
M, 106265625, 3, -211.822174, 810.052368, -161.429749, 1, 0, 0, 0, 3.79
M, 106265625, 4, -268.254364, 816.392273, -174.995560, 1, 0, 0, 0, 4.00
M, 106265625, 5, -176.443054, 810.657043, -162.389420, 1, 0, 0, 0, 4.00
M, 106265625, 6, -152.785767, 811.607849, -163.480057, 1, 0, 0, 0, 4.00
M, 106265625, 7, -130.004196, 811.082642, -167.793121, 1, 0, 0, 0, 3.07
M, 106266667, 0, -313.124237, 818.578979, -181.382492, 1, 0, 0, 0, 3.57
M, 106266667, 1, -240.776291, 809.952087, -165.933304, 1, 0, 0, 0, 4.00
M, 106266667, 2, -316.237274, 816.964905, -223.942947, 1, 0, 0, 0, 4.00
M, 106266667, 3, -211.824310, 810.050049, -161.432053, 1, 0, 0, 0, 4.00
M, 106266667, 4, -268.261749, 816.395325, -174.987579, 1, 0, 0, 0, 3.37
M, 106266667, 5, -176.442764, 810.657532, -162.390549, 1, 0, 0, 0, 4.00
M, 106266667, 6, -152.786301, 811.607605, -163.480682, 1, 0, 0, 0, 4.00
M, 106266667, 7, -130.003052, 811.086365, -167.795197, 1, 0, 0, 0, 4.00
M, 106267708, 0, -313.123474, 818.580444, -181.383621, 1, 0, 0, 0, 4.00
M, 106267708, 1, -240.769913, 809.963684, -165.913605, 1, 0, 0, 0, 3.47
M, 106267708, 2, -316.236816, 816.965576, -223.944595, 1, 0, 0, 0, 4.00
M, 106267708, 3, -211.824677, 810.051086, -161.433807, 1, 0, 0, 0, 4.00
M, 106267708, 4, -268.260895, 816.394165, -174.989655, 1, 0, 0, 0, 4.00
M, 106267708, 5, -176.444550, 810.660522, -162.377914, 1, 0, 0, 0, 3.34
M, 106267708, 6, -152.786804, 811.607300, -163.481262, 1, 0, 0, 0, 4.00
M, 106267708, 7, -130.002823, 811.086975, -167.796249, 1, 0, 0, 0, 4.00
M, 106268750, 0, -313.123169, 818.579407, -181.383270, 1, 0, 0, 0, 4.00
M, 106268750, 1, -240.771362, 809.960632, -165.918610, 1, 0, 0, 0, 4.00
M, 106268750, 2, -316.228638, 816.968079, -223.923874, 1, 0, 0, 0, 3.55
M, 106268750, 3, -211.825058, 810.052002, -161.435562, 1, 0, 0, 0, 4.00
M, 106268750, 4, -268.261993, 816.393921, -174.989365, 1, 0, 0, 0, 4.00
M, 106268750, 5, -176.443832, 810.660706, -162.381317, 1, 0, 0, 0, 4.00
M, 106268750, 6, -152.777924, 811.616577, -163.474426, 1, 0, 0, 0, 3.52
M, 106268750, 7, -130.002518, 811.087646, -167.797287, 1, 0, 0, 0, 4.00
M, 106269792, 0, -313.122894, 818.578064, -181.382919, 1, 0, 0, 0, 4.00
M, 106269792, 1, -240.770889, 809.961121, -165.917831, 1, 0, 0, 0, 4.00
M, 106269792, 2, -316.229462, 816.968445, -223.929184, 1, 0, 0, 0, 4.00
M, 106269792, 3, -211.810837, 810.056091, -161.420929, 1, 0, 0, 0, 3.79
M, 106269792, 4, -268.263123, 816.393555, -174.989120, 1, 0, 0, 0, 4.00
M, 106269792, 5, -176.443771, 810.661438, -162.380951, 1, 0, 0, 0, 4.00
M, 106269792, 6, -152.780014, 811.614563, -163.476242, 1, 0, 0, 0, 4.00
M, 106269792, 7, -130.006104, 811.083069, -167.788940, 1, 0, 0, 0, 3.07
M, 106270833, 0, -313.123779, 818.585938, -181.389145, 1, 0, 0, 0, 3.57
M, 106270833, 1, -240.770508, 809.961548, -165.917053, 1, 0, 0, 0, 4.00
M, 106270833, 2, -316.228210, 816.969299, -223.928345, 1, 0, 0, 0, 4.00
M, 106270833, 3, -211.813614, 810.056580, -161.425430, 1, 0, 0, 0, 4.00
M, 106270833, 4, -268.270020, 816.390930, -174.987747, 1, 0, 0, 0, 3.37
M, 106270833, 5, -176.443649, 810.662292, -162.380600, 1, 0, 0, 0, 4.00
M, 106270833, 6, -152.779510, 811.615417, -163.476013, 1, 0, 0, 0, 4.00
M, 106270833, 7, -130.005264, 811.084351, -167.791504, 1, 0, 0, 0, 4.00
M, 106271875, 0, -313.123291, 818.583313, -181.387680, 1, 0, 0, 0, 4.00
M, 106271875, 1, -240.772507, 809.961426, -165.914017, 1, 0, 0, 0, 3.47
M, 106271875, 2, -316.226898, 816.970276, -223.927521, 1, 0, 0, 0, 4.00
M, 106271875, 3, -211.812393, 810.057861, -161.425430, 1, 0, 0, 0, 4.00
M, 106271875, 4, -268.270203, 816.391113, -174.987656, 1, 0, 0, 0, 4.00
M, 106271875, 5, -176.452026, 810.659119, -162.388641, 1, 0, 0, 0, 3.34
M, 106271875, 6, -152.779007, 811.616089, -163.475769, 1, 0, 0, 0, 4.00
M, 106271875, 7, -130.005447, 811.084290, -167.791534, 1, 0, 0, 0, 4.00
M, 106272917, 0, -313.123047, 818.583130, -181.388016, 1, 0, 0, 0, 4.00
M, 106272917, 1, -240.771729, 809.961853, -165.913605, 1, 0, 0, 0, 4.00
M, 106272917, 2, -316.240204, 816.954834, -223.927567, 1, 0, 0, 0, 3.55
M, 106272917, 3, -211.811203, 810.059143, -161.425430, 1, 0, 0, 0, 4.00
M, 106272917, 4, -268.272003, 816.390564, -174.987305, 1, 0, 0, 0, 4.00
M, 106272917, 5, -176.450516, 810.660645, -162.386856, 1, 0, 0, 0, 4.00
M, 106272917, 6, -152.791992, 811.602661, -163.476364, 1, 0, 0, 0, 3.52
M, 106272917, 7, -130.005676, 811.084229, -167.791565, 1, 0, 0, 0, 4.00
M, 106273958, 0, -313.122833, 818.583008, -181.388336, 1, 0, 0, 0, 4.00
M, 106273958, 1, -240.771545, 809.962158, -165.912521, 1, 0, 0, 0, 4.00
M, 106273958, 2, -316.236572, 816.958374, -223.926590, 1, 0, 0, 0, 4.00
M, 106273958, 3, -211.827118, 810.046082, -161.414169, 1, 0, 0, 0, 3.79
M, 106273958, 4, -268.273651, 816.390015, -174.986923, 1, 0, 0, 0, 4.00
M, 106273958, 5, -176.451309, 810.660950, -162.387390, 1, 0, 0, 0, 4.00
M, 106273958, 6, -152.789322, 811.605652, -163.476013, 1, 0, 0, 0, 4.00
M, 106273958, 7, -130.005493, 811.069519, -167.780777, 1, 0, 0, 0, 3.07
M, 106275000, 0, -313.127960, 818.582581, -181.380829, 1, 0, 0, 0, 3.57
M, 106275000, 1, -240.771362, 809.962463, -165.911484, 1, 0, 0, 0, 4.00
M, 106275000, 2, -316.236816, 816.957397, -223.925873, 1, 0, 0, 0, 4.00
M, 106275000, 3, -211.823059, 810.049805, -161.415985, 1, 0, 0, 0, 4.00
M, 106275000, 4, -268.253998, 816.395874, -174.979675, 1, 0, 0, 0, 3.56
M, 106275000, 5, -176.452148, 810.661316, -162.387955, 1, 0, 0, 0, 4.00
M, 106275000, 6, -152.790237, 811.604919, -163.475891, 1, 0, 0, 0, 4.00
M, 106275000, 7, -130.005707, 811.071960, -167.782593, 1, 0, 0, 0, 4.00
M, 106276042, 0, -313.126862, 818.582520, -181.382492, 1, 0, 0, 0, 4.00
M, 106276042, 1, -240.771484, 809.950928, -165.912521, 1, 0, 0, 0, 3.47
M, 106276042, 2, -316.237152, 816.956665, -223.925125, 1, 0, 0, 0, 4.00
M, 106276042, 3, -211.823715, 810.049500, -161.414764, 1, 0, 0, 0, 4.00
M, 106276042, 4, -268.259369, 816.394165, -174.980484, 1, 0, 0, 0, 4.00
M, 106276042, 5, -176.462646, 810.648132, -162.386978, 1, 0, 0, 0, 3.34
M, 106276042, 6, -152.791199, 811.604126, -163.475739, 1, 0, 0, 0, 4.00
M, 106276042, 7, -130.005829, 811.070374, -167.781403, 1, 0, 0, 0, 4.00
M, 106277083, 0, -313.127289, 818.582336, -181.381958, 1, 0, 0, 0, 4.00
M, 106277083, 1, -240.771301, 809.953247, -165.911163, 1, 0, 0, 0, 4.00
M, 106277083, 2, -316.222015, 816.952209, -223.906174, 1, 0, 0, 0, 3.55
M, 106277083, 3, -211.824341, 810.049255, -161.413483, 1, 0, 0, 0, 4.00
M, 106277083, 4, -268.258759, 816.394348, -174.979294, 1, 0, 0, 0, 4.00
M, 106277083, 5, -176.461899, 810.650818, -162.387802, 1, 0, 0, 0, 4.00
M, 106277083, 6, -152.789230, 811.604309, -163.470581, 1, 0, 0, 0, 3.52
M, 106277083, 7, -130.005981, 811.068787, -167.780243, 1, 0, 0, 0, 4.00
M, 106278125, 0, -313.127716, 818.582153, -181.381485, 1, 0, 0, 0, 4.00
M, 106278125, 1, -240.771194, 809.952271, -165.910355, 1, 0, 0, 0, 4.00
M, 106278125, 2, -316.224884, 816.951965, -223.908447, 1, 0, 0, 0, 4.00
M, 106278125, 3, -211.817215, 810.054138, -161.411545, 1, 0, 0, 0, 3.79
M, 106278125, 4, -268.258179, 816.394531, -174.978180, 1, 0, 0, 0, 4.00
M, 106278125, 5, -176.463745, 810.649719, -162.388168, 1, 0, 0, 0, 4.00
M, 106278125, 6, -152.790680, 811.603516, -163.471268, 1, 0, 0, 0, 4.00
M, 106278125, 7, -129.999130, 811.077332, -167.770706, 1, 0, 0, 0, 3.07
M, 106279167, 0, -313.137604, 818.584534, -181.385300, 1, 0, 0, 0, 3.57
M, 106279167, 1, -240.771072, 809.951294, -165.909546, 1, 0, 0, 0, 4.00
M, 106279167, 2, -316.223511, 816.950745, -223.905731, 1, 0, 0, 0, 4.00
M, 106279167, 3, -211.819183, 810.052917, -161.410416, 1, 0, 0, 0, 4.00
M, 106279167, 4, -268.267578, 816.382874, -174.981674, 1, 0, 0, 0, 3.37
M, 106279167, 5, -176.465622, 810.648621, -162.388580, 1, 0, 0, 0, 4.00
M, 106279167, 6, -152.791275, 811.602844, -163.470581, 1, 0, 0, 0, 4.00
M, 106279167, 7, -130.000427, 811.073975, -167.770889, 1, 0, 0, 0, 4.00
M, 106280208, 0, -313.136414, 818.583862, -181.384109, 1, 0, 0, 0, 4.00
M, 106280208, 1, -240.766724, 809.949890, -165.908066, 1, 0, 0, 0, 3.47
M, 106280208, 2, -316.222076, 816.949524, -223.902985, 1, 0, 0, 0, 4.00
M, 106280208, 3, -211.818985, 810.053040, -161.409134, 1, 0, 0, 0, 4.00
M, 106280208, 4, -268.265320, 816.385071, -174.979767, 1, 0, 0, 0, 4.00
M, 106280208, 5, -176.460342, 810.657349, -162.374039, 1, 0, 0, 0, 3.34
M, 106280208, 6, -152.791931, 811.602112, -163.469864, 1, 0, 0, 0, 4.00
M, 106280208, 7, -129.999771, 811.073486, -167.768799, 1, 0, 0, 0, 4.00
M, 106281250, 0, -313.137909, 818.584045, -181.384109, 1, 0, 0, 0, 4.00
M, 106281250, 1, -240.767258, 809.949158, -165.907349, 1, 0, 0, 0, 4.00
M, 106281250, 2, -316.222015, 816.958191, -223.914993, 1, 0, 0, 0, 3.55
M, 106281250, 3, -211.818832, 810.053345, -161.407822, 1, 0, 0, 0, 4.00
M, 106281250, 4, -268.265808, 816.383972, -174.979141, 1, 0, 0, 0, 4.00
M, 106281250, 5, -176.463440, 810.654480, -162.376907, 1, 0, 0, 0, 4.00
M, 106281250, 6, -152.792953, 811.601807, -163.470947, 1, 0, 0, 0, 3.52
M, 106281250, 7, -129.999176, 811.072937, -167.766769, 1, 0, 0, 0, 4.00
M, 106282292, 0, -313.139404, 818.583923, -181.384048, 1, 0, 0, 0, 4.00
M, 106282292, 1, -240.766663, 809.948181, -165.906448, 1, 0, 0, 0, 4.00
M, 106282292, 2, -316.220459, 816.955322, -223.909836, 1, 0, 0, 0, 4.00
M, 106282292, 3, -211.829376, 810.044128, -161.416138, 1, 0, 0, 0, 3.79
M, 106282292, 4, -268.266327, 816.382935, -174.978516, 1, 0, 0, 0, 4.00
M, 106282292, 5, -176.464554, 810.654480, -162.375671, 1, 0, 0, 0, 4.00
M, 106282292, 6, -152.793549, 811.601074, -163.469986, 1, 0, 0, 0, 4.00
M, 106282292, 7, -129.998703, 811.070251, -167.773926, 1, 0, 0, 0, 3.07
M, 106283333, 0, -313.140930, 818.583862, -181.389084, 1, 0, 0, 0, 3.57
M, 106283333, 1, -240.766037, 809.947205, -165.905518, 1, 0, 0, 0, 4.00
M, 106283333, 2, -316.219147, 816.955139, -223.908737, 1, 0, 0, 0, 4.00
M, 106283333, 3, -211.827408, 810.045898, -161.413208, 1, 0, 0, 0, 4.00
M, 106283333, 4, -268.276459, 816.391846, -174.988525, 1, 0, 0, 0, 3.37
M, 106283333, 5, -176.465652, 810.654358, -162.374451, 1, 0, 0, 0, 4.00
M, 106283333, 6, -152.794235, 811.600403, -163.469452, 1, 0, 0, 0, 4.00
M, 106283333, 7, -129.998047, 811.070129, -167.770340, 1, 0, 0, 0, 4.00
M, 106284375, 0, -313.142365, 818.584045, -181.388214, 1, 0, 0, 0, 4.00
M, 106284375, 1, -240.759979, 809.991272, -165.911041, 1, 0, 0, 0, 3.47
M, 106284375, 2, -316.217957, 816.955017, -223.907608, 1, 0, 0, 0, 4.00
M, 106284375, 3, -211.828430, 810.045044, -161.412949, 1, 0, 0, 0, 4.00
M, 106284375, 4, -268.275391, 816.389160, -174.986084, 1, 0, 0, 0, 4.00
M, 106284375, 5, -176.449738, 810.655396, -162.373032, 1, 0, 0, 0, 3.34
M, 106284375, 6, -152.794922, 811.599792, -163.468979, 1, 0, 0, 0, 4.00
M, 106284375, 7, -129.997452, 811.069458, -167.769241, 1, 0, 0, 0, 4.00
M, 106285417, 0, -313.143799, 818.584290, -181.388702, 1, 0, 0, 0, 4.00
M, 106285417, 1, -240.760315, 809.982849, -165.909134, 1, 0, 0, 0, 4.00
M, 106285417, 2, -316.218506, 816.970825, -223.912552, 1, 0, 0, 0, 3.55
M, 106285417, 3, -211.829376, 810.044434, -161.412674, 1, 0, 0, 0, 4.00
M, 106285417, 4, -268.276886, 816.389160, -174.986649, 1, 0, 0, 0, 4.00
M, 106285417, 5, -176.453674, 810.655273, -162.371841, 1, 0, 0, 0, 4.00
M, 106285417, 6, -152.795090, 811.601807, -163.471268, 1, 0, 0, 0, 3.52
M, 106285417, 7, -129.996826, 811.068665, -167.768204, 1, 0, 0, 0, 4.00
M, 106286458, 0, -313.145233, 818.584412, -181.389236, 1, 0, 0, 0, 4.00
M, 106286458, 1, -240.759155, 809.986694, -165.908951, 1, 0, 0, 0, 4.00
M, 106286458, 2, -316.217010, 816.967896, -223.910461, 1, 0, 0, 0, 4.00
M, 106286458, 3, -211.821335, 810.047546, -161.399261, 1, 0, 0, 0, 3.79
M, 106286458, 4, -268.278442, 816.389221, -174.987183, 1, 0, 0, 0, 4.00
M, 106286458, 5, -176.452927, 810.655212, -162.370575, 1, 0, 0, 0, 4.00
M, 106286458, 6, -152.795837, 811.600769, -163.470352, 1, 0, 0, 0, 4.00
M, 106286458, 7, -130.000458, 811.073303, -167.761978, 1, 0, 0, 0, 3.07
M, 106287500, 0, -313.140808, 818.581543, -181.383896, 1, 0, 0, 0, 3.57
M, 106287500, 1, -240.757980, 809.990601, -165.908768, 1, 0, 0, 0, 4.00
M, 106287500, 2, -316.215942, 816.969543, -223.909927, 1, 0, 0, 0, 4.00
M, 106287500, 3, -211.823776, 810.046143, -161.401169, 1, 0, 0, 0, 4.00
M, 106287500, 4, -268.258118, 816.399597, -174.971985, 1, 0, 0, 0, 3.37
M, 106287500, 5, -176.452148, 810.655334, -162.369324, 1, 0, 0, 0, 4.00
M, 106287500, 6, -152.796463, 811.600403, -163.470108, 1, 0, 0, 0, 4.00
M, 106287500, 7, -129.999130, 811.071716, -167.761765, 1, 0, 0, 0, 4.00
M, 106288542, 0, -313.143219, 818.582153, -181.385391, 1, 0, 0, 0, 4.00
M, 106288542, 1, -240.774231, 809.973877, -165.906448, 1, 0, 0, 0, 3.72
M, 106288542, 2, -316.214874, 816.971130, -223.909485, 1, 0, 0, 0, 4.00
M, 106288542, 3, -211.823746, 810.045898, -161.399445, 1, 0, 0, 0, 4.00
M, 106288542, 4, -268.263306, 816.398010, -174.975113, 1, 0, 0, 0, 4.00
M, 106288542, 5, -176.438828, 810.657532, -162.366653, 1, 0, 0, 0, 3.34
M, 106288542, 6, -152.797058, 811.600037, -163.469894, 1, 0, 0, 0, 4.00
M, 106288542, 7, -129.999008, 811.071533, -167.760117, 1, 0, 0, 0, 4.00
M, 106289583, 0, -313.144043, 818.581848, -181.385269, 1, 0, 0, 0, 4.00
M, 106289583, 1, -240.770172, 809.981262, -165.906601, 1, 0, 0, 0, 4.00
M, 106289583, 2, -316.226959, 816.966309, -223.919144, 1, 0, 0, 0, 3.55
M, 106289583, 3, -211.823715, 810.045654, -161.397720, 1, 0, 0, 0, 4.00
M, 106289583, 4, -268.262451, 816.399048, -174.973923, 1, 0, 0, 0, 4.00
M, 106289583, 5, -176.440140, 810.657349, -162.365631, 1, 0, 0, 0, 4.00
M, 106289583, 6, -152.790268, 811.608826, -163.463135, 1, 0, 0, 0, 3.52
M, 106289583, 7, -129.998856, 811.071350, -167.758484, 1, 0, 0, 0, 4.00
M, 106290625, 0, -313.144867, 818.581665, -181.385178, 1, 0, 0, 0, 4.00
M, 106290625, 1, -240.770889, 809.982971, -165.906204, 1, 0, 0, 0, 4.00
M, 106290625, 2, -316.223816, 816.968872, -223.917023, 1, 0, 0, 0, 4.00
M, 106290625, 3, -211.838196, 810.026367, -161.405701, 1, 0, 0, 0, 3.79
M, 106290625, 4, -268.261627, 816.400146, -174.972733, 1, 0, 0, 0, 4.00
M, 106290625, 5, -176.438019, 810.657593, -162.364212, 1, 0, 0, 0, 4.00
M, 106290625, 6, -152.792053, 811.607056, -163.464005, 1, 0, 0, 0, 4.00
M, 106290625, 7, -130.004013, 811.070251, -167.769272, 1, 0, 0, 0, 3.07
M, 106291667, 0, -313.141724, 818.581787, -181.388641, 1, 0, 0, 0, 3.57
M, 106291667, 1, -240.771637, 809.984558, -165.905762, 1, 0, 0, 0, 4.00
M, 106291667, 2, -316.224182, 816.969788, -223.917679, 1, 0, 0, 0, 4.00
M, 106291667, 3, -211.835754, 810.029297, -161.402359, 1, 0, 0, 0, 4.00
M, 106291667, 4, -268.268829, 816.388672, -174.980057, 1, 0, 0, 0, 3.37
M, 106291667, 5, -176.435883, 810.657959, -162.362808, 1, 0, 0, 0, 4.00
M, 106291667, 6, -152.791855, 811.607788, -163.463074, 1, 0, 0, 0, 4.00
M, 106291667, 7, -130.003021, 811.070129, -167.765579, 1, 0, 0, 0, 4.00
M, 106292708, 0, -313.143219, 818.581543, -181.387924, 1, 0, 0, 0, 4.00
M, 106292708, 1, -240.781616, 809.956360, -165.907425, 1, 0, 0, 0, 3.72
M, 106292708, 2, -316.224579, 816.970642, -223.918335, 1, 0, 0, 0, 4.00
M, 106292708, 3, -211.837311, 810.026978, -161.401703, 1, 0, 0, 0, 4.00
M, 106292708, 4, -268.266632, 816.391846, -174.977493, 1, 0, 0, 0, 4.00
M, 106292708, 5, -176.451828, 810.644653, -162.375168, 1, 0, 0, 0, 3.34
M, 106292708, 6, -152.791641, 811.608459, -163.462189, 1, 0, 0, 0, 4.00
M, 106292708, 7, -130.003479, 811.069946, -167.765335, 1, 0, 0, 0, 4.00
M, 106293750, 0, -313.143555, 818.581299, -181.388214, 1, 0, 0, 0, 4.00
M, 106293750, 1, -240.780762, 809.963196, -165.906631, 1, 0, 0, 0, 4.00
M, 106293750, 2, -316.221191, 816.961914, -223.910355, 1, 0, 0, 0, 3.55
M, 106293750, 3, -211.838852, 810.024719, -161.401047, 1, 0, 0, 0, 4.00
M, 106293750, 4, -268.266754, 816.391602, -174.977264, 1, 0, 0, 0, 4.00
M, 106293750, 5, -176.446701, 810.647217, -162.371475, 1, 0, 0, 0, 4.00
M, 106293750, 6, -152.796494, 811.602356, -163.461288, 1, 0, 0, 0, 3.52
M, 106293750, 7, -130.003922, 811.069641, -167.765076, 1, 0, 0, 0, 4.00
M, 106294792, 0, -313.143982, 818.581055, -181.388458, 1, 0, 0, 0, 4.00
M, 106294792, 1, -240.782516, 809.961365, -165.906448, 1, 0, 0, 0, 4.00
M, 106294792, 2, -316.222198, 816.964417, -223.912430, 1, 0, 0, 0, 4.00
M, 106294792, 3, -211.832275, 810.033875, -161.409042, 1, 0, 0, 0, 3.79
M, 106294792, 4, -268.266815, 816.391296, -174.977020, 1, 0, 0, 0, 4.00
M, 106294792, 5, -176.446609, 810.645935, -162.371597, 1, 0, 0, 0, 4.00
M, 106294792, 6, -152.795456, 811.604004, -163.460327, 1, 0, 0, 0, 4.00
M, 106294792, 7, -130.010117, 811.076233, -167.784088, 1, 0, 0, 0, 3.07
M, 106295833, 0, -313.137360, 818.589355, -181.393402, 1, 0, 0, 0, 3.57
M, 106295833, 1, -240.784241, 809.959900, -165.906204, 1, 0, 0, 0, 4.00
M, 106295833, 2, -316.222137, 816.964233, -223.912109, 1, 0, 0, 0, 4.00
M, 106295833, 3, -211.835220, 810.029541, -161.406952, 1, 0, 0, 0, 4.00
M, 106295833, 4, -268.271881, 816.387512, -174.975052, 1, 0, 0, 0, 3.37
M, 106295833, 5, -176.446426, 810.644775, -162.371689, 1, 0, 0, 0, 4.00
M, 106295833, 6, -152.795807, 811.603882, -163.459412, 1, 0, 0, 0, 4.00
M, 106295833, 7, -130.009613, 811.074890, -167.780594, 1, 0, 0, 0, 4.00
M, 106296875, 0, -313.138794, 818.587891, -181.392868, 1, 0, 0, 0, 4.00
M, 106296875, 1, -240.779709, 809.968323, -165.906754, 1, 0, 0, 0, 3.72
M, 106296875, 2, -316.222137, 816.963989, -223.911835, 1, 0, 0, 0, 4.00
M, 106296875, 3, -211.835876, 810.028442, -161.407257, 1, 0, 0, 0, 4.00
M, 106296875, 4, -268.271149, 816.387756, -174.975082, 1, 0, 0, 0, 4.00
M, 106296875, 5, -176.453308, 810.650818, -162.372375, 1, 0, 0, 0, 3.34
M, 106296875, 6, -152.796204, 811.603821, -163.458511, 1, 0, 0, 0, 4.00
M, 106296875, 7, -130.010651, 811.075256, -167.782440, 1, 0, 0, 0, 4.00
M, 106297917, 0, -313.138428, 818.588562, -181.393646, 1, 0, 0, 0, 4.00
M, 106297917, 1, -240.782455, 809.965088, -165.906387, 1, 0, 0, 0, 4.00
M, 106297917, 2, -316.230133, 816.969971, -223.934280, 1, 0, 0, 0, 3.55
M, 106297917, 3, -211.836594, 810.027283, -161.407547, 1, 0, 0, 0, 4.00
M, 106297917, 4, -268.271759, 816.387146, -174.974640, 1, 0, 0, 0, 4.00
M, 106297917, 5, -176.451935, 810.648499, -162.372375, 1, 0, 0, 0, 4.00
M, 106297917, 6, -152.798492, 811.598022, -163.467941, 1, 0, 0, 0, 3.52
M, 106297917, 7, -130.011765, 811.075745, -167.784286, 1, 0, 0, 0, 4.00
M, 106298958, 0, -313.138031, 818.589355, -181.394424, 1, 0, 0, 0, 4.00
M, 106298958, 1, -240.783524, 809.964600, -165.906265, 1, 0, 0, 0, 4.00
M, 106298958, 2, -316.228821, 816.968689, -223.930252, 1, 0, 0, 0, 4.00
M, 106298958, 3, -211.827560, 810.042786, -161.414429, 1, 0, 0, 0, 3.79
M, 106298958, 4, -268.272339, 816.386597, -174.974228, 1, 0, 0, 0, 4.00
M, 106298958, 5, -176.452530, 810.648193, -162.372482, 1, 0, 0, 0, 4.00
M, 106298958, 6, -152.798553, 811.598816, -163.465347, 1, 0, 0, 0, 4.00
M, 106298958, 7, -130.018616, 811.067322, -167.788071, 1, 0, 0, 0, 3.07
M, 106300000, 0, -313.137604, 818.588562, -181.379272, 1, 0, 0, 0, 3.57
M, 106300000, 1, -240.784546, 809.964233, -165.906128, 1, 0, 0, 0, 4.00
M, 106300000, 2, -316.229706, 816.969177, -223.932434, 1, 0, 0, 0, 4.00
M, 106300000, 3, -211.829865, 810.038879, -161.413666, 1, 0, 0, 0, 4.00
M, 106300000, 4, -268.268433, 816.393250, -174.982391, 1, 0, 0, 0, 3.37
M, 106300000, 5, -176.453125, 810.647888, -162.372665, 1, 0, 0, 0, 4.00
M, 106300000, 6, -152.799088, 811.598145, -163.465515, 1, 0, 0, 0, 4.00
M, 106300000, 7, -130.018707, 811.069275, -167.789566, 1, 0, 0, 0, 4.00
M, 106301042, 0, -313.137177, 818.589600, -181.382675, 1, 0, 0, 0, 4.00
M, 106301042, 1, -240.777924, 809.974182, -165.909790, 1, 0, 0, 0, 3.72
M, 106301042, 2, -316.230591, 816.969666, -223.934662, 1, 0, 0, 0, 4.00
M, 106301042, 3, -211.829529, 810.039612, -161.414703, 1, 0, 0, 0, 4.00
M, 106301042, 4, -268.269745, 816.391479, -174.980515, 1, 0, 0, 0, 4.00
M, 106301042, 5, -176.441666, 810.660889, -162.375702, 1, 0, 0, 0, 3.34
M, 106301042, 6, -152.799683, 811.597351, -163.465759, 1, 0, 0, 0, 4.00
M, 106301042, 7, -130.020370, 811.068848, -167.791626, 1, 0, 0, 0, 4.00
M, 106302083, 0, -313.136780, 818.590210, -181.381699, 1, 0, 0, 0, 4.00
M, 106302083, 1, -240.780304, 809.971863, -165.909012, 1, 0, 0, 0, 4.00
M, 106302083, 2, -316.224518, 816.965027, -223.931747, 1, 0, 0, 0, 3.55
M, 106302083, 3, -211.829178, 810.040283, -161.415710, 1, 0, 0, 0, 4.00
M, 106302083, 4, -268.269806, 816.391602, -174.980988, 1, 0, 0, 0, 4.00
M, 106302083, 5, -176.444199, 810.658447, -162.375351, 1, 0, 0, 0, 4.00
M, 106302083, 6, -152.793839, 811.602478, -163.462067, 1, 0, 0, 0, 3.52
M, 106302083, 7, -130.022064, 811.068359, -167.793655, 1, 0, 0, 0, 4.00
M, 106303125, 0, -313.136414, 818.590759, -181.380707, 1, 0, 0, 0, 4.00
M, 106303125, 1, -240.780487, 809.972534, -165.909317, 1, 0, 0, 0, 4.00
M, 106303125, 2, -316.226501, 816.966553, -223.934753, 1, 0, 0, 0, 4.00
M, 106303125, 3, -211.826752, 810.040161, -161.404861, 1, 0, 0, 0, 3.54
M, 106303125, 4, -268.269836, 816.391846, -174.981491, 1, 0, 0, 0, 4.00
M, 106303125, 5, -176.443481, 810.659668, -162.375824, 1, 0, 0, 0, 4.00
M, 106303125, 6, -152.795517, 811.600708, -163.462952, 1, 0, 0, 0, 4.00
M, 106303125, 7, -130.006454, 811.083374, -167.787506, 1, 0, 0, 0, 3.07
M, 106304167, 0, -313.137909, 818.587097, -181.385712, 1, 0, 0, 0, 3.57
M, 106304167, 1, -240.780701, 809.973083, -165.909576, 1, 0, 0, 0, 4.00
M, 106304167, 2, -316.226563, 816.966553, -223.936401, 1, 0, 0, 0, 4.00
M, 106304167, 3, -211.826706, 810.040894, -161.407822, 1, 0, 0, 0, 4.00
M, 106304167, 4, -268.282196, 816.379517, -174.984177, 1, 0, 0, 0, 3.37
M, 106304167, 5, -176.442764, 810.660645, -162.376297, 1, 0, 0, 0, 4.00
M, 106304167, 6, -152.795364, 811.600647, -163.462723, 1, 0, 0, 0, 4.00
M, 106304167, 7, -130.011047, 811.080200, -167.790909, 1, 0, 0, 0, 4.00
M, 106305208, 0, -313.137238, 818.588440, -181.383804, 1, 0, 0, 0, 4.00
M, 106305208, 1, -240.790375, 809.965271, -165.912521, 1, 0, 0, 0, 3.72
M, 106305208, 2, -316.226685, 816.966553, -223.938004, 1, 0, 0, 0, 4.00
M, 106305208, 3, -211.826157, 810.041504, -161.407547, 1, 0, 0, 0, 4.00
M, 106305208, 4, -268.280273, 816.381775, -174.984299, 1, 0, 0, 0, 4.00
M, 106305208, 5, -176.465225, 810.647766, -162.380722, 1, 0, 0, 0, 3.34
M, 106305208, 6, -152.795212, 811.600525, -163.462479, 1, 0, 0, 0, 4.00
M, 106305208, 7, -130.010864, 811.081360, -167.792038, 1, 0, 0, 0, 4.00
M, 106306250, 0, -313.136993, 818.588440, -181.383484, 1, 0, 0, 0, 4.00
M, 106306250, 1, -240.789017, 809.967346, -165.912323, 1, 0, 0, 0, 4.00
M, 106306250, 2, -316.232635, 816.964355, -223.936935, 1, 0, 0, 0, 3.55
M, 106306250, 3, -211.825562, 810.042053, -161.407257, 1, 0, 0, 0, 4.00
M, 106306250, 4, -268.281647, 816.380676, -174.985016, 1, 0, 0, 0, 4.00
M, 106306250, 5, -176.460709, 810.651062, -162.380539, 1, 0, 0, 0, 4.00
M, 106306250, 6, -152.797089, 811.604431, -163.475052, 1, 0, 0, 0, 3.52
M, 106306250, 7, -130.010681, 811.082458, -167.793198, 1, 0, 0, 0, 4.00
M, 106307292, 0, -313.136780, 818.588745, -181.383148, 1, 0, 0, 0, 4.00
M, 106307292, 1, -240.790268, 809.966980, -165.912888, 1, 0, 0, 0, 4.00
M, 106307292, 2, -316.231689, 816.964661, -223.939011, 1, 0, 0, 0, 4.00
M, 106307292, 3, -211.835587, 810.036743, -161.408295, 1, 0, 0, 0, 3.54
M, 106307292, 4, -268.283081, 816.379639, -174.985733, 1, 0, 0, 0, 4.00
M, 106307292, 5, -176.462494, 810.650574, -162.381424, 1, 0, 0, 0, 4.00
M, 106307292, 6, -152.796616, 811.603821, -163.472733, 1, 0, 0, 0, 4.00
M, 106307292, 7, -130.017715, 811.076599, -167.785187, 1, 0, 0, 0, 3.07
M, 106308333, 0, -313.134674, 818.598633, -181.385956, 1, 0, 0, 0, 3.57
M, 106308333, 1, -240.791519, 809.966797, -165.913483, 1, 0, 0, 0, 4.00
M, 106308333, 2, -316.232452, 816.964539, -223.940292, 1, 0, 0, 0, 4.00
M, 106308333, 3, -211.833252, 810.038330, -161.407791, 1, 0, 0, 0, 4.00
M, 106308333, 4, -268.267639, 816.399597, -174.976395, 1, 0, 0, 0, 3.37
M, 106308333, 5, -176.464279, 810.650269, -162.382324, 1, 0, 0, 0, 4.00
M, 106308333, 6, -152.796707, 811.604065, -163.473923, 1, 0, 0, 0, 4.00
M, 106308333, 7, -130.016342, 811.078979, -167.787811, 1, 0, 0, 0, 4.00
M, 106309375, 0, -313.134735, 818.597229, -181.385086, 1, 0, 0, 0, 4.00
M, 106309375, 1, -240.782455, 809.946594, -165.895599, 1, 0, 0, 0, 3.72
M, 106309375, 2, -316.233124, 816.964294, -223.941635, 1, 0, 0, 0, 4.00
M, 106309375, 3, -211.833786, 810.038391, -161.407639, 1, 0, 0, 0, 4.00
M, 106309375, 4, -268.271881, 816.394714, -174.978775, 1, 0, 0, 0, 4.00
M, 106309375, 5, -176.448334, 810.665588, -162.374969, 1, 0, 0, 0, 3.34
M, 106309375, 6, -152.796829, 811.604370, -163.475113, 1, 0, 0, 0, 4.00
M, 106309375, 7, -130.016937, 811.079468, -167.787964, 1, 0, 0, 0, 4.00
M, 106310417, 0, -313.134369, 818.598267, -181.385117, 1, 0, 0, 0, 4.00
M, 106310417, 1, -240.785431, 809.949524, -165.899231, 1, 0, 0, 0, 4.00
M, 106310417, 2, -316.231964, 816.952637, -223.932404, 1, 0, 0, 0, 3.98
M, 106310417, 3, -211.834335, 810.038513, -161.407486, 1, 0, 0, 0, 4.00
M, 106310417, 4, -268.271454, 816.395996, -174.978424, 1, 0, 0, 0, 4.00
M, 106310417, 5, -176.453110, 810.662537, -162.377258, 1, 0, 0, 0, 4.00
M, 106310417, 6, -152.791199, 811.609253, -163.463608, 1, 0, 0, 0, 3.52
M, 106310417, 7, -130.017487, 811.080078, -167.788071, 1, 0, 0, 0, 4.00
M, 106311458, 0, -313.133972, 818.599609, -181.385117, 1, 0, 0, 0, 4.00
M, 106311458, 1, -240.785553, 809.947083, -165.897812, 1, 0, 0, 0, 4.00
M, 106311458, 2, -316.233002, 816.954285, -223.935501, 1, 0, 0, 0, 4.00
M, 106311458, 3, -211.833908, 810.056030, -161.417984, 1, 0, 0, 0, 3.54
M, 106311458, 4, -268.271088, 816.397034, -174.978104, 1, 0, 0, 0, 4.00
M, 106311458, 5, -176.452988, 810.663696, -162.377258, 1, 0, 0, 0, 4.00
M, 106311458, 6, -152.792236, 811.608826, -163.466888, 1, 0, 0, 0, 4.00
M, 106311458, 7, -130.013123, 811.071533, -167.789124, 1, 0, 0, 0, 3.07
M, 106312500, 0, -313.129669, 818.594666, -181.381393, 1, 0, 0, 0, 3.57
M, 106312500, 1, -240.785736, 809.944519, -165.896378, 1, 0, 0, 0, 4.00
M, 106312500, 2, -316.233582, 816.952698, -223.935684, 1, 0, 0, 0, 4.00
M, 106312500, 3, -211.834686, 810.052917, -161.416107, 1, 0, 0, 0, 4.00
M, 106312500, 4, -268.276886, 816.388916, -174.987335, 1, 0, 0, 0, 3.37
M, 106312500, 5, -176.452866, 810.665100, -162.377258, 1, 0, 0, 0, 4.00
M, 106312500, 6, -152.791763, 811.609619, -163.466705, 1, 0, 0, 0, 4.00
M, 106312500, 7, -130.014557, 811.073364, -167.789093, 1, 0, 0, 0, 4.00
M, 106313542, 0, -313.129913, 818.596741, -181.382019, 1, 0, 0, 0, 4.00
M, 106313542, 1, -240.790146, 809.955688, -165.904037, 1, 0, 0, 0, 3.72
M, 106313542, 2, -316.234070, 816.951172, -223.935852, 1, 0, 0, 0, 4.00
M, 106313542, 3, -211.835098, 810.054871, -161.417114, 1, 0, 0, 0, 4.00
M, 106313542, 4, -268.275513, 816.391479, -174.985428, 1, 0, 0, 0, 4.00
M, 106313542, 5, -176.452988, 810.666504, -162.385269, 1, 0, 0, 0, 3.34
M, 106313542, 6, -152.791168, 811.610474, -163.466476, 1, 0, 0, 0, 4.00
M, 106313542, 7, -130.014618, 811.072754, -167.789352, 1, 0, 0, 0, 4.00
M, 106314583, 0, -313.129089, 818.597351, -181.381607, 1, 0, 0, 0, 4.00
M, 106314583, 1, -240.789551, 809.950928, -165.901077, 1, 0, 0, 0, 4.00
M, 106314583, 2, -316.229065, 816.957092, -223.925247, 1, 0, 0, 0, 3.55
M, 106314583, 3, -211.835587, 810.056702, -161.418137, 1, 0, 0, 0, 4.00
M, 106314583, 4, -268.275818, 816.391541, -174.986145, 1, 0, 0, 0, 4.00
M, 106314583, 5, -176.452866, 810.667603, -162.383987, 1, 0, 0, 0, 4.00
M, 106314583, 6, -152.799393, 811.600769, -163.473267, 1, 0, 0, 0, 3.52
M, 106314583, 7, -130.014679, 811.072266, -167.789597, 1, 0, 0, 0, 4.00
M, 106315625, 0, -313.128296, 818.597656, -181.381241, 1, 0, 0, 0, 4.00
M, 106315625, 1, -240.790146, 809.950073, -165.900665, 1, 0, 0, 0, 4.00
M, 106315625, 2, -316.230499, 816.954407, -223.927185, 1, 0, 0, 0, 4.00
M, 106315625, 3, -211.819870, 810.048828, -161.402954, 1, 0, 0, 0, 3.54
M, 106315625, 4, -268.276062, 816.391602, -174.986801, 1, 0, 0, 0, 4.00
M, 106315625, 5, -176.452774, 810.668884, -162.384888, 1, 0, 0, 0, 4.00
M, 106315625, 6, -152.797424, 811.603394, -163.471924, 1, 0, 0, 0, 4.00
M, 106315625, 7, -130.005417, 811.077515, -167.787186, 1, 0, 0, 0, 3.07
M, 106316667, 0, -313.124786, 818.590149, -181.376389, 1, 0, 0, 0, 3.57
M, 106316667, 1, -240.790680, 809.949097, -165.900192, 1, 0, 0, 0, 4.00
M, 106316667, 2, -316.230499, 816.953674, -223.926208, 1, 0, 0, 0, 4.00
M, 106316667, 3, -211.822968, 810.052368, -161.406662, 1, 0, 0, 0, 4.00
M, 106316667, 4, -268.274506, 816.381592, -174.976486, 1, 0, 0, 0, 3.37
M, 106316667, 5, -176.452713, 810.670105, -162.385727, 1, 0, 0, 0, 4.00
M, 106316667, 6, -152.797836, 811.602905, -163.472488, 1, 0, 0, 0, 4.00
M, 106316667, 7, -130.007019, 811.075867, -167.787872, 1, 0, 0, 0, 4.00
M, 106317708, 0, -313.124359, 818.591980, -181.376709, 1, 0, 0, 0, 4.00
M, 106317708, 1, -240.778931, 809.955444, -165.894592, 1, 0, 0, 0, 3.72
M, 106317708, 2, -316.230377, 816.952942, -223.925186, 1, 0, 0, 0, 4.00
M, 106317708, 3, -211.821655, 810.053162, -161.405884, 1, 0, 0, 0, 4.00
M, 106317708, 4, -268.275024, 816.383423, -174.978958, 1, 0, 0, 0, 4.00
M, 106317708, 5, -176.452866, 810.655334, -162.377380, 1, 0, 0, 0, 3.34
M, 106317708, 6, -152.798248, 811.602661, -163.473022, 1, 0, 0, 0, 4.00
M, 106317708, 7, -130.006042, 811.075989, -167.787811, 1, 0, 0, 0, 4.00
M, 106318750, 0, -313.123230, 818.591614, -181.375854, 1, 0, 0, 0, 4.00
M, 106318750, 1, -240.781586, 809.953186, -165.895004, 1, 0, 0, 0, 4.00
M, 106318750, 2, -316.207550, 816.960388, -223.910400, 1, 0, 0, 0, 3.55
M, 106318750, 3, -211.820328, 810.054199, -161.405106, 1, 0, 0, 0, 4.00
M, 106318750, 4, -268.275085, 816.382507, -174.978455, 1, 0, 0, 0, 4.00
M, 106318750, 5, -176.452713, 810.659180, -162.379822, 1, 0, 0, 0, 4.00
M, 106318750, 6, -152.803085, 811.591431, -163.468048, 1, 0, 0, 0, 3.52
M, 106318750, 7, -130.005081, 811.076172, -167.787750, 1, 0, 0, 0, 4.00
M, 106319792, 0, -313.122101, 818.591248, -181.374985, 1, 0, 0, 0, 4.00
M, 106319792, 1, -240.780869, 809.952942, -165.894028, 1, 0, 0, 0, 4.00
M, 106319792, 2, -316.211182, 816.958496, -223.911713, 1, 0, 0, 0, 4.00
M, 106319792, 3, -211.814957, 810.024231, -161.379120, 1, 0, 0, 0, 3.54
M, 106319792, 4, -268.275085, 816.381470, -174.977921, 1, 0, 0, 0, 4.00
M, 106319792, 5, -176.452621, 810.658752, -162.379639, 1, 0, 0, 0, 4.00
M, 106319792, 6, -152.802841, 811.592834, -163.469543, 1, 0, 0, 0, 4.00
M, 106319792, 7, -130.004730, 811.077209, -167.785187, 1, 0, 0, 0, 3.07
M, 106320833, 0, -313.135925, 818.586731, -181.377640, 1, 0, 0, 0, 3.57
M, 106320833, 1, -240.780136, 809.952698, -165.893036, 1, 0, 0, 0, 4.00
M, 106320833, 2, -316.208679, 816.958557, -223.909149, 1, 0, 0, 0, 4.00
M, 106320833, 3, -211.814301, 810.030212, -161.382523, 1, 0, 0, 0, 4.00
M, 106320833, 4, -268.251862, 816.401978, -174.962570, 1, 0, 0, 0, 3.37
M, 106320833, 5, -176.452530, 810.658386, -162.379517, 1, 0, 0, 0, 4.00
M, 106320833, 6, -152.803741, 811.591248, -163.469513, 1, 0, 0, 0, 4.00
M, 106320833, 7, -130.003647, 811.077209, -167.785538, 1, 0, 0, 0, 4.00
M, 106321875, 0, -313.132233, 818.587158, -181.376175, 1, 0, 0, 0, 4.00
M, 106321875, 1, -240.781082, 809.945374, -165.894653, 1, 0, 0, 0, 3.72
M, 106321875, 2, -316.206177, 816.958740, -223.906708, 1, 0, 0, 0, 4.00
M, 106321875, 3, -211.812515, 810.027649, -161.378998, 1, 0, 0, 0, 4.00
M, 106321875, 4, -268.255798, 816.397400, -174.964478, 1, 0, 0, 0, 4.00
M, 106321875, 5, -176.437668, 810.663696, -162.365158, 1, 0, 0, 0, 3.34
M, 106321875, 6, -152.804626, 811.589844, -163.469482, 1, 0, 0, 0, 4.00
M, 106321875, 7, -130.002823, 811.077393, -167.785248, 1, 0, 0, 0, 4.00
M, 106322917, 0, -313.132721, 818.586243, -181.375641, 1, 0, 0, 0, 4.00
M, 106322917, 1, -240.780075, 809.946411, -165.893158, 1, 0, 0, 0, 4.00
M, 106322917, 2, -316.234406, 816.947510, -223.922501, 1, 0, 0, 0, 3.55
M, 106322917, 3, -211.810730, 810.025269, -161.375488, 1, 0, 0, 0, 4.00
M, 106322917, 4, -268.253265, 816.398804, -174.962326, 1, 0, 0, 0, 4.00
M, 106322917, 5, -176.440048, 810.662354, -162.367371, 1, 0, 0, 0, 4.00
M, 106322917, 6, -152.783737, 811.612305, -163.461578, 1, 0, 0, 0, 3.52
M, 106322917, 7, -130.001923, 811.077576, -167.784943, 1, 0, 0, 0, 4.00
M, 106323958, 0, -313.133301, 818.585388, -181.375168, 1, 0, 0, 0, 4.00
M, 106323958, 1, -240.779480, 809.945496, -165.892441, 1, 0, 0, 0, 4.00
M, 106323958, 2, -316.226776, 816.949646, -223.916962, 1, 0, 0, 0, 4.00
M, 106323958, 3, -211.828064, 810.049927, -161.402420, 1, 0, 0, 0, 3.79
M, 106323958, 4, -268.250763, 816.400146, -174.960220, 1, 0, 0, 0, 4.00
M, 106323958, 5, -176.438385, 810.662415, -162.365692, 1, 0, 0, 0, 4.00
M, 106323958, 6, -152.788239, 811.606812, -163.462845, 1, 0, 0, 0, 4.00
M, 106323958, 7, -130.005051, 811.077393, -167.774673, 1, 0, 0, 0, 3.07
M, 106325000, 0, -313.135040, 818.593933, -181.377960, 1, 0, 0, 0, 3.57
M, 106325000, 1, -240.778885, 809.944519, -165.891663, 1, 0, 0, 0, 4.00
M, 106325000, 2, -316.227509, 816.948669, -223.916489, 1, 0, 0, 0, 4.00
M, 106325000, 3, -211.823120, 810.042847, -161.393906, 1, 0, 0, 0, 4.00
M, 106325000, 4, -268.263428, 816.391174, -174.973450, 1, 0, 0, 0, 3.37
M, 106325000, 5, -176.436707, 810.662598, -162.364029, 1, 0, 0, 0, 4.00
M, 106325000, 6, -152.786789, 811.607910, -163.461945, 1, 0, 0, 0, 4.00
M, 106325000, 7, -130.003479, 811.077576, -167.776001, 1, 0, 0, 0, 4.00
M, 106326042, 0, -313.135345, 818.591492, -181.376953, 1, 0, 0, 0, 4.00
M, 106326042, 1, -240.781357, 809.952881, -165.895355, 1, 0, 0, 0, 3.72
M, 106326042, 2, -316.228333, 816.947754, -223.915955, 1, 0, 0, 0, 4.00
M, 106326042, 3, -211.823425, 810.043335, -161.393692, 1, 0, 0, 0, 4.00
M, 106326042, 4, -268.258514, 816.394165, -174.968796, 1, 0, 0, 0, 4.00
M, 106326042, 5, -176.434891, 810.653381, -162.353775, 1, 0, 0, 0, 3.34
M, 106326042, 6, -152.785294, 811.609070, -163.461014, 1, 0, 0, 0, 4.00
M, 106326042, 7, -130.003021, 811.077698, -167.774582, 1, 0, 0, 0, 4.00
M, 106327083, 0, -313.136047, 818.591675, -181.376831, 1, 0, 0, 0, 4.00
M, 106327083, 1, -240.780273, 809.950439, -165.893875, 1, 0, 0, 0, 4.00
M, 106327083, 2, -316.221558, 816.963684, -223.924210, 1, 0, 0, 0, 3.55
M, 106327083, 3, -211.823776, 810.043823, -161.393509, 1, 0, 0, 0, 4.00
M, 106327083, 4, -268.257690, 816.394409, -174.968384, 1, 0, 0, 0, 4.00
M, 106327083, 5, -176.433228, 810.655151, -162.353500, 1, 0, 0, 0, 4.00
M, 106327083, 6, -152.792419, 811.603027, -163.467392, 1, 0, 0, 0, 3.52
M, 106327083, 7, -130.002579, 811.077881, -167.773209, 1, 0, 0, 0, 4.00
M, 106328125, 0, -313.136658, 818.591858, -181.376709, 1, 0, 0, 0, 4.00
M, 106328125, 1, -240.780045, 809.950500, -165.893631, 1, 0, 0, 0, 4.00
M, 106328125, 2, -316.223694, 816.959778, -223.922272, 1, 0, 0, 0, 4.00
M, 106328125, 3, -211.826462, 810.048584, -161.403015, 1, 0, 0, 0, 3.96
M, 106328125, 4, -268.256866, 816.394714, -174.967911, 1, 0, 0, 0, 4.00
M, 106328125, 5, -176.431519, 810.654358, -162.350876, 1, 0, 0, 0, 4.00
M, 106328125, 6, -152.789490, 811.605347, -163.465286, 1, 0, 0, 0, 4.00
M, 106328125, 7, -130.011871, 811.073792, -167.773148, 1, 0, 0, 0, 3.07
M, 106329167, 0, -313.149994, 818.573181, -181.387360, 1, 0, 0, 0, 3.57
M, 106329167, 1, -240.779831, 809.950500, -165.893402, 1, 0, 0, 0, 4.00
M, 106329167, 2, -316.223633, 816.960632, -223.922714, 1, 0, 0, 0, 4.00
M, 106329167, 3, -211.826401, 810.048279, -161.401230, 1, 0, 0, 0, 4.00
M, 106329167, 4, -268.264557, 816.395447, -174.967010, 1, 0, 0, 0, 3.37
M, 106329167, 5, -176.429764, 810.653687, -162.348236, 1, 0, 0, 0, 4.00
M, 106329167, 6, -152.788956, 811.605713, -163.465195, 1, 0, 0, 0, 4.00
M, 106329167, 7, -130.009796, 811.074585, -167.771545, 1, 0, 0, 0, 4.00
M, 106330208, 0, -313.148560, 818.576477, -181.385452, 1, 0, 0, 0, 4.00
M, 106330208, 1, -240.788773, 809.950195, -165.901260, 1, 0, 0, 0, 3.72
M, 106330208, 2, -316.223572, 816.961487, -223.923157, 1, 0, 0, 0, 4.00
M, 106330208, 3, -211.826935, 810.049255, -161.402069, 1, 0, 0, 0, 4.00
M, 106330208, 4, -268.262329, 816.395630, -174.966629, 1, 0, 0, 0, 4.00
M, 106330208, 5, -176.444199, 810.653748, -162.366226, 1, 0, 0, 0, 3.34
M, 106330208, 6, -152.788452, 811.606079, -163.465073, 1, 0, 0, 0, 4.00
M, 106330208, 7, -130.010483, 811.074158, -167.770309, 1, 0, 0, 0, 4.00
M, 106331250, 0, -313.150604, 818.574463, -181.386490, 1, 0, 0, 0, 4.00
M, 106331250, 1, -240.787048, 809.950195, -165.899719, 1, 0, 0, 0, 4.00
M, 106331250, 2, -316.228210, 816.957275, -223.930969, 1, 0, 0, 0, 3.55
M, 106331250, 3, -211.827530, 810.050110, -161.402924, 1, 0, 0, 0, 4.00
M, 106331250, 4, -268.262390, 816.396118, -174.966080, 1, 0, 0, 0, 4.00
M, 106331250, 5, -176.439835, 810.652771, -162.360245, 1, 0, 0, 0, 4.00
M, 106331250, 6, -152.793304, 811.595642, -163.462540, 1, 0, 0, 0, 3.52
M, 106331250, 7, -130.011078, 811.073853, -167.769028, 1, 0, 0, 0, 4.00
M, 106332292, 0, -313.152679, 818.572571, -181.387527, 1, 0, 0, 0, 4.00
M, 106332292, 1, -240.787766, 809.950256, -165.900314, 1, 0, 0, 0, 4.00
M, 106332292, 2, -316.227448, 816.958801, -223.930222, 1, 0, 0, 0, 4.00
M, 106332292, 3, -211.834213, 810.054565, -161.409958, 1, 0, 0, 0, 3.79
M, 106332292, 4, -268.262451, 816.396362, -174.965637, 1, 0, 0, 0, 4.00
M, 106332292, 5, -176.439896, 810.652039, -162.359848, 1, 0, 0, 0, 4.00
M, 106332292, 6, -152.791885, 811.597778, -163.462845, 1, 0, 0, 0, 4.00
M, 106332292, 7, -130.020935, 811.069885, -167.782211, 1, 0, 0, 0, 3.07
M, 106333333, 0, -313.134155, 818.591492, -181.373016, 1, 0, 0, 0, 3.57
M, 106333333, 1, -240.788528, 809.950439, -165.900970, 1, 0, 0, 0, 4.00
M, 106333333, 2, -316.227997, 816.959045, -223.931503, 1, 0, 0, 0, 4.00
M, 106333333, 3, -211.833786, 810.054932, -161.409821, 1, 0, 0, 0, 4.00
M, 106333333, 4, -268.266632, 816.390015, -174.982925, 1, 0, 0, 0, 3.37
M, 106333333, 5, -176.439926, 810.651428, -162.359497, 1, 0, 0, 0, 4.00
M, 106333333, 6, -152.791885, 811.596985, -163.462418, 1, 0, 0, 0, 4.00
M, 106333333, 7, -130.020050, 811.070068, -167.778595, 1, 0, 0, 0, 4.00
M, 106334375, 0, -313.139557, 818.586060, -181.376617, 1, 0, 0, 0, 4.00
M, 106334375, 1, -240.780609, 809.950562, -165.892807, 1, 0, 0, 0, 3.72
M, 106334375, 2, -316.228455, 816.959290, -223.932785, 1, 0, 0, 0, 4.00
M, 106334375, 3, -211.835037, 810.056091, -161.411362, 1, 0, 0, 0, 4.00
M, 106334375, 4, -268.266022, 816.391418, -174.979492, 1, 0, 0, 0, 4.00
M, 106334375, 5, -176.435074, 810.651917, -162.366165, 1, 0, 0, 0, 3.34
M, 106334375, 6, -152.791931, 811.596191, -163.462067, 1, 0, 0, 0, 4.00
M, 106334375, 7, -130.021652, 811.069397, -167.778900, 1, 0, 0, 0, 4.00
M, 106335417, 0, -313.139404, 818.586487, -181.375977, 1, 0, 0, 0, 4.00
M, 106335417, 1, -240.782806, 809.950439, -165.894882, 1, 0, 0, 0, 4.00
M, 106335417, 2, -316.214203, 816.954285, -223.930252, 1, 0, 0, 0, 3.55
M, 106335417, 3, -211.836288, 810.057373, -161.412918, 1, 0, 0, 0, 4.00
M, 106335417, 4, -268.266571, 816.390991, -174.980896, 1, 0, 0, 0, 4.00
M, 106335417, 5, -176.435959, 810.651001, -162.364655, 1, 0, 0, 0, 4.00
M, 106335417, 6, -152.794525, 811.601257, -163.465347, 1, 0, 0, 0, 3.52
M, 106335417, 7, -130.023315, 811.068542, -167.779221, 1, 0, 0, 0, 4.00
M, 106336458, 0, -313.139160, 818.586853, -181.375351, 1, 0, 0, 0, 4.00
M, 106336458, 1, -240.782639, 809.950500, -165.894592, 1, 0, 0, 0, 4.00
M, 106336458, 2, -316.217133, 816.955261, -223.932129, 1, 0, 0, 0, 4.00
M, 106336458, 3, -211.827957, 810.048523, -161.408569, 1, 0, 0, 0, 3.79
M, 106336458, 4, -268.267120, 816.390686, -174.982330, 1, 0, 0, 0, 4.00
M, 106336458, 5, -176.435516, 810.650391, -162.365067, 1, 0, 0, 0, 4.00
M, 106336458, 6, -152.794144, 811.599426, -163.464325, 1, 0, 0, 0, 4.00
M, 106336458, 7, -130.010651, 811.078369, -167.784210, 1, 0, 0, 0, 3.07
M, 106337500, 0, -313.137543, 818.577148, -181.381424, 1, 0, 0, 0, 3.57
M, 106337500, 1, -240.782425, 809.950562, -165.894226, 1, 0, 0, 0, 4.00
M, 106337500, 2, -316.216064, 816.954895, -223.932999, 1, 0, 0, 0, 4.00
M, 106337500, 3, -211.830811, 810.051514, -161.411133, 1, 0, 0, 0, 4.00
M, 106337500, 4, -268.284149, 816.384766, -174.989273, 1, 0, 0, 0, 3.37
M, 106337500, 5, -176.435043, 810.649780, -162.365463, 1, 0, 0, 0, 4.00
M, 106337500, 6, -152.794434, 811.599304, -163.464355, 1, 0, 0, 0, 4.00
M, 106337500, 7, -130.014648, 811.075867, -167.783752, 1, 0, 0, 0, 4.00
M, 106338542, 0, -313.137604, 818.579163, -181.379639, 1, 0, 0, 0, 4.00
M, 106338542, 1, -240.796158, 809.938965, -165.884964, 1, 0, 0, 0, 3.72
M, 106338542, 2, -316.214996, 816.954651, -223.933838, 1, 0, 0, 0, 4.00
M, 106338542, 3, -211.830994, 810.051758, -161.412018, 1, 0, 0, 0, 4.00
M, 106338542, 4, -268.281952, 816.385071, -174.989838, 1, 0, 0, 0, 4.00
M, 106338542, 5, -176.456741, 810.650574, -162.372849, 1, 0, 0, 0, 3.34
M, 106338542, 6, -152.794800, 811.599182, -163.464386, 1, 0, 0, 0, 4.00
M, 106338542, 7, -130.014740, 811.076294, -167.784561, 1, 0, 0, 0, 4.00
M, 106339583, 0, -313.137238, 818.578491, -181.379700, 1, 0, 0, 0, 4.00
M, 106339583, 1, -240.793716, 809.940857, -165.886154, 1, 0, 0, 0, 4.00
M, 106339583, 2, -316.233398, 816.958130, -223.947296, 1, 0, 0, 0, 3.55
M, 106339583, 3, -211.831223, 810.051941, -161.412918, 1, 0, 0, 0, 4.00
M, 106339583, 4, -268.284332, 816.383972, -174.991898, 1, 0, 0, 0, 4.00
M, 106339583, 5, -176.452560, 810.649902, -162.372101, 1, 0, 0, 0, 4.00
M, 106339583, 6, -152.799713, 811.598267, -163.477554, 1, 0, 0, 0, 3.52
M, 106339583, 7, -130.014801, 811.076599, -167.785370, 1, 0, 0, 0, 4.00
M, 106340625, 0, -313.136871, 818.577698, -181.379807, 1, 0, 0, 0, 4.00
M, 106340625, 1, -240.795029, 809.939758, -165.884842, 1, 0, 0, 0, 4.00
M, 106340625, 2, -316.229065, 816.957397, -223.945984, 1, 0, 0, 0, 4.00
M, 106340625, 3, -211.835876, 810.049255, -161.415833, 1, 0, 0, 0, 3.79
M, 106340625, 4, -268.286652, 816.382996, -174.993958, 1, 0, 0, 0, 4.00
M, 106340625, 5, -176.454498, 810.649475, -162.373260, 1, 0, 0, 0, 4.00
M, 106340625, 6, -152.799332, 811.598145, -163.475449, 1, 0, 0, 0, 4.00
M, 106340625, 7, -130.019592, 811.081787, -167.791504, 1, 0, 0, 0, 3.07
M, 106341667, 0, -313.130402, 818.584839, -181.378387, 1, 0, 0, 0, 3.57
M, 106341667, 1, -240.796402, 809.938477, -165.883560, 1, 0, 0, 0, 4.00
M, 106341667, 2, -316.230072, 816.957397, -223.948257, 1, 0, 0, 0, 4.00
M, 106341667, 3, -211.835281, 810.049988, -161.416367, 1, 0, 0, 0, 4.00
M, 106341667, 4, -268.272705, 816.394287, -174.975174, 1, 0, 0, 0, 3.37
M, 106341667, 5, -176.456467, 810.649048, -162.374420, 1, 0, 0, 0, 4.00
M, 106341667, 6, -152.800156, 811.597900, -163.476868, 1, 0, 0, 0, 4.00
M, 106341667, 7, -130.018875, 811.081421, -167.791443, 1, 0, 0, 0, 4.00
M, 106342708, 0, -313.131042, 818.582947, -181.378677, 1, 0, 0, 0, 4.00
M, 106342708, 1, -240.791931, 809.955261, -165.899475, 1, 0, 0, 0, 3.72
M, 106342708, 2, -316.231079, 816.957520, -223.950455, 1, 0, 0, 0, 4.00
M, 106342708, 3, -211.835938, 810.049866, -161.417480, 1, 0, 0, 0, 4.00
M, 106342708, 4, -268.277710, 816.391174, -174.980682, 1, 0, 0, 0, 4.00
M, 106342708, 5, -176.443054, 810.660767, -162.370346, 1, 0, 0, 0, 3.34
M, 106342708, 6, -152.800964, 811.597656, -163.478333, 1, 0, 0, 0, 4.00
M, 106342708, 7, -130.019485, 811.082397, -167.792877, 1, 0, 0, 0, 4.00
M, 106343750, 0, -313.129974, 818.583130, -181.378616, 1, 0, 0, 0, 4.00
M, 106343750, 1, -240.794189, 809.951050, -165.895309, 1, 0, 0, 0, 4.00
M, 106343750, 2, -316.218689, 816.969971, -223.937408, 1, 0, 0, 0, 3.55
M, 106343750, 3, -211.836655, 810.049683, -161.418640, 1, 0, 0, 0, 4.00
M, 106343750, 4, -268.278320, 816.391479, -174.980484, 1, 0, 0, 0, 4.00
M, 106343750, 5, -176.447525, 810.658325, -162.372406, 1, 0, 0, 0, 4.00
M, 106343750, 6, -152.797211, 811.602905, -163.468979, 1, 0, 0, 0, 3.52
M, 106343750, 7, -130.020081, 811.083191, -167.794281, 1, 0, 0, 0, 4.00
M, 106344792, 0, -313.128906, 818.583252, -181.378510, 1, 0, 0, 0, 4.00
M, 106344792, 1, -240.794907, 809.951782, -165.895905, 1, 0, 0, 0, 4.00
M, 106344792, 2, -316.221893, 816.968079, -223.942169, 1, 0, 0, 0, 4.00
M, 106344792, 3, -211.827179, 810.060486, -161.407257, 1, 0, 0, 0, 3.79
M, 106344792, 4, -268.278900, 816.391785, -174.980240, 1, 0, 0, 0, 4.00
M, 106344792, 5, -176.447800, 810.659058, -162.373001, 1, 0, 0, 0, 4.00
M, 106344792, 6, -152.798767, 811.601685, -163.472229, 1, 0, 0, 0, 4.00
M, 106344792, 7, -130.016617, 811.075073, -167.782990, 1, 0, 0, 0, 3.07
M, 106345833, 0, -313.146667, 818.586548, -181.383026, 1, 0, 0, 0, 3.57
M, 106345833, 1, -240.795624, 809.952332, -165.896500, 1, 0, 0, 0, 4.00
M, 106345833, 2, -316.221436, 816.969543, -223.942719, 1, 0, 0, 0, 4.00
M, 106345833, 3, -211.829529, 810.058655, -161.410416, 1, 0, 0, 0, 4.00
M, 106345833, 4, -268.277466, 816.391235, -174.974228, 1, 0, 0, 0, 3.56
M, 106345833, 5, -176.448059, 810.659912, -162.373566, 1, 0, 0, 0, 4.00
M, 106345833, 6, -152.799088, 811.602112, -163.472488, 1, 0, 0, 0, 4.00
M, 106345833, 7, -130.017868, 811.077576, -167.786469, 1, 0, 0, 0, 4.00
M, 106346875, 0, -313.142487, 818.586060, -181.382202, 1, 0, 0, 0, 4.00
M, 106346875, 1, -240.800217, 809.949341, -165.893692, 1, 0, 0, 0, 3.72
M, 106346875, 2, -316.220947, 816.971130, -223.943222, 1, 0, 0, 0, 4.00
M, 106346875, 3, -211.829086, 810.059814, -161.410172, 1, 0, 0, 0, 4.00
M, 106346875, 4, -268.278381, 816.391724, -174.974945, 1, 0, 0, 0, 4.00
M, 106346875, 5, -176.450394, 810.663818, -162.371857, 1, 0, 0, 0, 3.34
M, 106346875, 6, -152.799423, 811.602417, -163.472733, 1, 0, 0, 0, 4.00
M, 106346875, 7, -130.018021, 811.077454, -167.786499, 1, 0, 0, 0, 4.00
M, 106347917, 0, -313.143494, 818.586609, -181.382614, 1, 0, 0, 0, 4.00
M, 106347917, 1, -240.800278, 809.950745, -165.894821, 1, 0, 0, 0, 4.00
M, 106347917, 2, -316.222961, 816.979492, -223.945007, 1, 0, 0, 0, 3.55
M, 106347917, 3, -211.828629, 810.060791, -161.409912, 1, 0, 0, 0, 4.00
M, 106347917, 4, -268.278687, 816.391968, -174.974045, 1, 0, 0, 0, 4.00
M, 106347917, 5, -176.450333, 810.664063, -162.372818, 1, 0, 0, 0, 4.00
M, 106347917, 6, -152.800079, 811.606750, -163.477615, 1, 0, 0, 0, 3.52
M, 106347917, 7, -130.018143, 811.077393, -167.786530, 1, 0, 0, 0, 4.00
M, 106348958, 0, -313.144501, 818.587097, -181.382996, 1, 0, 0, 0, 4.00
M, 106348958, 1, -240.801407, 809.950928, -165.895035, 1, 0, 0, 0, 4.00
M, 106348958, 2, -316.222076, 816.979858, -223.945343, 1, 0, 0, 0, 4.00
M, 106348958, 3, -211.833130, 810.049866, -161.412735, 1, 0, 0, 0, 3.79
M, 106348958, 4, -268.279022, 816.392212, -174.973175, 1, 0, 0, 0, 4.00
M, 106348958, 5, -176.450836, 810.665344, -162.373138, 1, 0, 0, 0, 4.00
M, 106348958, 6, -152.800339, 811.606506, -163.477142, 1, 0, 0, 0, 4.00
M, 106348958, 7, -130.015549, 811.068604, -167.773926, 1, 0, 0, 0, 3.07
M, 106350000, 0, -313.139282, 818.597351, -181.374039, 1, 0, 0, 0, 3.57
M, 106350000, 1, -240.802536, 809.951172, -165.895279, 1, 0, 0, 0, 4.00
M, 106350000, 2, -316.221893, 816.982117, -223.945984, 1, 0, 0, 0, 4.00
M, 106350000, 3, -211.831879, 810.052795, -161.411957, 1, 0, 0, 0, 4.00
M, 106350000, 4, -268.303101, 816.381775, -174.984207, 1, 0, 0, 0, 3.37
M, 106350000, 5, -176.451340, 810.666626, -162.373535, 1, 0, 0, 0, 4.00
M, 106350000, 6, -152.800705, 811.607117, -163.477951, 1, 0, 0, 0, 4.00
M, 106350000, 7, -130.016113, 811.069946, -167.776031, 1, 0, 0, 0, 4.00
M, 106351042, 0, -313.141296, 818.596252, -181.375992, 1, 0, 0, 0, 4.00
M, 106351042, 1, -240.802505, 809.949707, -165.885223, 1, 0, 0, 0, 3.72
M, 106351042, 2, -316.221680, 816.984314, -223.946701, 1, 0, 0, 0, 4.00
M, 106351042, 3, -211.831970, 810.052612, -161.412079, 1, 0, 0, 0, 4.00
M, 106351042, 4, -268.299530, 816.383850, -174.981369, 1, 0, 0, 0, 4.00
M, 106351042, 5, -176.466934, 810.646729, -162.371536, 1, 0, 0, 0, 3.34
M, 106351042, 6, -152.801086, 811.607910, -163.478745, 1, 0, 0, 0, 4.00
M, 106351042, 7, -130.015961, 811.068970, -167.774704, 1, 0, 0, 0, 4.00
M, 106352083, 0, -313.141663, 818.597778, -181.375351, 1, 0, 0, 0, 4.00
M, 106352083, 1, -240.803879, 809.950256, -165.887161, 1, 0, 0, 0, 4.00
M, 106352083, 2, -316.219055, 816.969299, -223.929459, 1, 0, 0, 0, 3.55
M, 106352083, 3, -211.832092, 810.052490, -161.412140, 1, 0, 0, 0, 4.00
M, 106352083, 4, -268.302521, 816.382813, -174.981857, 1, 0, 0, 0, 4.00
M, 106352083, 5, -176.464874, 810.651428, -162.372253, 1, 0, 0, 0, 4.00
M, 106352083, 6, -152.798615, 811.609070, -163.469208, 1, 0, 0, 0, 3.52
M, 106352083, 7, -130.015808, 811.067993, -167.773361, 1, 0, 0, 0, 4.00
M, 106353125, 0, -313.141998, 818.599304, -181.374741, 1, 0, 0, 0, 4.00
M, 106353125, 1, -240.804901, 809.950317, -165.886307, 1, 0, 0, 0, 4.00
M, 106353125, 2, -316.219269, 816.974304, -223.933121, 1, 0, 0, 0, 4.00
M, 106353125, 3, -211.836746, 810.060059, -161.407852, 1, 0, 0, 0, 3.79
M, 106353125, 4, -268.305420, 816.381836, -174.982269, 1, 0, 0, 0, 4.00
M, 106353125, 5, -176.467056, 810.650269, -162.372314, 1, 0, 0, 0, 4.00
M, 106353125, 6, -152.799454, 811.609863, -163.471725, 1, 0, 0, 0, 4.00
M, 106353125, 7, -130.023682, 811.061829, -167.772614, 1, 0, 0, 0, 3.07
M, 106354167, 0, -313.146423, 818.592346, -181.382797, 1, 0, 0, 0, 3.57
M, 106354167, 1, -240.805939, 809.950256, -165.885406, 1, 0, 0, 0, 4.00
M, 106354167, 2, -316.218811, 816.974670, -223.931808, 1, 0, 0, 0, 4.00
M, 106354167, 3, -211.836121, 810.058350, -161.408646, 1, 0, 0, 0, 4.00
M, 106354167, 4, -268.287018, 816.386292, -174.974548, 1, 0, 0, 0, 3.37
M, 106354167, 5, -176.469193, 810.649170, -162.372437, 1, 0, 0, 0, 4.00
M, 106354167, 6, -152.799515, 811.610718, -163.471359, 1, 0, 0, 0, 4.00
M, 106354167, 7, -130.022156, 811.061646, -167.771149, 1, 0, 0, 0, 4.00
M, 106355208, 0, -313.146057, 818.595337, -181.380768, 1, 0, 0, 0, 4.00
M, 106355208, 1, -240.796616, 809.950989, -165.884659, 1, 0, 0, 0, 3.72
M, 106355208, 2, -316.218323, 816.974976, -223.930557, 1, 0, 0, 0, 4.00
M, 106355208, 3, -211.836716, 810.059021, -161.408264, 1, 0, 0, 0, 4.00
M, 106355208, 4, -268.293457, 816.384338, -174.976303, 1, 0, 0, 0, 4.00
M, 106355208, 5, -176.445801, 810.661743, -162.368256, 1, 0, 0, 0, 3.34
M, 106355208, 6, -152.799561, 811.611572, -163.471039, 1, 0, 0, 0, 4.00
M, 106355208, 7, -130.022873, 811.060181, -167.769867, 1, 0, 0, 0, 4.00
M, 106356250, 0, -313.146912, 818.595886, -181.381088, 1, 0, 0, 0, 4.00
M, 106356250, 1, -240.799316, 809.951111, -165.883743, 1, 0, 0, 0, 4.00
M, 106356250, 2, -316.229248, 816.977600, -223.944229, 1, 0, 0, 0, 3.55
M, 106356250, 3, -211.837311, 810.059814, -161.407852, 1, 0, 0, 0, 4.00
M, 106356250, 4, -268.294037, 816.384033, -174.975891, 1, 0, 0, 0, 4.00
M, 106356250, 5, -176.452148, 810.658325, -162.369034, 1, 0, 0, 0, 4.00
M, 106356250, 6, -152.781326, 811.616821, -163.455124, 1, 0, 0, 0, 3.52
M, 106356250, 7, -130.023560, 811.058655, -167.768555, 1, 0, 0, 0, 4.00
M, 106357292, 0, -313.147614, 818.596558, -181.381424, 1, 0, 0, 0, 4.00
M, 106357292, 1, -240.799210, 809.951233, -165.882813, 1, 0, 0, 0, 4.00
M, 106357292, 2, -316.226898, 816.977539, -223.940506, 1, 0, 0, 0, 4.00
M, 106357292, 3, -211.835754, 810.060974, -161.405350, 1, 0, 0, 0, 3.79
M, 106357292, 4, -268.294708, 816.383606, -174.975418, 1, 0, 0, 0, 4.00
M, 106357292, 5, -176.451523, 810.658752, -162.368668, 1, 0, 0, 0, 4.00
M, 106357292, 6, -152.784363, 811.616943, -163.457352, 1, 0, 0, 0, 4.00
M, 106357292, 7, -130.013306, 811.064331, -167.768463, 1, 0, 0, 0, 3.07
M, 106358333, 0, -313.145050, 818.591064, -181.385239, 1, 0, 0, 0, 3.57
M, 106358333, 1, -240.799057, 809.951477, -165.881958, 1, 0, 0, 0, 4.00
M, 106358333, 2, -316.227692, 816.978027, -223.940872, 1, 0, 0, 0, 4.00
M, 106358333, 3, -211.836716, 810.061523, -161.405350, 1, 0, 0, 0, 4.00
M, 106358333, 4, -268.293579, 816.377441, -174.983307, 1, 0, 0, 0, 3.37
M, 106358333, 5, -176.450928, 810.659058, -162.368317, 1, 0, 0, 0, 4.00
M, 106358333, 6, -152.782394, 811.618286, -163.455261, 1, 0, 0, 0, 4.00
M, 106358333, 7, -130.015808, 811.061707, -167.766953, 1, 0, 0, 0, 4.00
M, 106359375, 0, -313.146362, 818.592712, -181.384995, 1, 0, 0, 0, 4.00
M, 106359375, 1, -240.801620, 809.947021, -165.876465, 1, 0, 0, 0, 4.58
M, 106359375, 2, -316.228455, 816.978638, -223.941193, 1, 0, 0, 0, 4.00
M, 106359375, 3, -211.837128, 810.062256, -161.404755, 1, 0, 0, 0, 4.00
M, 106359375, 4, -268.294464, 816.377930, -174.981461, 1, 0, 0, 0, 4.00
M, 106359375, 5, -176.452454, 810.665039, -162.361588, 1, 0, 0, 0, 3.34
M, 106359375, 6, -152.780487, 811.619507, -163.453278, 1, 0, 0, 0, 4.00
M, 106359375, 7, -130.015274, 811.060974, -167.765762, 1, 0, 0, 0, 4.00
M, 106360417, 0, -313.146790, 818.592712, -181.385712, 1, 0, 0, 0, 4.00
M, 106360417, 1, -240.800995, 809.948181, -165.876312, 1, 0, 0, 0, 4.00
M, 106360417, 2, -316.220459, 816.986023, -223.933350, 1, 0, 0, 0, 3.55
M, 106360417, 3, -211.837494, 810.062805, -161.404160, 1, 0, 0, 0, 4.00
M, 106360417, 4, -268.294891, 816.377075, -174.981918, 1, 0, 0, 0, 4.00
M, 106360417, 5, -176.451401, 810.664551, -162.362244, 1, 0, 0, 0, 4.00
M, 106360417, 6, -152.796112, 811.608276, -163.465042, 1, 0, 0, 0, 3.52
M, 106360417, 7, -130.014801, 811.060303, -167.764587, 1, 0, 0, 0, 4.00
M, 106361458, 0, -313.147186, 818.592651, -181.386459, 1, 0, 0, 0, 4.00
M, 106361458, 1, -240.801178, 809.947876, -165.874985, 1, 0, 0, 0, 4.00
M, 106361458, 2, -316.222748, 816.985352, -223.935089, 1, 0, 0, 0, 4.00
M, 106361458, 3, -211.843811, 810.050964, -161.398758, 1, 0, 0, 0, 3.79
M, 106361458, 4, -268.295288, 816.375916, -174.982391, 1, 0, 0, 0, 4.00
M, 106361458, 5, -176.451019, 810.665466, -162.361191, 1, 0, 0, 0, 4.00
M, 106361458, 6, -152.791260, 811.611633, -163.460693, 1, 0, 0, 0, 4.00
M, 106361458, 7, -130.024216, 811.061951, -167.769928, 1, 0, 0, 0, 3.07
M, 106362500, 0, -313.146790, 818.586426, -181.381271, 1, 0, 0, 0, 3.57
M, 106362500, 1, -240.801315, 809.947571, -165.873611, 1, 0, 0, 0, 4.00
M, 106362500, 2, -316.222565, 816.986816, -223.934494, 1, 0, 0, 0, 4.00
M, 106362500, 3, -211.843216, 810.053650, -161.398941, 1, 0, 0, 0, 4.00
M, 106362500, 4, -268.290588, 816.388184, -174.972458, 1, 0, 0, 0, 3.47
M, 106362500, 5, -176.450623, 810.666504, -162.360092, 1, 0, 0, 0, 4.00
M, 106362500, 6, -152.791229, 811.611572, -163.460190, 1, 0, 0, 0, 4.00
M, 106362500, 7, -130.022125, 811.060730, -167.767700, 1, 0, 0, 0, 4.00
M, 106363542, 0, -313.147308, 818.587524, -181.382980, 1, 0, 0, 0, 4.00
M, 106363542, 1, -240.800156, 809.925964, -165.884659, 1, 0, 0, 0, 4.28
M, 106363542, 2, -316.222382, 816.988037, -223.934006, 1, 0, 0, 0, 4.00
M, 106363542, 3, -211.844223, 810.052795, -161.397781, 1, 0, 0, 0, 4.00
M, 106363542, 4, -268.291840, 816.385132, -174.974640, 1, 0, 0, 0, 4.00
M, 106363542, 5, -176.460999, 810.642761, -162.362503, 1, 0, 0, 0, 3.34
M, 106363542, 6, -152.791199, 811.611511, -163.459625, 1, 0, 0, 0, 4.00
M, 106363542, 7, -130.022751, 811.060181, -167.767242, 1, 0, 0, 0, 4.00
M, 106364583, 0, -313.147614, 818.586975, -181.382996, 1, 0, 0, 0, 4.00
M, 106364583, 1, -240.800491, 809.929321, -165.881241, 1, 0, 0, 0, 4.00
M, 106364583, 2, -316.226685, 816.974609, -223.939255, 1, 0, 0, 0, 3.55
M, 106364583, 3, -211.845261, 810.052063, -161.396637, 1, 0, 0, 0, 4.00
M, 106364583, 4, -268.291656, 816.385498, -174.973923, 1, 0, 0, 0, 4.00
M, 106364583, 5, -176.458771, 810.647949, -162.360870, 1, 0, 0, 0, 4.00
M, 106364583, 6, -152.790741, 811.611084, -163.454788, 1, 0, 0, 0, 3.52
M, 106364583, 7, -130.023346, 811.059753, -167.766800, 1, 0, 0, 0, 4.00
M, 106365625, 0, -313.147980, 818.586182, -181.383087, 1, 0, 0, 0, 4.00
M, 106365625, 1, -240.800522, 809.926758, -165.881149, 1, 0, 0, 0, 4.00
M, 106365625, 2, -316.225769, 816.978333, -223.937759, 1, 0, 0, 0, 4.00
M, 106365625, 3, -211.836182, 810.050720, -161.407364, 1, 0, 0, 0, 3.79
M, 106365625, 4, -268.291534, 816.386047, -174.973267, 1, 0, 0, 0, 4.00
M, 106365625, 5, -176.459503, 810.646240, -162.360153, 1, 0, 0, 0, 4.00
M, 106365625, 6, -152.790771, 811.611145, -163.454971, 1, 0, 0, 0, 4.00
M, 106365625, 7, -130.024094, 811.059448, -167.763855, 1, 0, 0, 0, 3.07
M, 106366667, 0, -313.136169, 818.596680, -181.378647, 1, 0, 0, 0, 3.57
M, 106366667, 1, -240.800522, 809.924133, -165.881119, 1, 0, 0, 0, 4.00
M, 106366667, 2, -316.226074, 816.978027, -223.937881, 1, 0, 0, 0, 4.00
M, 106366667, 3, -211.838852, 810.050171, -161.404266, 1, 0, 0, 0, 4.00
M, 106366667, 4, -268.274384, 816.388916, -174.979385, 1, 0, 0, 0, 3.47
M, 106366667, 5, -176.460312, 810.644653, -162.359497, 1, 0, 0, 0, 4.00
M, 106366667, 6, -152.790680, 811.611084, -163.453934, 1, 0, 0, 0, 4.00
M, 106366667, 7, -130.024658, 811.058899, -167.763763, 1, 0, 0, 0, 4.00
M, 106367708, 0, -313.138428, 818.594177, -181.379425, 1, 0, 0, 0, 4.00
M, 106367708, 1, -240.792175, 809.943420, -165.884155, 1, 0, 0, 0, 3.72
M, 106367708, 2, -316.226379, 816.977722, -223.937943, 1, 0, 0, 0, 4.00
M, 106367708, 3, -211.838806, 810.049377, -161.404449, 1, 0, 0, 0, 4.00
M, 106367708, 4, -268.277008, 816.388916, -174.977554, 1, 0, 0, 0, 4.00
M, 106367708, 5, -176.453613, 810.641235, -162.364563, 1, 0, 0, 0, 3.34
M, 106367708, 6, -152.790604, 811.611023, -163.452911, 1, 0, 0, 0, 4.00
M, 106367708, 7, -130.025284, 811.058472, -167.763077, 1, 0, 0, 0, 4.00
M, 106368750, 0, -313.137482, 818.594727, -181.379013, 1, 0, 0, 0, 4.00
M, 106368750, 1, -240.793518, 809.937256, -165.883560, 1, 0, 0, 0, 4.00
M, 106368750, 2, -316.201569, 816.966553, -223.920715, 1, 0, 0, 0, 3.55
M, 106368750, 3, -211.838745, 810.048584, -161.404633, 1, 0, 0, 0, 4.00
M, 106368750, 4, -268.275024, 816.389648, -174.977615, 1, 0, 0, 0, 4.00
M, 106368750, 5, -176.455582, 810.640015, -162.362900, 1, 0, 0, 0, 4.00
M, 106368750, 6, -152.798462, 811.600769, -163.459671, 1, 0, 0, 0, 3.52
M, 106368750, 7, -130.025879, 811.058044, -167.762299, 1, 0, 0, 0, 4.00
M, 106369792, 0, -313.136414, 818.595093, -181.378555, 1, 0, 0, 0, 4.00
M, 106369792, 1, -240.792648, 809.937012, -165.883865, 1, 0, 0, 0, 4.00
M, 106369792, 2, -316.206116, 816.967896, -223.923737, 1, 0, 0, 0, 4.00
M, 106369792, 3, -211.839188, 810.049683, -161.406540, 1, 0, 0, 0, 3.79
M, 106369792, 4, -268.273010, 816.390320, -174.977676, 1, 0, 0, 0, 4.00
M, 106369792, 5, -176.455490, 810.638062, -162.362808, 1, 0, 0, 0, 4.00
M, 106369792, 6, -152.797058, 811.602295, -163.457352, 1, 0, 0, 0, 4.00
M, 106369792, 7, -130.013550, 811.072632, -167.763672, 1, 0, 0, 0, 3.07
M, 106370833, 0, -313.144165, 818.585571, -181.378326, 1, 0, 0, 0, 3.57
M, 106370833, 1, -240.791718, 809.936768, -165.884155, 1, 0, 0, 0, 4.00
M, 106370833, 2, -316.203674, 816.966431, -223.921906, 1, 0, 0, 0, 4.00
M, 106370833, 3, -211.839035, 810.048523, -161.406418, 1, 0, 0, 0, 4.00
M, 106370833, 4, -268.282074, 816.383850, -174.979736, 1, 0, 0, 0, 3.47
M, 106370833, 5, -176.455460, 810.636169, -162.362778, 1, 0, 0, 0, 4.00
M, 106370833, 6, -152.797836, 811.601074, -163.457230, 1, 0, 0, 0, 4.00
M, 106370833, 7, -130.016296, 811.069702, -167.762604, 1, 0, 0, 0, 4.00
M, 106371875, 0, -313.141724, 818.587708, -181.377853, 1, 0, 0, 0, 4.00
M, 106371875, 1, -240.801620, 809.932922, -165.891907, 1, 0, 0, 0, 3.72
M, 106371875, 2, -316.201294, 816.964905, -223.920120, 1, 0, 0, 0, 4.00
M, 106371875, 3, -211.839035, 810.047913, -161.406799, 1, 0, 0, 0, 4.00
M, 106371875, 4, -268.278259, 816.385681, -174.979431, 1, 0, 0, 0, 4.00
M, 106371875, 5, -176.463623, 810.653503, -162.373032, 1, 0, 0, 0, 3.34
M, 106371875, 6, -152.798645, 811.599854, -163.457062, 1, 0, 0, 0, 4.00
M, 106371875, 7, -130.015457, 811.070923, -167.762085, 1, 0, 0, 0, 4.00
M, 106372917, 0, -313.141663, 818.587158, -181.377487, 1, 0, 0, 0, 4.00
M, 106372917, 1, -240.798935, 809.933350, -165.890945, 1, 0, 0, 0, 4.00
M, 106372917, 2, -316.228943, 816.946838, -223.944031, 1, 0, 0, 0, 3.55
M, 106372917, 3, -211.839035, 810.047363, -161.407135, 1, 0, 0, 0, 4.00
M, 106372917, 4, -268.277466, 816.385620, -174.979767, 1, 0, 0, 0, 4.00
M, 106372917, 5, -176.462250, 810.648438, -162.371292, 1, 0, 0, 0, 4.00
M, 106372917, 6, -152.803925, 811.589172, -163.466476, 1, 0, 0, 0, 3.52
M, 106372917, 7, -130.014679, 811.072144, -167.761581, 1, 0, 0, 0, 4.00
M, 106373958, 0, -313.141663, 818.586670, -181.377075, 1, 0, 0, 0, 4.00
M, 106373958, 1, -240.799271, 809.932556, -165.892090, 1, 0, 0, 0, 4.00
M, 106373958, 2, -316.221558, 816.947937, -223.938034, 1, 0, 0, 0, 4.00
M, 106373958, 3, -211.843094, 810.044067, -161.422089, 1, 0, 0, 0, 3.79
M, 106373958, 4, -268.276703, 816.385559, -174.980011, 1, 0, 0, 0, 4.00
M, 106373958, 5, -176.463089, 810.648621, -162.372375, 1, 0, 0, 0, 4.00
M, 106373958, 6, -152.803970, 811.589478, -163.464752, 1, 0, 0, 0, 4.00
M, 106373958, 7, -130.018341, 811.059204, -167.782715, 1, 0, 0, 0, 3.07
M, 106375000, 0, -313.131409, 818.583008, -181.379044, 1, 0, 0, 0, 3.57
M, 106375000, 1, -240.799500, 809.931885, -165.893219, 1, 0, 0, 0, 4.00
M, 106375000, 2, -316.222382, 816.944763, -223.939011, 1, 0, 0, 0, 4.00
M, 106375000, 3, -211.842438, 810.043945, -161.420013, 1, 0, 0, 0, 4.00
M, 106375000, 4, -268.270264, 816.380310, -174.980988, 1, 0, 0, 0, 3.47
M, 106375000, 5, -176.463943, 810.648743, -162.373444, 1, 0, 0, 0, 4.00
M, 106375000, 6, -152.805344, 811.587097, -163.465698, 1, 0, 0, 0, 4.00
M, 106375000, 7, -130.016769, 811.062744, -167.778625, 1, 0, 0, 0, 4.00
M, 106376042, 0, -313.133026, 818.582947, -181.378265, 1, 0, 0, 0, 4.00
M, 106376042, 1, -240.795532, 809.929016, -165.891281, 1, 0, 0, 0, 3.72
M, 106376042, 2, -316.223328, 816.941345, -223.940033, 1, 0, 0, 0, 4.00
M, 106376042, 3, -211.842850, 810.043152, -161.421997, 1, 0, 0, 0, 4.00
M, 106376042, 4, -268.270386, 816.381165, -174.981140, 1, 0, 0, 0, 4.00
M, 106376042, 5, -176.449799, 810.658691, -162.376282, 1, 0, 0, 0, 3.34
M, 106376042, 6, -152.806595, 811.584839, -163.466568, 1, 0, 0, 0, 4.00
M, 106376042, 7, -130.016464, 811.062378, -167.780472, 1, 0, 0, 0, 4.00
M, 106377083, 0, -313.131866, 818.582092, -181.378082, 1, 0, 0, 0, 4.00
M, 106377083, 1, -240.796524, 809.928772, -165.892914, 1, 0, 0, 0, 4.00
M, 106377083, 2, -316.218079, 816.950195, -223.933319, 1, 0, 0, 0, 3.55
M, 106377083, 3, -211.843262, 810.042236, -161.423904, 1, 0, 0, 0, 4.00
M, 106377083, 4, -268.268951, 816.380493, -174.981491, 1, 0, 0, 0, 4.00
M, 106377083, 5, -176.453156, 810.657227, -162.377075, 1, 0, 0, 0, 4.00
M, 106377083, 6, -152.802490, 811.595764, -163.468613, 1, 0, 0, 0, 3.52
M, 106377083, 7, -130.016174, 811.062012, -167.782349, 1, 0, 0, 0, 4.00
M, 106378125, 0, -313.130676, 818.581177, -181.377960, 1, 0, 0, 0, 4.00
M, 106378125, 1, -240.796310, 809.928040, -165.893692, 1, 0, 0, 0, 4.00
M, 106378125, 2, -316.220001, 816.944946, -223.935654, 1, 0, 0, 0, 4.00
M, 106378125, 3, -211.832031, 810.061829, -161.420273, 1, 0, 0, 0, 3.79
M, 106378125, 4, -268.267578, 816.379883, -174.981857, 1, 0, 0, 0, 4.00
M, 106378125, 5, -176.452393, 810.658325, -162.378326, 1, 0, 0, 0, 4.00
M, 106378125, 6, -152.804657, 811.591309, -163.469330, 1, 0, 0, 0, 4.00
M, 106378125, 7, -130.014359, 811.062378, -167.776062, 1, 0, 0, 0, 3.07
M, 106379167, 0, -313.134033, 818.592346, -181.383331, 1, 0, 0, 0, 3.57
M, 106379167, 1, -240.796127, 809.927063, -165.894470, 1, 0, 0, 0, 4.00
M, 106379167, 2, -316.220123, 816.943054, -223.935806, 1, 0, 0, 0, 4.00
M, 106379167, 3, -211.834381, 810.057556, -161.423172, 1, 0, 0, 0, 4.00
M, 106379167, 4, -268.298645, 816.383301, -174.984772, 1, 0, 0, 0, 3.47
M, 106379167, 5, -176.451584, 810.659790, -162.379547, 1, 0, 0, 0, 4.00
M, 106379167, 6, -152.805313, 811.590576, -163.470322, 1, 0, 0, 0, 4.00
M, 106379167, 7, -130.014267, 811.062012, -167.779221, 1, 0, 0, 0, 4.00
M, 106380208, 0, -313.132111, 818.589478, -181.382294, 1, 0, 0, 0, 4.00
M, 106380208, 1, -240.809402, 809.926941, -165.907578, 1, 0, 0, 0, 3.72
M, 106380208, 2, -316.220428, 816.941040, -223.935974, 1, 0, 0, 0, 4.00
M, 106380208, 3, -211.833557, 810.058899, -161.424530, 1, 0, 0, 0, 4.00
M, 106380208, 4, -268.291840, 816.382019, -174.984711, 1, 0, 0, 0, 4.00
M, 106380208, 5, -176.457367, 810.657654, -162.379349, 1, 0, 0, 0, 3.34
M, 106380208, 6, -152.806000, 811.589783, -163.471329, 1, 0, 0, 0, 4.00
M, 106380208, 7, -130.013809, 811.061707, -167.780212, 1, 0, 0, 0, 4.00
M, 106381250, 0, -313.131470, 818.589844, -181.382736, 1, 0, 0, 0, 4.00
M, 106381250, 1, -240.807007, 809.925903, -165.906326, 1, 0, 0, 0, 4.00
M, 106381250, 2, -316.217133, 816.962341, -223.955292, 1, 0, 0, 0, 3.98
M, 106381250, 3, -211.832718, 810.060242, -161.425842, 1, 0, 0, 0, 4.00
M, 106381250, 4, -268.293976, 816.381836, -174.985336, 1, 0, 0, 0, 4.00
M, 106381250, 5, -176.455521, 810.659546, -162.380829, 1, 0, 0, 0, 4.00
M, 106381250, 6, -152.815094, 811.577637, -163.483276, 1, 0, 0, 0, 3.52
M, 106381250, 7, -130.013306, 811.061462, -167.781189, 1, 0, 0, 0, 4.00
M, 106382292, 0, -313.130798, 818.590210, -181.383209, 1, 0, 0, 0, 4.00
M, 106382292, 1, -240.808319, 809.925049, -165.908478, 1, 0, 0, 0, 4.00
M, 106382292, 2, -316.217865, 816.956543, -223.952316, 1, 0, 0, 0, 4.00
M, 106382292, 3, -211.831177, 810.046875, -161.422684, 1, 0, 0, 0, 3.79
M, 106382292, 4, -268.296143, 816.381531, -174.985962, 1, 0, 0, 0, 4.00
M, 106382292, 5, -176.455429, 810.660400, -162.381912, 1, 0, 0, 0, 4.00
M, 106382292, 6, -152.814346, 811.578796, -163.482452, 1, 0, 0, 0, 4.00
M, 106382292, 7, -130.015747, 811.068115, -167.776123, 1, 0, 0, 0, 3.07
M, 106383333, 0, -313.130280, 818.598145, -181.379181, 1, 0, 0, 0, 3.57
M, 106383333, 1, -240.809570, 809.924255, -165.910599, 1, 0, 0, 0, 4.00
M, 106383333, 2, -316.217743, 816.957092, -223.954575, 1, 0, 0, 0, 4.00
M, 106383333, 3, -211.830460, 810.050659, -161.424774, 1, 0, 0, 0, 4.00
M, 106383333, 4, -268.292633, 816.397766, -174.962158, 1, 0, 0, 0, 3.47
M, 106383333, 5, -176.455338, 810.661377, -162.383011, 1, 0, 0, 0, 4.00
M, 106383333, 6, -152.815964, 811.576660, -163.484711, 1, 0, 0, 0, 4.00
M, 106383333, 7, -130.014862, 811.066528, -167.778122, 1, 0, 0, 0, 4.00
M, 106384375, 0, -313.129608, 818.597412, -181.380417, 1, 0, 0, 0, 4.00
M, 106384375, 1, -240.797836, 809.935669, -165.900375, 1, 0, 0, 0, 3.72
M, 106384375, 2, -316.217560, 816.957642, -223.956787, 1, 0, 0, 0, 4.00
M, 106384375, 3, -211.829529, 810.050354, -161.425613, 1, 0, 0, 0, 4.00
M, 106384375, 4, -268.295715, 816.394897, -174.966858, 1, 0, 0, 0, 4.00
M, 106384375, 5, -176.466476, 810.651733, -162.383362, 1, 0, 0, 0, 3.34
M, 106384375, 6, -152.817505, 811.574707, -163.486862, 1, 0, 0, 0, 4.00
M, 106384375, 7, -130.014679, 811.067017, -167.778397, 1, 0, 0, 0, 4.00
M, 106385417, 0, -313.128906, 818.598572, -181.380356, 1, 0, 0, 0, 4.00
M, 106385417, 1, -240.801285, 809.932922, -165.904541, 1, 0, 0, 0, 4.00
M, 106385417, 2, -316.209015, 816.965149, -223.940979, 1, 0, 0, 0, 3.55
M, 106385417, 3, -211.828613, 810.050110, -161.426437, 1, 0, 0, 0, 4.00
M, 106385417, 4, -268.297211, 816.396484, -174.964798, 1, 0, 0, 0, 4.00
M, 106385417, 5, -176.464569, 810.654358, -162.384583, 1, 0, 0, 0, 4.00
M, 106385417, 6, -152.819000, 811.579285, -163.494659, 1, 0, 0, 0, 3.52
M, 106385417, 7, -130.014557, 811.067383, -167.778748, 1, 0, 0, 0, 4.00
M, 106386458, 0, -313.128296, 818.599731, -181.380356, 1, 0, 0, 0, 4.00
M, 106386458, 1, -240.801117, 809.933472, -165.905319, 1, 0, 0, 0, 4.00
M, 106386458, 2, -316.210236, 816.964783, -223.946198, 1, 0, 0, 0, 4.00
M, 106386458, 3, -211.842560, 810.047119, -161.425171, 1, 0, 0, 0, 3.79
M, 106386458, 4, -268.298767, 816.397949, -174.962784, 1, 0, 0, 0, 4.00
M, 106386458, 5, -176.465714, 810.654053, -162.385605, 1, 0, 0, 0, 4.00
M, 106386458, 6, -152.820602, 811.576172, -163.495972, 1, 0, 0, 0, 4.00
M, 106386458, 7, -130.016708, 811.061829, -167.786560, 1, 0, 0, 0, 3.07
M, 106387500, 0, -313.132294, 818.597717, -181.386795, 1, 0, 0, 0, 3.57
M, 106387500, 1, -240.800964, 809.934021, -165.906097, 1, 0, 0, 0, 4.00
M, 106387500, 2, -316.209137, 816.966064, -223.946472, 1, 0, 0, 0, 4.00
M, 106387500, 3, -211.839096, 810.047485, -161.426361, 1, 0, 0, 0, 4.00
M, 106387500, 4, -268.280823, 816.400696, -174.972137, 1, 0, 0, 0, 3.37
M, 106387500, 5, -176.466904, 810.653748, -162.386612, 1, 0, 0, 0, 4.00
M, 106387500, 6, -152.822189, 811.574951, -163.498779, 1, 0, 0, 0, 4.00
M, 106387500, 7, -130.016174, 811.063232, -167.785660, 1, 0, 0, 0, 4.00
M, 106388542, 0, -313.130859, 818.599548, -181.385712, 1, 0, 0, 0, 4.00
M, 106388542, 1, -240.819473, 809.932983, -165.897095, 1, 0, 0, 0, 3.72
M, 106388542, 2, -316.208008, 816.967590, -223.946732, 1, 0, 0, 0, 4.00
M, 106388542, 3, -211.839874, 810.046753, -161.426987, 1, 0, 0, 0, 4.00
M, 106388542, 4, -268.285583, 816.401978, -174.968262, 1, 0, 0, 0, 4.00
M, 106388542, 5, -176.454590, 810.649231, -162.386490, 1, 0, 0, 0, 3.34
M, 106388542, 6, -152.823730, 811.573669, -163.501587, 1, 0, 0, 0, 4.00
M, 106388542, 7, -130.016296, 811.062988, -167.786804, 1, 0, 0, 0, 4.00
M, 106389583, 0, -313.130737, 818.600403, -181.386429, 1, 0, 0, 0, 4.00
M, 106389583, 1, -240.816254, 809.933777, -165.899475, 1, 0, 0, 0, 4.00
M, 106389583, 2, -316.217499, 816.968079, -223.960770, 1, 0, 0, 0, 3.55
M, 106389583, 3, -211.840591, 810.046082, -161.427612, 1, 0, 0, 0, 4.00
M, 106389583, 4, -268.285004, 816.403625, -174.967453, 1, 0, 0, 0, 4.00
M, 106389583, 5, -176.457962, 810.649658, -162.387695, 1, 0, 0, 0, 4.00
M, 106389583, 6, -152.799591, 811.597839, -163.479294, 1, 0, 0, 0, 3.52
M, 106389583, 7, -130.016403, 811.062744, -167.787933, 1, 0, 0, 0, 4.00
M, 106390625, 0, -313.130615, 818.601257, -181.387085, 1, 0, 0, 0, 4.00
M, 106390625, 1, -240.818100, 809.934204, -165.899200, 1, 0, 0, 0, 4.00
M, 106390625, 2, -316.214752, 816.969604, -223.958740, 1, 0, 0, 0, 4.00
M, 106390625, 3, -211.843292, 810.041260, -161.435715, 1, 0, 0, 0, 3.79
M, 106390625, 4, -268.284393, 816.405396, -174.966705, 1, 0, 0, 0, 4.00
M, 106390625, 5, -176.457657, 810.648987, -162.388580, 1, 0, 0, 0, 4.00
M, 106390625, 6, -152.805405, 811.592346, -163.486267, 1, 0, 0, 0, 4.00
M, 106390625, 7, -130.007385, 811.072205, -167.777618, 1, 0, 0, 0, 3.07
M, 106391667, 0, -313.139618, 818.584656, -181.393585, 1, 0, 0, 0, 3.57
M, 106391667, 1, -240.820038, 809.934631, -165.898941, 1, 0, 0, 0, 4.00
M, 106391667, 2, -316.214752, 816.971069, -223.960541, 1, 0, 0, 0, 4.00
M, 106391667, 3, -211.843689, 810.041382, -161.435089, 1, 0, 0, 0, 4.00
M, 106391667, 4, -268.289459, 816.384399, -174.976898, 1, 0, 0, 0, 3.37
M, 106391667, 5, -176.457336, 810.648193, -162.389450, 1, 0, 0, 0, 4.00
M, 106391667, 6, -152.804214, 811.593811, -163.486328, 1, 0, 0, 0, 4.00
M, 106391667, 7, -130.008987, 811.070374, -167.780624, 1, 0, 0, 0, 4.00
M, 106392708, 0, -313.137970, 818.588379, -181.393341, 1, 0, 0, 0, 4.00
M, 106392708, 1, -240.796997, 809.940186, -165.885406, 1, 0, 0, 0, 3.72
M, 106392708, 2, -316.214752, 816.972351, -223.962326, 1, 0, 0, 0, 4.00
M, 106392708, 3, -211.844574, 810.040405, -161.436523, 1, 0, 0, 0, 4.00
M, 106392708, 4, -268.287964, 816.389648, -174.974335, 1, 0, 0, 0, 4.00
M, 106392708, 5, -176.458023, 810.651733, -162.375107, 1, 0, 0, 0, 3.34
M, 106392708, 6, -152.802963, 811.595154, -163.486374, 1, 0, 0, 0, 4.00
M, 106392708, 7, -130.008041, 811.071350, -167.780533, 1, 0, 0, 0, 4.00
M, 106393750, 0, -313.138794, 818.587402, -181.394653, 1, 0, 0, 0, 4.00
M, 106393750, 1, -240.802994, 809.939819, -165.887314, 1, 0, 0, 0, 4.00
M, 106393750, 2, -316.216888, 816.956421, -223.948257, 1, 0, 0, 0, 3.55
M, 106393750, 3, -211.845535, 810.039368, -161.437943, 1, 0, 0, 0, 4.00
M, 106393750, 4, -268.288025, 816.388794, -174.974762, 1, 0, 0, 0, 4.00
M, 106393750, 5, -176.457550, 810.650269, -162.378510, 1, 0, 0, 0, 4.00
M, 106393750, 6, -152.808029, 811.595947, -163.476196, 1, 0, 0, 0, 3.52
M, 106393750, 7, -130.007141, 811.072205, -167.780396, 1, 0, 0, 0, 4.00
M, 106394792, 0, -313.139679, 818.586365, -181.395966, 1, 0, 0, 0, 4.00
M, 106394792, 1, -240.802216, 809.940613, -165.885590, 1, 0, 0, 0, 4.00
M, 106394792, 2, -316.216614, 816.960571, -223.952637, 1, 0, 0, 0, 4.00
M, 106394792, 3, -211.851257, 810.029724, -161.425842, 1, 0, 0, 0, 3.79
M, 106394792, 4, -268.288086, 816.387939, -174.975174, 1, 0, 0, 0, 4.00
M, 106394792, 5, -176.457367, 810.649963, -162.377762, 1, 0, 0, 0, 4.00
M, 106394792, 6, -152.805740, 811.597534, -163.477982, 1, 0, 0, 0, 4.00
M, 106394792, 7, -130.018677, 811.071716, -167.778931, 1, 0, 0, 0, 3.07
M, 106395833, 0, -313.152039, 818.586670, -181.390778, 1, 0, 0, 0, 3.57
M, 106395833, 1, -240.801407, 809.941528, -165.883865, 1, 0, 0, 0, 4.00
M, 106395833, 2, -316.216827, 816.960022, -223.952698, 1, 0, 0, 0, 4.00
M, 106395833, 3, -211.851440, 810.029968, -161.429520, 1, 0, 0, 0, 4.00
M, 106395833, 4, -268.286316, 816.380249, -174.972885, 1, 0, 0, 0, 3.37
M, 106395833, 5, -176.457184, 810.649658, -162.377014, 1, 0, 0, 0, 4.00
M, 106395833, 6, -152.805237, 811.598816, -163.476898, 1, 0, 0, 0, 4.00
M, 106395833, 7, -130.015686, 811.072815, -167.779053, 1, 0, 0, 0, 4.00
M, 106396875, 0, -313.150940, 818.585388, -181.393158, 1, 0, 0, 0, 4.00
M, 106396875, 1, -240.809036, 809.928772, -165.885117, 1, 0, 0, 0, 3.72
M, 106396875, 2, -316.217133, 816.959473, -223.952789, 1, 0, 0, 0, 4.00
M, 106396875, 3, -211.852859, 810.027893, -161.429489, 1, 0, 0, 0, 4.00
M, 106396875, 4, -268.286530, 816.380615, -174.973740, 1, 0, 0, 0, 4.00
M, 106396875, 5, -176.462219, 810.652893, -162.379761, 1, 0, 0, 0, 3.34
M, 106396875, 6, -152.804688, 811.600159, -163.475891, 1, 0, 0, 0, 4.00
M, 106396875, 7, -130.016113, 811.073547, -167.778748, 1, 0, 0, 0, 4.00
M, 106397917, 0, -313.153107, 818.584656, -181.393768, 1, 0, 0, 0, 4.00
M, 106397917, 1, -240.806839, 809.932007, -165.882904, 1, 0, 0, 0, 4.00
M, 106397917, 2, -316.220703, 816.975281, -223.950974, 1, 0, 0, 0, 3.55
M, 106397917, 3, -211.854355, 810.025940, -161.429489, 1, 0, 0, 0, 4.00
M, 106397917, 4, -268.286407, 816.379150, -174.973862, 1, 0, 0, 0, 4.00
M, 106397917, 5, -176.461121, 810.652100, -162.378387, 1, 0, 0, 0, 4.00
M, 106397917, 6, -152.808472, 811.591980, -163.477707, 1, 0, 0, 0, 3.52
M, 106397917, 7, -130.016586, 811.074280, -167.778488, 1, 0, 0, 0, 4.00
M, 106398958, 0, -313.155121, 818.583801, -181.394363, 1, 0, 0, 0, 4.00
M, 106398958, 1, -240.806900, 809.931458, -165.881500, 1, 0, 0, 0, 4.00
M, 106398958, 2, -316.220459, 816.972229, -223.951324, 1, 0, 0, 0, 4.00
M, 106398958, 3, -211.844498, 810.041687, -161.422028, 1, 0, 0, 0, 3.96
M, 106398958, 4, -268.286316, 816.377380, -174.974014, 1, 0, 0, 0, 4.00
M, 106398958, 5, -176.461472, 810.652344, -162.378006, 1, 0, 0, 0, 4.00
M, 106398958, 6, -152.807251, 811.594910, -163.476196, 1, 0, 0, 0, 4.00
M, 106398958, 7, -130.018677, 811.070313, -167.772247, 1, 0, 0, 0, 3.07
M, 106400000, 0, -313.149292, 818.595032, -181.384460, 1, 0, 0, 0, 3.57
M, 106400000, 1, -240.807037, 809.930847, -165.880096, 1, 0, 0, 0, 4.00
M, 106400000, 2, -316.221069, 816.973328, -223.951172, 1, 0, 0, 0, 4.00
M, 106400000, 3, -211.847855, 810.036743, -161.423233, 1, 0, 0, 0, 4.00
M, 106400000, 4, -268.283844, 816.393066, -174.977982, 1, 0, 0, 0, 3.37
M, 106400000, 5, -176.461807, 810.652466, -162.377609, 1, 0, 0, 0, 4.00
M, 106400000, 6, -152.807144, 811.595337, -163.475479, 1, 0, 0, 0, 4.00
M, 106400000, 7, -130.018906, 811.071777, -167.772964, 1, 0, 0, 0, 4.00
M, 106401042, 0, -313.152740, 818.592163, -181.386795, 1, 0, 0, 0, 4.00
M, 106401042, 1, -240.796814, 809.947937, -165.884781, 1, 0, 0, 0, 3.72
M, 106401042, 2, -316.221771, 816.974609, -223.951035, 1, 0, 0, 0, 4.00
M, 106401042, 3, -211.848038, 810.036682, -161.422394, 1, 0, 0, 0, 4.00
M, 106401042, 4, -268.284027, 816.388794, -174.977448, 1, 0, 0, 0, 4.00
M, 106401042, 5, -176.466248, 810.651428, -162.374130, 1, 0, 0, 0, 3.34
M, 106401042, 6, -152.807083, 811.595642, -163.474731, 1, 0, 0, 0, 4.00
M, 106401042, 7, -130.019531, 811.071960, -167.772079, 1, 0, 0, 0, 4.00
M, 106402083, 0, -313.153992, 818.592590, -181.386276, 1, 0, 0, 0, 4.00
M, 106402083, 1, -240.798615, 809.944336, -165.882370, 1, 0, 0, 0, 4.00
M, 106402083, 2, -316.205109, 816.978271, -223.947815, 1, 0, 0, 0, 3.55
M, 106402083, 3, -211.848282, 810.036621, -161.421494, 1, 0, 0, 0, 4.00
M, 106402083, 4, -268.283569, 816.389160, -174.977982, 1, 0, 0, 0, 4.00
M, 106402083, 5, -176.465942, 810.651733, -162.374222, 1, 0, 0, 0, 4.00
M, 106402083, 6, -152.799622, 811.602783, -163.463577, 1, 0, 0, 0, 3.52
M, 106402083, 7, -130.020157, 811.072144, -167.771149, 1, 0, 0, 0, 4.00
M, 106403125, 0, -313.155243, 818.593018, -181.385773, 1, 0, 0, 0, 4.00
M, 106403125, 1, -240.797592, 809.945679, -165.881653, 1, 0, 0, 0, 4.00
M, 106403125, 2, -316.208679, 816.979065, -223.948135, 1, 0, 0, 0, 4.00
M, 106403125, 3, -211.838806, 810.040222, -161.404633, 1, 0, 0, 0, 3.79
M, 106403125, 4, -268.283203, 816.389465, -174.978516, 1, 0, 0, 0, 4.00
M, 106403125, 5, -176.466721, 810.651733, -162.373505, 1, 0, 0, 0, 4.00
M, 106403125, 6, -152.800812, 811.601929, -163.464600, 1, 0, 0, 0, 4.00
M, 106403125, 7, -130.014557, 811.077087, -167.773300, 1, 0, 0, 0, 3.07
M, 106404167, 0, -313.162506, 818.593811, -181.398346, 1, 0, 0, 0, 3.57
M, 106404167, 1, -240.796524, 809.947205, -165.880844, 1, 0, 0, 0, 4.00
M, 106404167, 2, -316.207367, 816.980469, -223.947723, 1, 0, 0, 0, 4.00
M, 106404167, 3, -211.840591, 810.039734, -161.406418, 1, 0, 0, 0, 4.00
M, 106404167, 4, -268.293976, 816.389465, -174.976730, 1, 0, 0, 0, 3.37
M, 106404167, 5, -176.467529, 810.651794, -162.372787, 1, 0, 0, 0, 4.00
M, 106404167, 6, -152.799927, 811.603027, -163.462723, 1, 0, 0, 0, 4.00
M, 106404167, 7, -130.016266, 811.076294, -167.771896, 1, 0, 0, 0, 4.00
M, 106405208, 0, -313.162750, 818.594177, -181.395676, 1, 0, 0, 0, 4.00
M, 106405208, 1, -240.813980, 809.921265, -165.887909, 1, 0, 0, 0, 3.72
M, 106405208, 2, -316.206177, 816.981873, -223.947250, 1, 0, 0, 0, 4.00
M, 106405208, 3, -211.839752, 810.039978, -161.403854, 1, 0, 0, 0, 4.00
M, 106405208, 4, -268.291718, 816.389832, -174.977646, 1, 0, 0, 0, 4.00
M, 106405208, 5, -176.470062, 810.658020, -162.373322, 1, 0, 0, 0, 3.34
M, 106405208, 6, -152.799118, 811.604004, -163.460907, 1, 0, 0, 0, 4.00
M, 106405208, 7, -130.016205, 811.077148, -167.771301, 1, 0, 0, 0, 4.00
M, 106406250, 0, -313.164673, 818.594666, -181.396561, 1, 0, 0, 0, 4.00
M, 106406250, 1, -240.809967, 809.927063, -165.885880, 1, 0, 0, 0, 4.00
M, 106406250, 2, -316.220581, 816.971130, -223.951660, 1, 0, 0, 0, 3.55
M, 106406250, 3, -211.838913, 810.040405, -161.401230, 1, 0, 0, 0, 4.00
M, 106406250, 4, -268.292511, 816.390137, -174.977921, 1, 0, 0, 0, 4.00
M, 106406250, 5, -176.470535, 810.657043, -162.372375, 1, 0, 0, 0, 4.00
M, 106406250, 6, -152.805344, 811.596008, -163.472076, 1, 0, 0, 0, 3.52
M, 106406250, 7, -130.016144, 811.077698, -167.770706, 1, 0, 0, 0, 4.00
M, 106407292, 0, -313.166565, 818.595032, -181.397461, 1, 0, 0, 0, 4.00
M, 106407292, 1, -240.810944, 809.925537, -165.886032, 1, 0, 0, 0, 4.00
M, 106407292, 2, -316.216766, 816.974670, -223.950378, 1, 0, 0, 0, 4.00
M, 106407292, 3, -211.854538, 810.047852, -161.418930, 1, 0, 0, 0, 3.79
M, 106407292, 4, -268.293335, 816.390381, -174.978210, 1, 0, 0, 0, 4.00
M, 106407292, 5, -176.471558, 810.657776, -162.371780, 1, 0, 0, 0, 4.00
M, 106407292, 6, -152.803329, 811.598450, -163.468079, 1, 0, 0, 0, 4.00
M, 106407292, 7, -130.018433, 811.067810, -167.777115, 1, 0, 0, 0, 3.07
M, 106408333, 0, -313.145813, 818.589783, -181.395432, 1, 0, 0, 0, 3.57
M, 106408333, 1, -240.811966, 809.923828, -165.886124, 1, 0, 0, 0, 4.00
M, 106408333, 2, -316.217194, 816.974854, -223.950439, 1, 0, 0, 0, 4.00
M, 106408333, 3, -211.851013, 810.046997, -161.412979, 1, 0, 0, 0, 4.00
M, 106408333, 4, -268.281830, 816.394653, -174.974640, 1, 0, 0, 0, 3.37
M, 106408333, 5, -176.472504, 810.658508, -162.371185, 1, 0, 0, 0, 4.00
M, 106408333, 6, -152.803268, 811.598511, -163.467667, 1, 0, 0, 0, 4.00
M, 106408333, 7, -130.018021, 811.070129, -167.775375, 1, 0, 0, 0, 4.00
M, 106409375, 0, -313.151428, 818.591309, -181.396805, 1, 0, 0, 0, 4.00
M, 106409375, 1, -240.803085, 809.925964, -165.883804, 1, 0, 0, 0, 3.72
M, 106409375, 2, -316.217743, 816.974976, -223.950485, 1, 0, 0, 0, 4.00
M, 106409375, 3, -211.851974, 810.048096, -161.412582, 1, 0, 0, 0, 4.00
M, 106409375, 4, -268.284637, 816.394287, -174.975540, 1, 0, 0, 0, 4.00
M, 106409375, 5, -176.450684, 810.654846, -162.366165, 1, 0, 0, 0, 3.34
M, 106409375, 6, -152.803207, 811.598511, -163.467194, 1, 0, 0, 0, 4.00
M, 106409375, 7, -130.018204, 811.069824, -167.775558, 1, 0, 0, 0, 4.00
M, 106410417, 0, -313.150848, 818.591187, -181.397369, 1, 0, 0, 0, 4.00
M, 106410417, 1, -240.805695, 809.923767, -165.884338, 1, 0, 0, 0, 4.00
M, 106410417, 2, -316.209808, 816.969055, -223.950165, 1, 0, 0, 0, 3.55
M, 106410417, 3, -211.852890, 810.049438, -161.412201, 1, 0, 0, 0, 4.00
M, 106410417, 4, -268.284088, 816.395020, -174.975357, 1, 0, 0, 0, 4.00
M, 106410417, 5, -176.455521, 810.656128, -162.366348, 1, 0, 0, 0, 4.00
M, 106410417, 6, -152.801331, 811.602722, -163.473007, 1, 0, 0, 0, 3.52
M, 106410417, 7, -130.018433, 811.069397, -167.775772, 1, 0, 0, 0, 4.00
M, 106411458, 0, -313.150238, 818.591064, -181.397934, 1, 0, 0, 0, 4.00
M, 106411458, 1, -240.805634, 809.922546, -165.884216, 1, 0, 0, 0, 4.00
M, 106411458, 2, -316.211639, 816.970154, -223.950287, 1, 0, 0, 0, 4.00
M, 106411458, 3, -211.835556, 810.050415, -161.419708, 1, 0, 0, 0, 3.79
M, 106411458, 4, -268.283569, 816.395569, -174.975204, 1, 0, 0, 0, 4.00
M, 106411458, 5, -176.454025, 810.656311, -162.365280, 1, 0, 0, 0, 4.00
M, 106411458, 6, -152.801529, 811.602051, -163.471542, 1, 0, 0, 0, 4.00
M, 106411458, 7, -130.011642, 811.073853, -167.777618, 1, 0, 0, 0, 3.07
M, 106412500, 0, -313.158356, 818.578674, -181.399658, 1, 0, 0, 0, 3.57
M, 106412500, 1, -240.805588, 809.921326, -165.884064, 1, 0, 0, 0, 4.00
M, 106412500, 2, -316.211243, 816.969666, -223.950287, 1, 0, 0, 0, 4.00
M, 106412500, 3, -211.839508, 810.051636, -161.417984, 1, 0, 0, 0, 4.00
M, 106412500, 4, -268.289642, 816.393433, -174.976791, 1, 0, 0, 0, 3.37
M, 106412500, 5, -176.452560, 810.656372, -162.364212, 1, 0, 0, 0, 4.00
M, 106412500, 6, -152.801239, 811.602539, -163.471771, 1, 0, 0, 0, 4.00
M, 106412500, 7, -130.012985, 811.072571, -167.777557, 1, 0, 0, 0, 4.00
M, 106413542, 0, -313.156311, 818.580322, -181.400085, 1, 0, 0, 0, 4.00
M, 106413542, 1, -240.820633, 809.921692, -165.896500, 1, 0, 0, 0, 3.72
M, 106413542, 2, -316.210815, 816.969116, -223.950287, 1, 0, 0, 0, 4.00
M, 106413542, 3, -211.838470, 810.052856, -161.418457, 1, 0, 0, 0, 4.00
M, 106413542, 4, -268.287964, 816.394775, -174.976334, 1, 0, 0, 0, 4.00
M, 106413542, 5, -176.469757, 810.655884, -162.386139, 1, 0, 0, 0, 3.34
M, 106413542, 6, -152.800995, 811.602966, -163.472015, 1, 0, 0, 0, 4.00
M, 106413542, 7, -130.012421, 811.072754, -167.777863, 1, 0, 0, 0, 4.00
M, 106414583, 0, -313.156677, 818.578979, -181.400742, 1, 0, 0, 0, 4.00
M, 106414583, 1, -240.818039, 809.920288, -165.894287, 1, 0, 0, 0, 4.00
M, 106414583, 2, -316.225830, 816.976990, -223.961395, 1, 0, 0, 0, 3.55
M, 106414583, 3, -211.837433, 810.053955, -161.418930, 1, 0, 0, 0, 4.00
M, 106414583, 4, -268.288086, 816.395203, -174.976364, 1, 0, 0, 0, 4.00
M, 106414583, 5, -176.465179, 810.656189, -162.381317, 1, 0, 0, 0, 4.00
M, 106414583, 6, -152.808746, 811.600403, -163.491928, 1, 0, 0, 0, 3.52
M, 106414583, 7, -130.011826, 811.072876, -167.778214, 1, 0, 0, 0, 4.00
M, 106415625, 0, -313.157043, 818.577576, -181.401443, 1, 0, 0, 0, 4.00
M, 106415625, 1, -240.819595, 809.919250, -165.895477, 1, 0, 0, 0, 4.00
M, 106415625, 2, -316.222870, 816.975098, -223.959579, 1, 0, 0, 0, 4.00
M, 106415625, 3, -211.841415, 810.045654, -161.431870, 1, 0, 0, 0, 3.79
M, 106415625, 4, -268.288330, 816.395630, -174.976425, 1, 0, 0, 0, 4.00
M, 106415625, 5, -176.465714, 810.656311, -162.382736, 1, 0, 0, 0, 4.00
M, 106415625, 6, -152.807144, 811.601379, -163.488922, 1, 0, 0, 0, 4.00
M, 106415625, 7, -130.013184, 811.071045, -167.782410, 1, 0, 0, 0, 3.07
M, 106416667, 0, -313.141663, 818.580872, -181.390900, 1, 0, 0, 0, 3.57
M, 106416667, 1, -240.821198, 809.918152, -165.896729, 1, 0, 0, 0, 4.00
M, 106416667, 2, -316.224121, 816.975525, -223.960739, 1, 0, 0, 0, 4.00
M, 106416667, 3, -211.839508, 810.048279, -161.430252, 1, 0, 0, 0, 4.00
M, 106416667, 4, -268.292572, 816.386536, -174.980667, 1, 0, 0, 0, 3.56
M, 106416667, 5, -176.466309, 810.656433, -162.384232, 1, 0, 0, 0, 4.00
M, 106416667, 6, -152.807739, 811.601501, -163.491272, 1, 0, 0, 0, 4.00
M, 106416667, 7, -130.012299, 811.071533, -167.782150, 1, 0, 0, 0, 4.00
M, 106417708, 0, -313.144623, 818.578430, -181.393494, 1, 0, 0, 0, 4.00
M, 106417708, 1, -240.809570, 809.929199, -165.898407, 1, 0, 0, 0, 3.72
M, 106417708, 2, -316.225311, 816.975952, -223.961960, 1, 0, 0, 0, 4.00
M, 106417708, 3, -211.839005, 810.048401, -161.432114, 1, 0, 0, 0, 4.00
M, 106417708, 4, -268.292084, 816.388428, -174.980057, 1, 0, 0, 0, 4.00
M, 106417708, 5, -176.452087, 810.653381, -162.378036, 1, 0, 0, 0, 3.34
M, 106417708, 6, -152.808334, 811.601624, -163.493683, 1, 0, 0, 0, 4.00
M, 106417708, 7, -130.011932, 811.071411, -167.782928, 1, 0, 0, 0, 4.00
M, 106418750, 0, -313.143311, 818.577515, -181.392960, 1, 0, 0, 0, 4.00
M, 106418750, 1, -240.813324, 809.926147, -165.899536, 1, 0, 0, 0, 4.00
M, 106418750, 2, -316.214264, 816.975525, -223.960297, 1, 0, 0, 0, 3.55
M, 106418750, 3, -211.838501, 810.048523, -161.433899, 1, 0, 0, 0, 4.00
M, 106418750, 4, -268.292694, 816.387756, -174.980545, 1, 0, 0, 0, 4.00
M, 106418750, 5, -176.455093, 810.654114, -162.380722, 1, 0, 0, 0, 4.00
M, 106418750, 6, -152.799179, 811.608704, -163.481964, 1, 0, 0, 0, 3.52
M, 106418750, 7, -130.011642, 811.071289, -167.783752, 1, 0, 0, 0, 4.00
M, 106419792, 0, -313.141968, 818.576538, -181.392456, 1, 0, 0, 0, 4.00
M, 106419792, 1, -240.813446, 809.926392, -165.900818, 1, 0, 0, 0, 4.00
M, 106419792, 2, -316.217621, 816.976013, -223.961960, 1, 0, 0, 0, 4.00
M, 106419792, 3, -211.829971, 810.062927, -161.427521, 1, 0, 0, 0, 3.79
M, 106419792, 4, -268.293335, 816.387146, -174.981018, 1, 0, 0, 0, 4.00
M, 106419792, 5, -176.454025, 810.653870, -162.381378, 1, 0, 0, 0, 4.00
M, 106419792, 6, -152.801422, 811.607666, -163.486710, 1, 0, 0, 0, 4.00
M, 106419792, 7, -130.017838, 811.067261, -167.784531, 1, 0, 0, 0, 3.07
M, 106420833, 0, -313.152740, 818.580383, -181.392532, 1, 0, 0, 0, 3.57
M, 106420833, 1, -240.813629, 809.926636, -165.902100, 1, 0, 0, 0, 4.00
M, 106420833, 2, -316.217499, 816.976257, -223.962921, 1, 0, 0, 0, 4.00
M, 106420833, 3, -211.830841, 810.060608, -161.430740, 1, 0, 0, 0, 4.00
M, 106420833, 4, -268.289337, 816.399414, -174.976425, 1, 0, 0, 0, 3.37
M, 106420833, 5, -176.453018, 810.653625, -162.382019, 1, 0, 0, 0, 4.00
M, 106420833, 6, -152.800964, 811.608582, -163.487579, 1, 0, 0, 0, 4.00
M, 106420833, 7, -130.016403, 811.067749, -167.785309, 1, 0, 0, 0, 4.00
M, 106421875, 0, -313.149414, 818.578613, -181.391907, 1, 0, 0, 0, 4.00
M, 106421875, 1, -240.811249, 809.918274, -165.892319, 1, 0, 0, 0, 4.58
M, 106421875, 2, -316.217438, 816.976501, -223.963806, 1, 0, 0, 0, 4.00
M, 106421875, 3, -211.829437, 810.062378, -161.431625, 1, 0, 0, 0, 4.00
M, 106421875, 4, -268.290710, 816.396851, -174.977798, 1, 0, 0, 0, 4.00
M, 106421875, 5, -176.458969, 810.662903, -162.388947, 1, 0, 0, 0, 3.34
M, 106421875, 6, -152.800491, 811.609436, -163.488434, 1, 0, 0, 0, 4.00
M, 106421875, 7, -130.016739, 811.067322, -167.786087, 1, 0, 0, 0, 4.00
M, 106422917, 0, -313.149292, 818.578125, -181.391434, 1, 0, 0, 0, 4.00
M, 106422917, 1, -240.811813, 809.919922, -165.895447, 1, 0, 0, 0, 4.00
M, 106422917, 2, -316.220764, 816.970703, -223.967926, 1, 0, 0, 0, 3.55
M, 106422917, 3, -211.828094, 810.063904, -161.432587, 1, 0, 0, 0, 4.00
M, 106422917, 4, -268.290833, 816.397583, -174.977707, 1, 0, 0, 0, 4.00
M, 106422917, 5, -176.456772, 810.661194, -162.388519, 1, 0, 0, 0, 4.00
M, 106422917, 6, -152.798706, 811.605530, -163.475891, 1, 0, 0, 0, 3.52
M, 106422917, 7, -130.017120, 811.066772, -167.786911, 1, 0, 0, 0, 4.00
M, 106423958, 0, -313.149292, 818.577637, -181.391022, 1, 0, 0, 0, 4.00
M, 106423958, 1, -240.811661, 809.919189, -165.895477, 1, 0, 0, 0, 4.00
M, 106423958, 2, -316.220123, 816.972046, -223.968277, 1, 0, 0, 0, 4.00
M, 106423958, 3, -211.845627, 810.046509, -161.441498, 1, 0, 0, 0, 3.79
M, 106423958, 4, -268.290955, 816.398376, -174.977676, 1, 0, 0, 0, 4.00
M, 106423958, 5, -176.456436, 810.661987, -162.389832, 1, 0, 0, 0, 4.00
M, 106423958, 6, -152.798492, 811.607178, -163.478989, 1, 0, 0, 0, 4.00
M, 106423958, 7, -130.018311, 811.076355, -167.788879, 1, 0, 0, 0, 3.07
M, 106425000, 0, -313.142609, 818.581543, -181.396805, 1, 0, 0, 0, 3.57
M, 106425000, 1, -240.811539, 809.918579, -165.895538, 1, 0, 0, 0, 4.00
M, 106425000, 2, -316.220459, 816.971619, -223.969528, 1, 0, 0, 0, 4.00
M, 106425000, 3, -211.841125, 810.051331, -161.441101, 1, 0, 0, 0, 4.00
M, 106425000, 4, -268.289520, 816.382568, -174.981766, 1, 0, 0, 0, 3.37
M, 106425000, 5, -176.456116, 810.663025, -162.391113, 1, 0, 0, 0, 4.00
M, 106425000, 6, -152.797897, 811.607483, -163.478363, 1, 0, 0, 0, 4.00
M, 106425000, 7, -130.018616, 811.074036, -167.789474, 1, 0, 0, 0, 4.00
M, 106426042, 0, -313.143677, 818.580444, -181.395309, 1, 0, 0, 0, 4.00
M, 106426042, 1, -240.810974, 809.920959, -165.887680, 1, 0, 0, 0, 4.58
M, 106426042, 2, -316.220703, 816.971252, -223.970764, 1, 0, 0, 0, 4.00
M, 106426042, 3, -211.841782, 810.050903, -161.442902, 1, 0, 0, 0, 4.00
M, 106426042, 4, -268.289886, 816.386169, -174.980988, 1, 0, 0, 0, 4.00
M, 106426042, 5, -176.456467, 810.647766, -162.395523, 1, 0, 0, 0, 3.34
M, 106426042, 6, -152.797272, 811.607849, -163.477768, 1, 0, 0, 0, 4.00
M, 106426042, 7, -130.019089, 811.074585, -167.790436, 1, 0, 0, 0, 4.00
M, 106427083, 0, -313.142914, 818.580383, -181.395523, 1, 0, 0, 0, 4.00
M, 106427083, 1, -240.810913, 809.919861, -165.889038, 1, 0, 0, 0, 4.00
M, 106427083, 2, -316.196808, 816.989014, -223.970551, 1, 0, 0, 0, 3.55
M, 106427083, 3, -211.842438, 810.050537, -161.444687, 1, 0, 0, 0, 4.00
M, 106427083, 4, -268.289764, 816.385254, -174.981369, 1, 0, 0, 0, 4.00
M, 106427083, 5, -176.456116, 810.651123, -162.396332, 1, 0, 0, 0, 4.00
M, 106427083, 6, -152.798859, 811.595947, -163.482208, 1, 0, 0, 0, 3.52
M, 106427083, 7, -130.019562, 811.075073, -167.791321, 1, 0, 0, 0, 4.00
M, 106428125, 0, -313.142120, 818.580444, -181.395752, 1, 0, 0, 0, 4.00
M, 106428125, 1, -240.810730, 809.919556, -165.888275, 1, 0, 0, 0, 4.00
M, 106428125, 2, -316.201111, 816.985657, -223.972046, 1, 0, 0, 0, 4.00
M, 106428125, 3, -211.840790, 810.035889, -161.433838, 1, 0, 0, 0, 3.79
M, 106428125, 4, -268.289764, 816.384155, -174.981796, 1, 0, 0, 0, 4.00
M, 106428125, 5, -176.455872, 810.650269, -162.397964, 1, 0, 0, 0, 4.00
M, 106428125, 6, -152.797897, 811.598328, -163.480774, 1, 0, 0, 0, 4.00
M, 106428125, 7, -130.021301, 811.056641, -167.787216, 1, 0, 0, 0, 3.07
M, 106429167, 0, -313.140686, 818.575928, -181.397934, 1, 0, 0, 0, 3.57
M, 106429167, 1, -240.810532, 809.919189, -165.887436, 1, 0, 0, 0, 4.00
M, 106429167, 2, -316.198730, 816.987244, -223.973083, 1, 0, 0, 0, 4.00
M, 106429167, 3, -211.841904, 810.037781, -161.437744, 1, 0, 0, 0, 4.00
M, 106429167, 4, -268.291077, 816.379944, -174.986053, 1, 0, 0, 0, 3.37
M, 106429167, 5, -176.455688, 810.649231, -162.399643, 1, 0, 0, 0, 4.00
M, 106429167, 6, -152.797516, 811.597412, -163.480713, 1, 0, 0, 0, 4.00
M, 106429167, 7, -130.021530, 811.060303, -167.788940, 1, 0, 0, 0, 4.00
M, 106430208, 0, -313.140106, 818.576782, -181.397812, 1, 0, 0, 0, 4.00
M, 106430208, 1, -240.803558, 809.924561, -165.890289, 1, 0, 0, 0, 3.72
M, 106430208, 2, -316.196381, 816.988892, -223.974182, 1, 0, 0, 0, 4.00
M, 106430208, 3, -211.842316, 810.035828, -161.438126, 1, 0, 0, 0, 4.00
M, 106430208, 4, -268.290833, 816.379456, -174.985779, 1, 0, 0, 0, 4.00
M, 106430208, 5, -176.462692, 810.648254, -162.392166, 1, 0, 0, 0, 3.34
M, 106430208, 6, -152.797119, 811.596497, -163.480652, 1, 0, 0, 0, 4.00
M, 106430208, 7, -130.022156, 811.058716, -167.789307, 1, 0, 0, 0, 4.00
M, 106431250, 0, -313.139282, 818.576355, -181.398254, 1, 0, 0, 0, 4.00
M, 106431250, 1, -240.804504, 809.923157, -165.888901, 1, 0, 0, 0, 4.00
M, 106431250, 2, -316.199493, 816.977905, -223.968277, 1, 0, 0, 0, 3.55
M, 106431250, 3, -211.842728, 810.033875, -161.438538, 1, 0, 0, 0, 4.00
M, 106431250, 4, -268.290894, 816.377991, -174.986557, 1, 0, 0, 0, 4.00
M, 106431250, 5, -176.461243, 810.647400, -162.395325, 1, 0, 0, 0, 4.00
M, 106431250, 6, -152.808746, 811.573792, -163.485123, 1, 0, 0, 0, 3.52
M, 106431250, 7, -130.022781, 811.057190, -167.789688, 1, 0, 0, 0, 4.00
M, 106432292, 0, -313.138428, 818.575867, -181.398712, 1, 0, 0, 0, 4.00
M, 106432292, 1, -240.803558, 809.923645, -165.888504, 1, 0, 0, 0, 4.00
M, 106432292, 2, -316.196167, 816.981812, -223.970490, 1, 0, 0, 0, 4.00
M, 106432292, 3, -211.836777, 810.044983, -161.430435, 1, 0, 0, 0, 3.79
M, 106432292, 4, -268.291016, 816.376709, -174.987396, 1, 0, 0, 0, 4.00
M, 106432292, 5, -176.461807, 810.646606, -162.395981, 1, 0, 0, 0, 4.00
M, 106432292, 6, -152.806366, 811.576477, -163.484299, 1, 0, 0, 0, 4.00
M, 106432292, 7, -130.017807, 811.063416, -167.785248, 1, 0, 0, 0, 3.07
M, 106433333, 0, -313.130554, 818.577515, -181.399277, 1, 0, 0, 0, 3.68
M, 106433333, 1, -240.802628, 809.923950, -165.888092, 1, 0, 0, 0, 4.00
M, 106433333, 2, -316.194366, 816.981995, -223.970810, 1, 0, 0, 0, 4.00
M, 106433333, 3, -211.838318, 810.040771, -161.432281, 1, 0, 0, 0, 4.00
M, 106433333, 4, -268.268646, 816.386475, -174.969513, 1, 0, 0, 0, 3.37
M, 106433333, 5, -176.462311, 810.645630, -162.396576, 1, 0, 0, 0, 4.00
M, 106433333, 6, -152.807312, 811.573120, -163.484772, 1, 0, 0, 0, 4.00
M, 106433333, 7, -130.019363, 811.060547, -167.786438, 1, 0, 0, 0, 4.00
M, 106434375, 0, -313.130920, 818.576782, -181.399689, 1, 0, 0, 0, 4.00
M, 106434375, 1, -240.790649, 809.936096, -165.871109, 1, 0, 0, 0, 4.28
M, 106434375, 2, -316.192566, 816.982422, -223.971115, 1, 0, 0, 0, 4.00
M, 106434375, 3, -211.838028, 810.040222, -161.431747, 1, 0, 0, 0, 4.00
M, 106434375, 4, -268.272461, 816.383301, -174.973450, 1, 0, 0, 0, 4.00
M, 106434375, 5, -176.441330, 810.648987, -162.379471, 1, 0, 0, 0, 3.34
M, 106434375, 6, -152.808304, 811.569641, -163.485214, 1, 0, 0, 0, 4.00
M, 106434375, 7, -130.019333, 811.059875, -167.786255, 1, 0, 0, 0, 4.00
M, 106435417, 0, -313.129303, 818.576477, -181.400146, 1, 0, 0, 0, 4.00
M, 106435417, 1, -240.791580, 809.934448, -165.873489, 1, 0, 0, 0, 4.00
M, 106435417, 2, -316.195435, 816.979431, -223.968582, 1, 0, 0, 0, 3.55
M, 106435417, 3, -211.837784, 810.039673, -161.431274, 1, 0, 0, 0, 4.00
M, 106435417, 4, -268.270081, 816.383179, -174.972229, 1, 0, 0, 0, 4.00
M, 106435417, 5, -176.445496, 810.647400, -162.383102, 1, 0, 0, 0, 4.00
M, 106435417, 6, -152.810654, 811.589783, -163.485077, 1, 0, 0, 0, 3.52
M, 106435417, 7, -130.019333, 811.059265, -167.786087, 1, 0, 0, 0, 4.00
M, 106436458, 0, -313.127716, 818.576233, -181.400589, 1, 0, 0, 0, 4.00
M, 106436458, 1, -240.789429, 809.935974, -165.871277, 1, 0, 0, 0, 4.00
M, 106436458, 2, -316.192871, 816.980164, -223.969330, 1, 0, 0, 0, 4.00
M, 106436458, 3, -211.821335, 810.037231, -161.417511, 1, 0, 0, 0, 3.79
M, 106436458, 4, -268.267761, 816.383057, -174.971008, 1, 0, 0, 0, 4.00
M, 106436458, 5, -176.443649, 810.646912, -162.381790, 1, 0, 0, 0, 4.00
M, 106436458, 6, -152.811401, 811.582520, -163.485641, 1, 0, 0, 0, 4.00
M, 106436458, 7, -130.002167, 811.065247, -167.771545, 1, 0, 0, 0, 3.07
M, 106437500, 0, -313.139282, 818.582458, -181.391205, 1, 0, 0, 0, 3.68
M, 106437500, 1, -240.787308, 809.937683, -165.869049, 1, 0, 0, 0, 4.00
M, 106437500, 2, -316.191620, 816.980103, -223.969360, 1, 0, 0, 0, 4.00
M, 106437500, 3, -211.823715, 810.037048, -161.419235, 1, 0, 0, 0, 4.00
M, 106437500, 4, -268.285950, 816.384094, -174.974167, 1, 0, 0, 0, 3.37
M, 106437500, 5, -176.441864, 810.646423, -162.380539, 1, 0, 0, 0, 4.00
M, 106437500, 6, -152.812439, 811.581726, -163.485992, 1, 0, 0, 0, 4.00
M, 106437500, 7, -130.004959, 811.063538, -167.773743, 1, 0, 0, 0, 4.00
M, 106438542, 0, -313.135529, 818.581116, -181.393250, 1, 0, 0, 0, 4.00
M, 106438542, 1, -240.809998, 809.901184, -165.880814, 1, 0, 0, 0, 4.58
M, 106438542, 2, -316.190369, 816.979858, -223.969391, 1, 0, 0, 0, 4.00
M, 106438542, 3, -211.821716, 810.036133, -161.417267, 1, 0, 0, 0, 4.00
M, 106438542, 4, -268.280212, 816.383728, -174.972198, 1, 0, 0, 0, 4.00
M, 106438542, 5, -176.454529, 810.652466, -162.372604, 1, 0, 0, 0, 3.34
M, 106438542, 6, -152.813568, 811.581055, -163.486374, 1, 0, 0, 0, 4.00
M, 106438542, 7, -130.003082, 811.063660, -167.772018, 1, 0, 0, 0, 4.00
M, 106439583, 0, -313.135345, 818.581604, -181.392624, 1, 0, 0, 0, 4.00
M, 106439583, 1, -240.803757, 809.909058, -165.876282, 1, 0, 0, 0, 4.00
M, 106439583, 2, -316.195435, 816.986206, -223.963455, 1, 0, 0, 0, 3.55
M, 106439583, 3, -211.819733, 810.035339, -161.415329, 1, 0, 0, 0, 4.00
M, 106439583, 4, -268.280090, 816.383728, -174.971451, 1, 0, 0, 0, 4.00
M, 106439583, 5, -176.450363, 810.650818, -162.372437, 1, 0, 0, 0, 4.00
M, 106439583, 6, -152.788483, 811.597046, -163.467957, 1, 0, 0, 0, 3.52
M, 106439583, 7, -130.001205, 811.063660, -167.770279, 1, 0, 0, 0, 4.00
M, 106440625, 0, -313.135223, 818.582153, -181.391998, 1, 0, 0, 0, 4.00
M, 106440625, 1, -240.804337, 809.906494, -165.875580, 1, 0, 0, 0, 4.00
M, 106440625, 2, -316.193176, 816.985046, -223.964462, 1, 0, 0, 0, 4.00
M, 106440625, 3, -211.823090, 810.038757, -161.418839, 1, 0, 0, 0, 3.79
M, 106440625, 4, -268.279968, 816.383728, -174.970673, 1, 0, 0, 0, 4.00
M, 106440625, 5, -176.450180, 810.651123, -162.370468, 1, 0, 0, 0, 4.00
M, 106440625, 6, -152.793900, 811.593384, -163.471481, 1, 0, 0, 0, 4.00
M, 106440625, 7, -130.006393, 811.065491, -167.777679, 1, 0, 0, 0, 3.07
M, 106441667, 0, -313.128906, 818.573608, -181.397690, 1, 0, 0, 0, 3.68
M, 106441667, 1, -240.804932, 809.903809, -165.874924, 1, 0, 0, 0, 4.00
M, 106441667, 2, -316.192566, 816.985657, -223.963806, 1, 0, 0, 0, 4.00
M, 106441667, 3, -211.820206, 810.037354, -161.416016, 1, 0, 0, 0, 4.00
M, 106441667, 4, -268.278198, 816.384644, -174.973862, 1, 0, 0, 0, 3.37
M, 106441667, 5, -176.449951, 810.651428, -162.368439, 1, 0, 0, 0, 4.00
M, 106441667, 6, -152.792175, 811.594360, -163.469818, 1, 0, 0, 0, 4.00
M, 106441667, 7, -130.003387, 811.065186, -167.774460, 1, 0, 0, 0, 4.00
M, 106442708, 0, -313.129730, 818.575500, -181.396088, 1, 0, 0, 0, 4.00
M, 106442708, 1, -240.794647, 809.922180, -165.875580, 1, 0, 0, 0, 3.72
M, 106442708, 2, -316.191986, 816.986450, -223.963150, 1, 0, 0, 0, 4.00
M, 106442708, 3, -211.818741, 810.037109, -161.414703, 1, 0, 0, 0, 4.00
M, 106442708, 4, -268.278381, 816.384460, -174.972488, 1, 0, 0, 0, 4.00
M, 106442708, 5, -176.451645, 810.655212, -162.376694, 1, 0, 0, 0, 3.34
M, 106442708, 6, -152.790390, 811.595459, -163.468109, 1, 0, 0, 0, 4.00
M, 106442708, 7, -130.002289, 811.065369, -167.773743, 1, 0, 0, 0, 4.00
M, 106443750, 0, -313.128906, 818.574951, -181.396118, 1, 0, 0, 0, 4.00
M, 106443750, 1, -240.796997, 809.916199, -165.874680, 1, 0, 0, 0, 4.00
M, 106443750, 2, -316.175659, 816.984253, -223.955978, 1, 0, 0, 0, 3.55
M, 106443750, 3, -211.817276, 810.036743, -161.413330, 1, 0, 0, 0, 4.00
M, 106443750, 4, -268.278076, 816.384583, -174.972168, 1, 0, 0, 0, 4.00
M, 106443750, 5, -176.451111, 810.654785, -162.373001, 1, 0, 0, 0, 4.00
M, 106443750, 6, -152.792389, 811.602722, -163.468353, 1, 0, 0, 0, 3.52
M, 106443750, 7, -130.001205, 811.065613, -167.773026, 1, 0, 0, 0, 4.00
M, 106444792, 0, -313.128052, 818.574524, -181.396210, 1, 0, 0, 0, 4.00
M, 106444792, 1, -240.796402, 809.915955, -165.874146, 1, 0, 0, 0, 4.00
M, 106444792, 2, -316.177795, 816.985229, -223.956421, 1, 0, 0, 0, 4.00
M, 106444792, 3, -211.813644, 810.045349, -161.409576, 1, 0, 0, 0, 3.79
M, 106444792, 4, -268.277832, 816.384705, -174.971893, 1, 0, 0, 0, 4.00
M, 106444792, 5, -176.451111, 810.655396, -162.372070, 1, 0, 0, 0, 4.00
M, 106444792, 6, -152.790024, 811.602661, -163.466385, 1, 0, 0, 0, 4.00
M, 106444792, 7, -129.993042, 811.080566, -167.769806, 1, 0, 0, 0, 3.07
M, 106445833, 0, -313.128479, 818.582092, -181.398148, 1, 0, 0, 0, 3.68
M, 106445833, 1, -240.795776, 809.915649, -165.873611, 1, 0, 0, 0, 4.00
M, 106445833, 2, -316.175415, 816.985474, -223.955078, 1, 0, 0, 0, 4.00
M, 106445833, 3, -211.812576, 810.043701, -161.408630, 1, 0, 0, 0, 4.00
M, 106445833, 4, -268.286407, 816.384399, -174.984894, 1, 0, 0, 0, 3.37
M, 106445833, 5, -176.451111, 810.656067, -162.371185, 1, 0, 0, 0, 4.00
M, 106445833, 6, -152.788712, 811.604309, -163.464920, 1, 0, 0, 0, 4.00
M, 106445833, 7, -129.993164, 811.078308, -167.769516, 1, 0, 0, 0, 4.00
M, 106446875, 0, -313.127472, 818.580200, -181.397903, 1, 0, 0, 0, 4.00
M, 106446875, 1, -240.812790, 809.902832, -165.875839, 1, 0, 0, 0, 3.72
M, 106446875, 2, -316.173218, 816.985779, -223.953766, 1, 0, 0, 0, 4.00
M, 106446875, 3, -211.810867, 810.044312, -161.406952, 1, 0, 0, 0, 4.00
M, 106446875, 4, -268.284637, 816.384521, -174.982391, 1, 0, 0, 0, 4.00
M, 106446875, 5, -176.444702, 810.658203, -162.378922, 1, 0, 0, 0, 3.34
M, 106446875, 6, -152.787354, 811.606079, -163.463470, 1, 0, 0, 0, 4.00
M, 106446875, 7, -129.991287, 811.080261, -167.768494, 1, 0, 0, 0, 4.00
M, 106447917, 0, -313.126740, 818.580444, -181.398178, 1, 0, 0, 0, 4.00
M, 106447917, 1, -240.809341, 809.904602, -165.874863, 1, 0, 0, 0, 4.00
M, 106447917, 2, -316.197754, 816.965149, -223.966553, 1, 0, 0, 0, 3.55
M, 106447917, 3, -211.809174, 810.044861, -161.405350, 1, 0, 0, 0, 4.00
M, 106447917, 4, -268.285339, 816.384644, -174.983521, 1, 0, 0, 0, 4.00
M, 106447917, 5, -176.445740, 810.658569, -162.376602, 1, 0, 0, 0, 4.00
M, 106447917, 6, -152.798370, 811.592102, -163.477951, 1, 0, 0, 0, 3.52
M, 106447917, 7, -129.989410, 811.082092, -167.767517, 1, 0, 0, 0, 4.00
M, 106448958, 0, -313.126038, 818.580811, -181.398438, 1, 0, 0, 0, 4.00
M, 106448958, 1, -240.810654, 809.902893, -165.874619, 1, 0, 0, 0, 4.00
M, 106448958, 2, -316.191101, 816.968872, -223.962860, 1, 0, 0, 0, 4.00
M, 106448958, 3, -211.828964, 810.033325, -161.415024, 1, 0, 0, 0, 3.79
M, 106448958, 4, -268.286072, 816.384644, -174.984650, 1, 0, 0, 0, 4.00
M, 106448958, 5, -176.445023, 810.659424, -162.376663, 1, 0, 0, 0, 4.00
M, 106448958, 6, -152.794983, 811.596375, -163.473831, 1, 0, 0, 0, 4.00
M, 106448958, 7, -130.006454, 811.067383, -167.779221, 1, 0, 0, 0, 3.07
M, 106450000, 0, -313.131165, 818.598083, -181.371262, 1, 0, 0, 0, 3.68
M, 106450000, 1, -240.811966, 809.901184, -165.874374, 1, 0, 0, 0, 4.00
M, 106450000, 2, -316.191742, 816.966980, -223.963074, 1, 0, 0, 0, 4.00
M, 106450000, 3, -211.823715, 810.036133, -161.411514, 1, 0, 0, 0, 4.00
M, 106450000, 4, -268.285278, 816.393616, -174.982208, 1, 0, 0, 0, 3.37
M, 106450000, 5, -176.444305, 810.660339, -162.376724, 1, 0, 0, 0, 4.00
M, 106450000, 6, -152.794983, 811.596436, -163.474106, 1, 0, 0, 0, 4.00
M, 106450000, 7, -130.001450, 811.071960, -167.776123, 1, 0, 0, 0, 4.00
M, 106451042, 0, -313.129547, 818.595581, -181.376114, 1, 0, 0, 0, 4.00
M, 106451042, 1, -240.808746, 809.920410, -165.883438, 1, 0, 0, 0, 3.72
M, 106451042, 2, -316.192352, 816.965027, -223.963272, 1, 0, 0, 0, 4.00
M, 106451042, 3, -211.824310, 810.035583, -161.411133, 1, 0, 0, 0, 4.00
M, 106451042, 4, -268.286194, 816.392273, -174.983932, 1, 0, 0, 0, 4.00
M, 106451042, 5, -176.449020, 810.649902, -162.373199, 1, 0, 0, 0, 3.34
M, 106451042, 6, -152.794983, 811.596436, -163.474365, 1, 0, 0, 0, 4.00
M, 106451042, 7, -130.001678, 811.071960, -167.776520, 1, 0, 0, 0, 4.00
M, 106452083, 0, -313.129486, 818.597778, -181.373352, 1, 0, 0, 0, 4.00
M, 106452083, 1, -240.810791, 809.915344, -165.881714, 1, 0, 0, 0, 4.00
M, 106452083, 2, -316.205200, 816.961365, -223.971924, 1, 0, 0, 0, 3.98
M, 106452083, 3, -211.824966, 810.034912, -161.410706, 1, 0, 0, 0, 4.00
M, 106452083, 4, -268.286713, 816.393188, -174.984650, 1, 0, 0, 0, 4.00
M, 106452083, 5, -176.447403, 810.652588, -162.373856, 1, 0, 0, 0, 4.00
M, 106452083, 6, -152.795273, 811.599915, -163.479462, 1, 0, 0, 0, 3.52
M, 106452083, 7, -130.001892, 811.071960, -167.776901, 1, 0, 0, 0, 4.00
M, 106453125, 0, -313.129425, 818.599915, -181.370636, 1, 0, 0, 0, 4.00
M, 106453125, 1, -240.811661, 809.916016, -165.882492, 1, 0, 0, 0, 4.00
M, 106453125, 2, -316.203796, 816.959717, -223.970734, 1, 0, 0, 0, 4.00
M, 106453125, 3, -211.821121, 810.056213, -161.410538, 1, 0, 0, 0, 3.79
M, 106453125, 4, -268.287262, 816.394287, -174.985428, 1, 0, 0, 0, 4.00
M, 106453125, 5, -176.447296, 810.652100, -162.373505, 1, 0, 0, 0, 4.00
M, 106453125, 6, -152.795181, 811.599487, -163.478867, 1, 0, 0, 0, 4.00
M, 106453125, 7, -130.008209, 811.079834, -167.774643, 1, 0, 0, 0, 3.07
M, 106454167, 0, -313.129303, 818.598755, -181.396057, 1, 0, 0, 0, 3.57
M, 106454167, 1, -240.812439, 809.916626, -165.883270, 1, 0, 0, 0, 4.00
M, 106454167, 2, -316.205811, 816.957397, -223.971863, 1, 0, 0, 0, 4.00
M, 106454167, 3, -211.822586, 810.051819, -161.410141, 1, 0, 0, 0, 4.00
M, 106454167, 4, -268.270081, 816.391418, -174.970169, 1, 0, 0, 0, 3.37
M, 106454167, 5, -176.447235, 810.651489, -162.373199, 1, 0, 0, 0, 4.00
M, 106454167, 6, -152.795212, 811.599792, -163.479706, 1, 0, 0, 0, 4.00
M, 106454167, 7, -130.007401, 811.078552, -167.775436, 1, 0, 0, 0, 4.00
M, 106455208, 0, -313.129242, 818.601501, -181.388672, 1, 0, 0, 0, 4.00
M, 106455208, 1, -240.821609, 809.912231, -165.884659, 1, 0, 0, 0, 3.72
M, 106455208, 2, -316.207825, 816.955261, -223.972992, 1, 0, 0, 0, 4.00
M, 106455208, 3, -211.822769, 810.053528, -161.409821, 1, 0, 0, 0, 4.00
M, 106455208, 4, -268.273560, 816.393066, -174.973541, 1, 0, 0, 0, 4.00
M, 106455208, 5, -176.442642, 810.675964, -162.376511, 1, 0, 0, 0, 3.34
M, 106455208, 6, -152.795273, 811.600220, -163.480515, 1, 0, 0, 0, 4.00
M, 106455208, 7, -130.008240, 811.079468, -167.775528, 1, 0, 0, 0, 4.00
M, 106456250, 0, -313.129211, 818.603394, -181.388992, 1, 0, 0, 0, 4.00
M, 106456250, 1, -240.821106, 809.913452, -165.885406, 1, 0, 0, 0, 4.00
M, 106456250, 2, -316.204376, 816.970764, -223.975281, 1, 0, 0, 0, 3.55
M, 106456250, 3, -211.822968, 810.055176, -161.409454, 1, 0, 0, 0, 4.00
M, 106456250, 4, -268.272125, 816.393555, -174.972549, 1, 0, 0, 0, 4.00
M, 106456250, 5, -176.443329, 810.671387, -162.375626, 1, 0, 0, 0, 4.00
M, 106456250, 6, -152.791702, 811.611023, -163.478989, 1, 0, 0, 0, 3.52
M, 106456250, 7, -130.009109, 811.080383, -167.775620, 1, 0, 0, 0, 4.00
M, 106457292, 0, -313.129150, 818.605286, -181.389343, 1, 0, 0, 0, 4.00
M, 106457292, 1, -240.822861, 809.913574, -165.886246, 1, 0, 0, 0, 4.00
M, 106457292, 2, -316.207184, 816.965637, -223.976151, 1, 0, 0, 0, 4.00
M, 106457292, 3, -211.845825, 810.041260, -161.425491, 1, 0, 0, 0, 3.79
M, 106457292, 4, -268.270691, 816.394348, -174.971542, 1, 0, 0, 0, 4.00
M, 106457292, 5, -176.442734, 810.673706, -162.375671, 1, 0, 0, 0, 4.00
M, 106457292, 6, -152.792297, 811.609680, -163.480118, 1, 0, 0, 0, 4.00
M, 106457292, 7, -130.006989, 811.076965, -167.783875, 1, 0, 0, 0, 3.07
M, 106458333, 0, -313.135681, 818.590332, -181.392715, 1, 0, 0, 0, 3.57
M, 106458333, 1, -240.824600, 809.913574, -165.887085, 1, 0, 0, 0, 4.00
M, 106458333, 2, -316.208557, 816.965454, -223.977432, 1, 0, 0, 0, 4.00
M, 106458333, 3, -211.842255, 810.045410, -161.422394, 1, 0, 0, 0, 4.00
M, 106458333, 4, -268.287140, 816.388428, -174.980606, 1, 0, 0, 0, 3.37
M, 106458333, 5, -176.442169, 810.675964, -162.375763, 1, 0, 0, 0, 4.00
M, 106458333, 6, -152.791931, 811.611206, -163.480682, 1, 0, 0, 0, 4.00
M, 106458333, 7, -130.008331, 811.078552, -167.782593, 1, 0, 0, 0, 4.00
M, 106459375, 0, -313.134491, 818.595032, -181.392563, 1, 0, 0, 0, 4.00
M, 106459375, 1, -240.816666, 809.922058, -165.885773, 1, 0, 0, 0, 3.72
M, 106459375, 2, -316.209869, 816.965271, -223.978653, 1, 0, 0, 0, 4.00
M, 106459375, 3, -211.844879, 810.045471, -161.423828, 1, 0, 0, 0, 4.00
M, 106459375, 4, -268.282776, 816.390137, -174.977921, 1, 0, 0, 0, 4.00
M, 106459375, 5, -176.454559, 810.661621, -162.377197, 1, 0, 0, 0, 3.34
M, 106459375, 6, -152.791611, 811.612671, -163.481232, 1, 0, 0, 0, 4.00
M, 106459375, 7, -130.008865, 811.078979, -167.783585, 1, 0, 0, 0, 4.00
M, 106460417, 0, -313.135162, 818.595032, -181.393219, 1, 0, 0, 0, 4.00
M, 106460417, 1, -240.820007, 809.920593, -165.887024, 1, 0, 0, 0, 4.00
M, 106460417, 2, -316.207367, 816.977112, -223.967743, 1, 0, 0, 0, 3.55
M, 106460417, 3, -211.847565, 810.045471, -161.425217, 1, 0, 0, 0, 4.00
M, 106460417, 4, -268.283325, 816.390137, -174.978012, 1, 0, 0, 0, 4.00
M, 106460417, 5, -176.451859, 810.666626, -162.377014, 1, 0, 0, 0, 4.00
M, 106460417, 6, -152.806305, 811.604004, -163.481705, 1, 0, 0, 0, 3.52
M, 106460417, 7, -130.009399, 811.079468, -167.784561, 1, 0, 0, 0, 4.00
M, 106461458, 0, -313.135803, 818.595032, -181.393875, 1, 0, 0, 0, 4.00
M, 106461458, 1, -240.820694, 809.921570, -165.887619, 1, 0, 0, 0, 4.00
M, 106461458, 2, -316.209381, 816.974731, -223.970963, 1, 0, 0, 0, 4.00
M, 106461458, 3, -211.841248, 810.049011, -161.425079, 1, 0, 0, 0, 3.79
M, 106461458, 4, -268.283783, 816.390015, -174.978119, 1, 0, 0, 0, 4.00
M, 106461458, 5, -176.452682, 810.667053, -162.377258, 1, 0, 0, 0, 4.00
M, 106461458, 6, -152.803406, 811.607361, -163.482239, 1, 0, 0, 0, 4.00
M, 106461458, 7, -130.015366, 811.078003, -167.781494, 1, 0, 0, 0, 3.07
M, 106462500, 0, -313.148560, 818.583130, -181.395370, 1, 0, 0, 0, 3.57
M, 106462500, 1, -240.821381, 809.922546, -165.888275, 1, 0, 0, 0, 4.00
M, 106462500, 2, -316.210327, 816.975769, -223.970901, 1, 0, 0, 0, 4.00
M, 106462500, 3, -211.845383, 810.048340, -161.426804, 1, 0, 0, 0, 4.00
M, 106462500, 4, -268.294952, 816.380676, -174.979431, 1, 0, 0, 0, 3.37
M, 106462500, 5, -176.453552, 810.667480, -162.377472, 1, 0, 0, 0, 4.00
M, 106462500, 6, -152.804688, 811.607849, -163.482773, 1, 0, 0, 0, 4.00
M, 106462500, 7, -130.015015, 811.078735, -167.783157, 1, 0, 0, 0, 4.00
M, 106463542, 0, -313.147186, 818.585144, -181.395905, 1, 0, 0, 0, 4.00
M, 106463542, 1, -240.824203, 809.918579, -165.880096, 1, 0, 0, 0, 3.72
M, 106463542, 2, -316.211304, 816.976990, -223.970779, 1, 0, 0, 0, 4.00
M, 106463542, 3, -211.847031, 810.048767, -161.428055, 1, 0, 0, 0, 4.00
M, 106463542, 4, -268.293701, 816.382202, -174.979324, 1, 0, 0, 0, 4.00
M, 106463542, 5, -176.462250, 810.663147, -162.382263, 1, 0, 0, 0, 3.34
M, 106463542, 6, -152.805939, 811.608276, -163.483276, 1, 0, 0, 0, 4.00
M, 106463542, 7, -130.016174, 811.078979, -167.783691, 1, 0, 0, 0, 4.00
M, 106464583, 0, -313.149170, 818.584045, -181.396622, 1, 0, 0, 0, 4.00
M, 106464583, 1, -240.824539, 809.920410, -165.882187, 1, 0, 0, 0, 4.00
M, 106464583, 2, -316.204803, 816.974487, -223.965363, 1, 0, 0, 0, 3.55
M, 106464583, 3, -211.848694, 810.049255, -161.429306, 1, 0, 0, 0, 4.00
M, 106464583, 4, -268.295410, 816.380981, -174.979523, 1, 0, 0, 0, 4.00
M, 106464583, 5, -176.461807, 810.664368, -162.381729, 1, 0, 0, 0, 4.00
M, 106464583, 6, -152.815002, 811.597900, -163.484421, 1, 0, 0, 0, 3.52
M, 106464583, 7, -130.017334, 811.079041, -167.784286, 1, 0, 0, 0, 4.00
M, 106465625, 0, -313.151123, 818.582703, -181.397400, 1, 0, 0, 0, 4.00
M, 106465625, 1, -240.825424, 809.920898, -165.881836, 1, 0, 0, 0, 4.00
M, 106465625, 2, -316.207001, 816.976196, -223.966202, 1, 0, 0, 0, 4.00
M, 106465625, 3, -211.835220, 810.047729, -161.418518, 1, 0, 0, 0, 3.79
M, 106465625, 4, -268.297089, 816.379944, -174.979767, 1, 0, 0, 0, 4.00
M, 106465625, 5, -176.463470, 810.664490, -162.382446, 1, 0, 0, 0, 4.00
M, 106465625, 6, -152.815002, 811.600098, -163.484863, 1, 0, 0, 0, 4.00
M, 106465625, 7, -130.015060, 811.075806, -167.782623, 1, 0, 0, 0, 3.07
M, 106466667, 0, -313.138184, 818.590759, -181.381363, 1, 0, 0, 0, 3.57
M, 106466667, 1, -240.826294, 809.921387, -165.881470, 1, 0, 0, 0, 4.00
M, 106466667, 2, -316.207123, 816.976929, -223.965546, 1, 0, 0, 0, 4.00
M, 106466667, 3, -211.839401, 810.048584, -161.421768, 1, 0, 0, 0, 4.00
M, 106466667, 4, -268.274323, 816.392639, -174.961639, 1, 0, 0, 0, 3.37
M, 106466667, 5, -176.465179, 810.664429, -162.383163, 1, 0, 0, 0, 4.00
M, 106466667, 6, -152.817184, 811.599182, -163.485489, 1, 0, 0, 0, 4.00
M, 106466667, 7, -130.016769, 811.076599, -167.783524, 1, 0, 0, 0, 4.00
M, 106467708, 0, -313.142670, 818.587830, -181.384903, 1, 0, 0, 0, 4.00
M, 106467708, 1, -240.819534, 809.910461, -165.866867, 1, 0, 0, 0, 3.72
M, 106467708, 2, -316.207245, 816.977600, -223.964890, 1, 0, 0, 0, 4.00
M, 106467708, 3, -211.839401, 810.048828, -161.421677, 1, 0, 0, 0, 4.00
M, 106467708, 4, -268.280029, 816.389404, -174.964920, 1, 0, 0, 0, 4.00
M, 106467708, 5, -176.443649, 810.670898, -162.370010, 1, 0, 0, 0, 3.34
M, 106467708, 6, -152.819321, 811.598511, -163.486084, 1, 0, 0, 0, 4.00
M, 106467708, 7, -130.017487, 811.076477, -167.783813, 1, 0, 0, 0, 4.00
M, 106468750, 0, -313.143036, 818.587524, -181.383865, 1, 0, 0, 0, 4.00
M, 106468750, 1, -240.821671, 809.912903, -165.868896, 1, 0, 0, 0, 4.00
M, 106468750, 2, -316.182434, 816.978210, -223.958710, 1, 0, 0, 0, 3.55
M, 106468750, 3, -211.839401, 810.049072, -161.421585, 1, 0, 0, 0, 4.00
M, 106468750, 4, -268.279022, 816.389893, -174.963104, 1, 0, 0, 0, 4.00
M, 106468750, 5, -176.449173, 810.669861, -162.373032, 1, 0, 0, 0, 4.00
M, 106468750, 6, -152.800613, 811.605286, -163.475418, 1, 0, 0, 0, 3.52
M, 106468750, 7, -130.018250, 811.076355, -167.784088, 1, 0, 0, 0, 4.00
M, 106469792, 0, -313.143433, 818.587280, -181.382828, 1, 0, 0, 0, 4.00
M, 106469792, 1, -240.821701, 809.912109, -165.866989, 1, 0, 0, 0, 4.00
M, 106469792, 2, -316.186737, 816.979004, -223.958984, 1, 0, 0, 0, 4.00
M, 106469792, 3, -211.841415, 810.036316, -161.417389, 1, 0, 0, 0, 3.96
M, 106469792, 4, -268.278076, 816.390381, -174.961349, 1, 0, 0, 0, 4.00
M, 106469792, 5, -176.448364, 810.670471, -162.372253, 1, 0, 0, 0, 4.00
M, 106469792, 6, -152.806183, 811.603333, -163.477921, 1, 0, 0, 0, 4.00
M, 106469792, 7, -130.004547, 811.068604, -167.774460, 1, 0, 0, 0, 3.07
M, 106470833, 0, -313.139801, 818.587708, -181.386307, 1, 0, 0, 0, 3.57
M, 106470833, 1, -240.821793, 809.911316, -165.865082, 1, 0, 0, 0, 4.00
M, 106470833, 2, -316.184113, 816.979675, -223.957672, 1, 0, 0, 0, 4.00
M, 106470833, 3, -211.841064, 810.038696, -161.417984, 1, 0, 0, 0, 4.00
M, 106470833, 4, -268.283966, 816.394409, -174.976044, 1, 0, 0, 0, 3.37
M, 106470833, 5, -176.447525, 810.671143, -162.371445, 1, 0, 0, 0, 4.00
M, 106470833, 6, -152.806030, 811.603455, -163.477264, 1, 0, 0, 0, 4.00
M, 106470833, 7, -130.007706, 811.069702, -167.776428, 1, 0, 0, 0, 4.00
M, 106471875, 0, -313.140808, 818.587463, -181.384460, 1, 0, 0, 0, 4.00
M, 106471875, 1, -240.826172, 809.905273, -165.876236, 1, 0, 0, 0, 3.72
M, 106471875, 2, -316.181610, 816.980225, -223.956451, 1, 0, 0, 0, 4.00
M, 106471875, 3, -211.841278, 810.037415, -161.417450, 1, 0, 0, 0, 4.00
M, 106471875, 4, -268.281830, 816.394165, -174.971573, 1, 0, 0, 0, 4.00
M, 106471875, 5, -176.457123, 810.649109, -162.367310, 1, 0, 0, 0, 3.34
M, 106471875, 6, -152.805878, 811.603577, -163.476639, 1, 0, 0, 0, 4.00
M, 106471875, 7, -130.006927, 811.068604, -167.775589, 1, 0, 0, 0, 4.00
M, 106472917, 0, -313.140686, 818.587402, -181.383865, 1, 0, 0, 0, 4.00
M, 106472917, 1, -240.825546, 809.905396, -165.872177, 1, 0, 0, 0, 4.00
M, 106472917, 2, -316.200317, 816.973999, -223.968399, 1, 0, 0, 0, 3.55
M, 106472917, 3, -211.841415, 810.036377, -161.416901, 1, 0, 0, 0, 4.00
M, 106472917, 4, -268.281647, 816.395020, -174.971603, 1, 0, 0, 0, 4.00
M, 106472917, 5, -176.454559, 810.653564, -162.367065, 1, 0, 0, 0, 4.00
M, 106472917, 6, -152.789078, 811.609253, -163.470230, 1, 0, 0, 0, 3.52
M, 106472917, 7, -130.006073, 811.067566, -167.774811, 1, 0, 0, 0, 4.00
M, 106473958, 0, -313.140594, 818.587280, -181.383270, 1, 0, 0, 0, 4.00
M, 106473958, 1, -240.826050, 809.904053, -165.871643, 1, 0, 0, 0, 4.00
M, 106473958, 2, -316.194244, 816.975708, -223.964981, 1, 0, 0, 0, 4.00
M, 106473958, 3, -211.830215, 810.047913, -161.417389, 1, 0, 0, 0, 3.79
M, 106473958, 4, -268.281403, 816.395874, -174.971603, 1, 0, 0, 0, 4.00
M, 106473958, 5, -176.454895, 810.651794, -162.365875, 1, 0, 0, 0, 4.00
M, 106473958, 6, -152.791702, 811.608337, -163.470581, 1, 0, 0, 0, 4.00
M, 106473958, 7, -130.009552, 811.063110, -167.772369, 1, 0, 0, 0, 3.07
M, 106475000, 0, -313.133423, 818.582825, -181.388748, 1, 0, 0, 0, 3.57
M, 106475000, 1, -240.826569, 809.902771, -165.871170, 1, 0, 0, 0, 4.00
M, 106475000, 2, -316.194000, 816.975647, -223.965149, 1, 0, 0, 0, 4.00
M, 106475000, 3, -211.832306, 810.044617, -161.416672, 1, 0, 0, 0, 4.00
M, 106475000, 4, -268.261505, 816.405212, -174.967957, 1, 0, 0, 0, 3.37
M, 106475000, 5, -176.455154, 810.650085, -162.364746, 1, 0, 0, 0, 4.00
M, 106475000, 6, -152.789734, 811.609009, -163.469299, 1, 0, 0, 0, 4.00
M, 106475000, 7, -130.008041, 811.062744, -167.771866, 1, 0, 0, 0, 4.00
M, 106476042, 0, -313.134491, 818.583435, -181.387146, 1, 0, 0, 0, 4.00
M, 106476042, 1, -240.806290, 809.916199, -165.864365, 1, 0, 0, 0, 3.72
M, 106476042, 2, -316.193726, 816.975586, -223.965363, 1, 0, 0, 0, 4.00
M, 106476042, 3, -211.831284, 810.044800, -161.416260, 1, 0, 0, 0, 4.00
M, 106476042, 4, -268.264496, 816.404602, -174.968613, 1, 0, 0, 0, 4.00
M, 106476042, 5, -176.444275, 810.652954, -162.356583, 1, 0, 0, 0, 3.34
M, 106476042, 6, -152.787827, 811.609558, -163.468079, 1, 0, 0, 0, 4.00
M, 106476042, 7, -130.007675, 811.061340, -167.770905, 1, 0, 0, 0, 4.00
M, 106477083, 0, -313.133667, 818.582642, -181.387207, 1, 0, 0, 0, 4.00
M, 106477083, 1, -240.810257, 809.912292, -165.864960, 1, 0, 0, 0, 4.00
M, 106477083, 2, -316.177917, 816.985596, -223.949921, 1, 0, 0, 0, 3.55
M, 106477083, 3, -211.830276, 810.044922, -161.415863, 1, 0, 0, 0, 4.00
M, 106477083, 4, -268.262115, 816.406372, -174.968201, 1, 0, 0, 0, 4.00
M, 106477083, 5, -176.446396, 810.650513, -162.356522, 1, 0, 0, 0, 4.00
M, 106477083, 6, -152.790512, 811.612610, -163.459381, 1, 0, 0, 0, 3.52
M, 106477083, 7, -130.007324, 811.059937, -167.769928, 1, 0, 0, 0, 4.00
M, 106478125, 0, -313.132843, 818.582031, -181.387329, 1, 0, 0, 0, 4.00
M, 106478125, 1, -240.808563, 809.912537, -165.863831, 1, 0, 0, 0, 4.00
M, 106478125, 2, -316.180298, 816.983826, -223.952667, 1, 0, 0, 0, 4.00
M, 106478125, 3, -211.830124, 810.042358, -161.407944, 1, 0, 0, 0, 3.79
M, 106478125, 4, -268.259644, 816.408203, -174.967819, 1, 0, 0, 0, 4.00
M, 106478125, 5, -176.445480, 810.649353, -162.354614, 1, 0, 0, 0, 4.00
M, 106478125, 6, -152.787796, 811.612915, -163.459351, 1, 0, 0, 0, 4.00
M, 106478125, 7, -129.998886, 811.077148, -167.766586, 1, 0, 0, 0, 3.07
M, 106479167, 0, -313.133240, 818.587524, -181.382324, 1, 0, 0, 0, 3.57
M, 106479167, 1, -240.806839, 809.912659, -165.862640, 1, 0, 0, 0, 4.00
M, 106479167, 2, -316.178284, 816.984863, -223.951172, 1, 0, 0, 0, 4.00
M, 106479167, 3, -211.828995, 810.043030, -161.408798, 1, 0, 0, 0, 4.00
M, 106479167, 4, -268.263367, 816.398499, -174.960449, 1, 0, 0, 0, 3.37
M, 106479167, 5, -176.444550, 810.648071, -162.352646, 1, 0, 0, 0, 4.00
M, 106479167, 6, -152.786301, 811.613892, -163.457230, 1, 0, 0, 0, 4.00
M, 106479167, 7, -129.999893, 811.072571, -167.766022, 1, 0, 0, 0, 4.00
M, 106480208, 0, -313.132233, 818.585754, -181.383270, 1, 0, 0, 0, 4.00
M, 106480208, 1, -240.812042, 809.906555, -165.872467, 1, 0, 0, 0, 3.72
M, 106480208, 2, -316.176361, 816.985901, -223.949661, 1, 0, 0, 0, 4.00
M, 106480208, 3, -211.828003, 810.042969, -161.407547, 1, 0, 0, 0, 4.00
M, 106480208, 4, -268.259949, 816.402161, -174.961227, 1, 0, 0, 0, 4.00
M, 106480208, 5, -176.442703, 810.657227, -162.365540, 1, 0, 0, 0, 3.34
M, 106480208, 6, -152.784897, 811.614746, -163.455215, 1, 0, 0, 0, 4.00
M, 106480208, 7, -129.998703, 811.073181, -167.764801, 1, 0, 0, 0, 4.00
M, 106481250, 0, -313.131592, 818.585754, -181.382797, 1, 0, 0, 0, 4.00
M, 106481250, 1, -240.809158, 809.907837, -165.869522, 1, 0, 0, 0, 4.00
M, 106481250, 2, -316.188538, 816.960571, -223.961899, 1, 0, 0, 0, 3.55
M, 106481250, 3, -211.827118, 810.042908, -161.406357, 1, 0, 0, 0, 4.00
M, 106481250, 4, -268.258240, 816.402649, -174.960098, 1, 0, 0, 0, 4.00
M, 106481250, 5, -176.441925, 810.654297, -162.361160, 1, 0, 0, 0, 4.00
M, 106481250, 6, -152.790390, 811.606323, -163.466354, 1, 0, 0, 0, 3.52
M, 106481250, 7, -129.997452, 811.073730, -167.763611, 1, 0, 0, 0, 4.00
M, 106482292, 0, -313.130920, 818.585754, -181.382370, 1, 0, 0, 0, 4.00
M, 106482292, 1, -240.808197, 809.907471, -165.869553, 1, 0, 0, 0, 4.00
M, 106482292, 2, -316.184296, 816.965881, -223.958145, 1, 0, 0, 0, 4.00
M, 106482292, 3, -211.832718, 810.030457, -161.423584, 1, 0, 0, 0, 3.79
M, 106482292, 4, -268.256561, 816.402954, -174.958969, 1, 0, 0, 0, 4.00
M, 106482292, 5, -176.440887, 810.654175, -162.360870, 1, 0, 0, 0, 4.00
M, 106482292, 6, -152.787766, 811.608826, -163.462128, 1, 0, 0, 0, 4.00
M, 106482292, 7, -130.016998, 811.064758, -167.777802, 1, 0, 0, 0, 3.07
M, 106483333, 0, -313.137848, 818.585205, -181.386139, 1, 0, 0, 0, 3.57
M, 106483333, 1, -240.807220, 809.907043, -165.869583, 1, 0, 0, 0, 4.00
M, 106483333, 2, -316.183807, 816.964172, -223.958084, 1, 0, 0, 0, 4.00
M, 106483333, 3, -211.830750, 810.032166, -161.419296, 1, 0, 0, 0, 4.00
M, 106483333, 4, -268.261871, 816.376160, -174.974045, 1, 0, 0, 0, 3.37
M, 106483333, 5, -176.439835, 810.654114, -162.360535, 1, 0, 0, 0, 4.00
M, 106483333, 6, -152.787048, 811.608704, -163.461472, 1, 0, 0, 0, 4.00
M, 106483333, 7, -130.012329, 811.067078, -167.774048, 1, 0, 0, 0, 4.00
M, 106484375, 0, -313.135864, 818.585388, -181.384995, 1, 0, 0, 0, 4.00
M, 106484375, 1, -240.799316, 809.918152, -165.864456, 1, 0, 0, 0, 3.72
M, 106484375, 2, -316.183411, 816.962341, -223.958069, 1, 0, 0, 0, 4.00
M, 106484375, 3, -211.830536, 810.030701, -161.420090, 1, 0, 0, 0, 4.00
M, 106484375, 4, -268.258942, 816.381042, -174.970230, 1, 0, 0, 0, 4.00
M, 106484375, 5, -176.445145, 810.646057, -162.372375, 1, 0, 0, 0, 3.34
M, 106484375, 6, -152.786362, 811.608643, -163.460846, 1, 0, 0, 0, 4.00
M, 106484375, 7, -130.013336, 811.066650, -167.774460, 1, 0, 0, 0, 4.00
M, 106485417, 0, -313.135986, 818.585388, -181.384964, 1, 0, 0, 0, 4.00
M, 106485417, 1, -240.799500, 809.915833, -165.865326, 1, 0, 0, 0, 4.00
M, 106485417, 2, -316.174988, 816.969055, -223.963272, 1, 0, 0, 0, 3.55
M, 106485417, 3, -211.830338, 810.029358, -161.420868, 1, 0, 0, 0, 4.00
M, 106485417, 4, -268.258057, 816.378479, -174.970886, 1, 0, 0, 0, 4.00
M, 106485417, 5, -176.443115, 810.647217, -162.370041, 1, 0, 0, 0, 4.00
M, 106485417, 6, -152.783478, 811.603455, -163.468079, 1, 0, 0, 0, 3.52
M, 106485417, 7, -130.014389, 811.066284, -167.774933, 1, 0, 0, 0, 4.00
M, 106486458, 0, -313.136108, 818.585449, -181.384933, 1, 0, 0, 0, 4.00
M, 106486458, 1, -240.797775, 809.916687, -165.864838, 1, 0, 0, 0, 4.00
M, 106486458, 2, -316.175903, 816.965698, -223.962418, 1, 0, 0, 0, 4.00
M, 106486458, 3, -211.830460, 810.016968, -161.413513, 1, 0, 0, 0, 3.79
M, 106486458, 4, -268.257050, 816.376038, -174.971481, 1, 0, 0, 0, 4.00
M, 106486458, 5, -176.442764, 810.646301, -162.371033, 1, 0, 0, 0, 4.00
M, 106486458, 6, -152.783081, 811.604309, -163.466110, 1, 0, 0, 0, 4.00
M, 106486458, 7, -130.008118, 811.055603, -167.769516, 1, 0, 0, 0, 3.07
M, 106487500, 0, -313.131531, 818.575378, -181.379486, 1, 0, 0, 0, 3.57
M, 106487500, 1, -240.796021, 809.917542, -165.864273, 1, 0, 0, 0, 4.00
M, 106487500, 2, -316.174591, 816.964783, -223.962952, 1, 0, 0, 0, 4.00
M, 106487500, 3, -211.830154, 810.017273, -161.415634, 1, 0, 0, 0, 4.00
M, 106487500, 4, -268.253387, 816.379395, -174.973038, 1, 0, 0, 0, 3.56
M, 106487500, 5, -176.442368, 810.645264, -162.372009, 1, 0, 0, 0, 4.00
M, 106487500, 6, -152.782135, 811.603699, -163.466354, 1, 0, 0, 0, 4.00
M, 106487500, 7, -130.010391, 811.056885, -167.770935, 1, 0, 0, 0, 4.00
M, 106488542, 0, -313.132416, 818.577148, -181.380356, 1, 0, 0, 0, 4.00
M, 106488542, 1, -240.803711, 809.925110, -165.867111, 1, 0, 0, 0, 3.72
M, 106488542, 2, -316.173370, 816.963806, -223.963516, 1, 0, 0, 0, 4.00
M, 106488542, 3, -211.830002, 810.014648, -161.415543, 1, 0, 0, 0, 4.00
M, 106488542, 4, -268.252869, 816.375854, -174.973511, 1, 0, 0, 0, 4.00
M, 106488542, 5, -176.433289, 810.654480, -162.365692, 1, 0, 0, 0, 3.34
M, 106488542, 6, -152.781204, 811.603027, -163.466629, 1, 0, 0, 0, 4.00
M, 106488542, 7, -130.010620, 811.055420, -167.770767, 1, 0, 0, 0, 4.00
M, 106489583, 0, -313.131989, 818.575989, -181.379761, 1, 0, 0, 0, 4.00
M, 106489583, 1, -240.800400, 809.925049, -165.866043, 1, 0, 0, 0, 4.00
M, 106489583, 2, -316.186737, 816.958557, -223.970490, 1, 0, 0, 0, 3.55
M, 106489583, 3, -211.829834, 810.012085, -161.415421, 1, 0, 0, 0, 4.00
M, 106489583, 4, -268.251617, 816.374146, -174.974228, 1, 0, 0, 0, 4.00
M, 106489583, 5, -176.434418, 810.651672, -162.367905, 1, 0, 0, 0, 4.00
M, 106489583, 6, -152.778290, 811.605835, -163.464355, 1, 0, 0, 0, 3.52
M, 106489583, 7, -130.010803, 811.053955, -167.770584, 1, 0, 0, 0, 4.00
M, 106490625, 0, -313.131653, 818.574707, -181.379166, 1, 0, 0, 0, 4.00
M, 106490625, 1, -240.799683, 809.926453, -165.865860, 1, 0, 0, 0, 4.00
M, 106490625, 2, -316.183044, 816.958374, -223.970016, 1, 0, 0, 0, 4.00
M, 106490625, 3, -211.824966, 810.032043, -161.420609, 1, 0, 0, 0, 3.79
M, 106490625, 4, -268.250366, 816.372314, -174.974960, 1, 0, 0, 0, 4.00
M, 106490625, 5, -176.433136, 810.651855, -162.368134, 1, 0, 0, 0, 4.00
M, 106490625, 6, -152.777695, 811.604614, -163.465042, 1, 0, 0, 0, 4.00
M, 106490625, 7, -129.996826, 811.074097, -167.772995, 1, 0, 0, 0, 3.07
M, 106491667, 0, -313.130035, 818.586121, -181.383804, 1, 0, 0, 0, 3.57
M, 106491667, 1, -240.799026, 809.928040, -165.865677, 1, 0, 0, 0, 4.00
M, 106491667, 2, -316.183350, 816.956848, -223.971207, 1, 0, 0, 0, 4.00
M, 106491667, 3, -211.825562, 810.025757, -161.419617, 1, 0, 0, 0, 4.00
M, 106491667, 4, -268.270081, 816.375549, -174.981705, 1, 0, 0, 0, 3.37
M, 106491667, 5, -176.431793, 810.652161, -162.368286, 1, 0, 0, 0, 4.00
M, 106491667, 6, -152.776535, 811.604370, -163.464981, 1, 0, 0, 0, 4.00
M, 106491667, 7, -129.999420, 811.068970, -167.772369, 1, 0, 0, 0, 4.00
M, 106492708, 0, -313.129852, 818.582886, -181.382339, 1, 0, 0, 0, 4.00
M, 106492708, 1, -240.820755, 809.903625, -165.877060, 1, 0, 0, 0, 3.72
M, 106492708, 2, -316.183624, 816.955505, -223.972458, 1, 0, 0, 0, 4.00
M, 106492708, 3, -211.824844, 810.025635, -161.420074, 1, 0, 0, 0, 4.00
M, 106492708, 4, -268.265320, 816.372986, -174.981400, 1, 0, 0, 0, 4.00
M, 106492708, 5, -176.438019, 810.660706, -162.376358, 1, 0, 0, 0, 3.34
M, 106492708, 6, -152.775360, 811.604126, -163.464951, 1, 0, 0, 0, 4.00
M, 106492708, 7, -129.998108, 811.069885, -167.772491, 1, 0, 0, 0, 4.00
M, 106493750, 0, -313.129303, 818.583130, -181.382324, 1, 0, 0, 0, 4.00
M, 106493750, 1, -240.816254, 809.909668, -165.874985, 1, 0, 0, 0, 4.00
M, 106493750, 2, -316.177612, 816.965332, -223.966202, 1, 0, 0, 0, 3.55
M, 106493750, 3, -211.824173, 810.025513, -161.420547, 1, 0, 0, 0, 4.00
M, 106493750, 4, -268.266388, 816.371704, -174.982803, 1, 0, 0, 0, 4.00
M, 106493750, 5, -176.435455, 810.659485, -162.375290, 1, 0, 0, 0, 4.00
M, 106493750, 6, -152.778351, 811.603760, -163.473770, 1, 0, 0, 0, 3.52
M, 106493750, 7, -129.996765, 811.070679, -167.772583, 1, 0, 0, 0, 4.00
M, 106494792, 0, -313.128784, 818.583374, -181.382263, 1, 0, 0, 0, 4.00
M, 106494792, 1, -240.818008, 809.908325, -165.876053, 1, 0, 0, 0, 4.00
M, 106494792, 2, -316.178925, 816.962158, -223.968643, 1, 0, 0, 0, 4.00
M, 106494792, 3, -211.829590, 810.042786, -161.424591, 1, 0, 0, 0, 3.79
M, 106494792, 4, -268.267395, 816.370300, -174.984177, 1, 0, 0, 0, 4.00
M, 106494792, 5, -176.434952, 810.660461, -162.376297, 1, 0, 0, 0, 4.00
M, 106494792, 6, -152.776566, 811.603516, -163.472290, 1, 0, 0, 0, 4.00
M, 106494792, 7, -130.008331, 811.060913, -167.778687, 1, 0, 0, 0, 3.07
M, 106495833, 0, -313.130798, 818.579285, -181.386520, 1, 0, 0, 0, 3.57
M, 106495833, 1, -240.819763, 809.907043, -165.877121, 1, 0, 0, 0, 4.00
M, 106495833, 2, -316.178497, 816.962097, -223.969086, 1, 0, 0, 0, 4.00
M, 106495833, 3, -211.827896, 810.039795, -161.424484, 1, 0, 0, 0, 4.00
M, 106495833, 4, -268.282013, 816.380493, -174.979767, 1, 0, 0, 0, 3.37
M, 106495833, 5, -176.434509, 810.661499, -162.377380, 1, 0, 0, 0, 4.00
M, 106495833, 6, -152.775879, 811.603210, -163.473267, 1, 0, 0, 0, 4.00
M, 106495833, 7, -130.004898, 811.063538, -167.777802, 1, 0, 0, 0, 4.00
M, 106496875, 0, -313.129913, 818.580078, -181.385773, 1, 0, 0, 0, 4.00
M, 106496875, 1, -240.813873, 809.915527, -165.875809, 1, 0, 0, 0, 3.72
M, 106496875, 2, -316.178162, 816.961914, -223.969528, 1, 0, 0, 0, 4.00
M, 106496875, 3, -211.827866, 810.041504, -161.425339, 1, 0, 0, 0, 4.00
M, 106496875, 4, -268.280823, 816.377441, -174.982086, 1, 0, 0, 0, 4.00
M, 106496875, 5, -176.446609, 810.650452, -162.384583, 1, 0, 0, 0, 3.34
M, 106496875, 6, -152.775192, 811.602844, -163.474167, 1, 0, 0, 0, 4.00
M, 106496875, 7, -130.004959, 811.063293, -167.778534, 1, 0, 0, 0, 4.00
M, 106497917, 0, -313.129669, 818.579834, -181.386215, 1, 0, 0, 0, 4.00
M, 106497917, 1, -240.816849, 809.912720, -165.877304, 1, 0, 0, 0, 4.00
M, 106497917, 2, -316.179474, 816.979492, -223.972458, 1, 0, 0, 0, 3.55
M, 106497917, 3, -211.827896, 810.043030, -161.426208, 1, 0, 0, 0, 4.00
M, 106497917, 4, -268.283325, 816.377258, -174.982864, 1, 0, 0, 0, 4.00
M, 106497917, 5, -176.444016, 810.653503, -162.384613, 1, 0, 0, 0, 4.00
M, 106497917, 6, -152.787140, 811.600891, -163.462814, 1, 0, 0, 0, 3.52
M, 106497917, 7, -130.005020, 811.063049, -167.779282, 1, 0, 0, 0, 4.00
M, 106498958, 0, -313.129486, 818.579590, -181.386673, 1, 0, 0, 0, 4.00
M, 106498958, 1, -240.817764, 809.912476, -165.878143, 1, 0, 0, 0, 4.00
M, 106498958, 2, -316.178802, 816.976379, -223.972458, 1, 0, 0, 0, 4.00
M, 106498958, 3, -211.825928, 810.039001, -161.424210, 1, 0, 0, 0, 3.79
M, 106498958, 4, -268.285828, 816.377380, -174.983582, 1, 0, 0, 0, 4.00
M, 106498958, 5, -176.444901, 810.653259, -162.386322, 1, 0, 0, 0, 4.00
M, 106498958, 6, -152.784363, 811.600891, -163.465790, 1, 0, 0, 0, 4.00
M, 106498958, 7, -130.002319, 811.074219, -167.771362, 1, 0, 0, 0, 3.07
M, 106500000, 0, -313.126740, 818.583679, -181.378677, 1, 0, 0, 0, 3.57
M, 106500000, 1, -240.818634, 809.912170, -165.878906, 1, 0, 0, 0, 4.00
M, 106500000, 2, -316.178619, 816.978149, -223.973114, 1, 0, 0, 0, 4.00
M, 106500000, 3, -211.826279, 810.041565, -161.425552, 1, 0, 0, 0, 4.00
M, 106500000, 4, -268.274506, 816.382263, -174.971985, 1, 0, 0, 0, 3.37
M, 106500000, 5, -176.445801, 810.652954, -162.388046, 1, 0, 0, 0, 4.00
M, 106500000, 6, -152.785080, 811.600342, -163.465393, 1, 0, 0, 0, 4.00
M, 106500000, 7, -130.002884, 811.072021, -167.773529, 1, 0, 0, 0, 4.00
M, 106501042, 0, -313.126862, 818.582764, -181.380493, 1, 0, 0, 0, 4.00
M, 106501042, 1, -240.818817, 809.905762, -165.877777, 1, 0, 0, 0, 3.72
M, 106501042, 2, -316.178406, 816.979797, -223.973831, 1, 0, 0, 0, 4.00
M, 106501042, 3, -211.826050, 810.042725, -161.426117, 1, 0, 0, 0, 4.00
M, 106501042, 4, -268.279327, 816.381470, -174.974762, 1, 0, 0, 0, 4.00
M, 106501042, 5, -176.437103, 810.662964, -162.378815, 1, 0, 0, 0, 3.34
M, 106501042, 6, -152.785736, 811.599915, -163.464981, 1, 0, 0, 0, 4.00
M, 106501042, 7, -130.002640, 811.072876, -167.773361, 1, 0, 0, 0, 4.00
M, 106502083, 0, -313.126404, 818.583069, -181.380051, 1, 0, 0, 0, 4.00
M, 106502083, 1, -240.819885, 809.906555, -165.878906, 1, 0, 0, 0, 4.00
M, 106502083, 2, -316.158661, 816.998840, -223.959457, 1, 0, 0, 0, 3.55
M, 106502083, 3, -211.825867, 810.043701, -161.426682, 1, 0, 0, 0, 4.00
M, 106502083, 4, -268.280334, 816.381958, -174.974167, 1, 0, 0, 0, 4.00
M, 106502083, 5, -176.439606, 810.660889, -162.382355, 1, 0, 0, 0, 4.00
M, 106502083, 6, -152.782394, 811.600891, -163.462128, 1, 0, 0, 0, 3.52
M, 106502083, 7, -130.002426, 811.073914, -167.773148, 1, 0, 0, 0, 4.00
M, 106503125, 0, -313.125916, 818.583374, -181.379578, 1, 0, 0, 0, 4.00
M, 106503125, 1, -240.820755, 809.905457, -165.879562, 1, 0, 0, 0, 4.00
M, 106503125, 2, -316.161713, 816.997803, -223.962677, 1, 0, 0, 0, 4.00
M, 106503125, 3, -211.815262, 810.052429, -161.413864, 1, 0, 0, 0, 3.79
M, 106503125, 4, -268.281281, 816.382324, -174.973572, 1, 0, 0, 0, 4.00
M, 106503125, 5, -176.439423, 810.661865, -162.382889, 1, 0, 0, 0, 4.00
M, 106503125, 6, -152.783768, 811.600098, -163.462097, 1, 0, 0, 0, 4.00
M, 106503125, 7, -130.007889, 811.080200, -167.780594, 1, 0, 0, 0, 3.07
M, 106504167, 0, -313.133545, 818.585938, -181.384277, 1, 0, 0, 0, 3.57
M, 106504167, 1, -240.821548, 809.904602, -165.880157, 1, 0, 0, 0, 4.00
M, 106504167, 2, -316.159332, 817.001404, -223.961731, 1, 0, 0, 0, 4.00
M, 106504167, 3, -211.816742, 810.052368, -161.416611, 1, 0, 0, 0, 4.00
M, 106504167, 4, -268.285339, 816.375244, -174.982330, 1, 0, 0, 0, 3.37
M, 106504167, 5, -176.439270, 810.662598, -162.383392, 1, 0, 0, 0, 4.00
M, 106504167, 6, -152.784012, 811.599792, -163.461411, 1, 0, 0, 0, 4.00
M, 106504167, 7, -130.006760, 811.080261, -167.779175, 1, 0, 0, 0, 4.00
M, 106505208, 0, -313.131775, 818.585815, -181.382980, 1, 0, 0, 0, 4.00
M, 106505208, 1, -240.825424, 809.897522, -165.875305, 1, 0, 0, 0, 3.72
M, 106505208, 2, -316.157043, 817.005127, -223.960831, 1, 0, 0, 0, 4.00
M, 106505208, 3, -211.815430, 810.054321, -161.415710, 1, 0, 0, 0, 4.00
M, 106505208, 4, -268.285889, 816.377014, -174.980148, 1, 0, 0, 0, 4.00
M, 106505208, 5, -176.448090, 810.662598, -162.377914, 1, 0, 0, 0, 3.34
M, 106505208, 6, -152.784195, 811.599487, -163.460693, 1, 0, 0, 0, 4.00
M, 106505208, 7, -130.007111, 811.081909, -167.779800, 1, 0, 0, 0, 4.00
M, 106506250, 0, -313.132111, 818.586365, -181.383087, 1, 0, 0, 0, 4.00
M, 106506250, 1, -240.825760, 809.897522, -165.876831, 1, 0, 0, 0, 4.00
M, 106506250, 2, -316.173035, 816.993713, -223.971146, 1, 0, 0, 0, 3.55
M, 106506250, 3, -211.814056, 810.056152, -161.414825, 1, 0, 0, 0, 4.00
M, 106506250, 4, -268.287262, 816.376648, -174.980606, 1, 0, 0, 0, 4.00
M, 106506250, 5, -176.446457, 810.663635, -162.379471, 1, 0, 0, 0, 4.00
M, 106506250, 6, -152.793182, 811.604065, -163.467300, 1, 0, 0, 0, 3.52
M, 106506250, 7, -130.007523, 811.083374, -167.780426, 1, 0, 0, 0, 4.00
M, 106507292, 0, -313.132477, 818.586914, -181.383148, 1, 0, 0, 0, 4.00
M, 106507292, 1, -240.826981, 809.895874, -165.876862, 1, 0, 0, 0, 4.00
M, 106507292, 2, -316.167725, 816.999817, -223.968369, 1, 0, 0, 0, 4.00
M, 106507292, 3, -211.825211, 810.049011, -161.420517, 1, 0, 0, 0, 3.79
M, 106507292, 4, -268.288574, 816.376343, -174.980957, 1, 0, 0, 0, 4.00
M, 106507292, 5, -176.447296, 810.664246, -162.379318, 1, 0, 0, 0, 4.00
M, 106507292, 6, -152.791992, 811.603027, -163.465393, 1, 0, 0, 0, 4.00
M, 106507292, 7, -130.007401, 811.077698, -167.777206, 1, 0, 0, 0, 3.07
M, 106508333, 0, -313.139618, 818.593201, -181.386795, 1, 0, 0, 0, 3.57
M, 106508333, 1, -240.828079, 809.894409, -165.876862, 1, 0, 0, 0, 4.00
M, 106508333, 2, -316.167358, 817.001831, -223.968643, 1, 0, 0, 0, 4.00
M, 106508333, 3, -211.821747, 810.052551, -161.418518, 1, 0, 0, 0, 4.00
M, 106508333, 4, -268.271759, 816.386719, -174.970016, 1, 0, 0, 0, 3.37
M, 106508333, 5, -176.448120, 810.665039, -162.379196, 1, 0, 0, 0, 4.00
M, 106508333, 6, -152.793182, 811.603271, -163.465515, 1, 0, 0, 0, 4.00
M, 106508333, 7, -130.007889, 811.080444, -167.778519, 1, 0, 0, 0, 4.00
M, 106509375, 0, -313.138916, 818.592773, -181.386307, 1, 0, 0, 0, 4.00
M, 106509375, 1, -240.812103, 809.932556, -165.874649, 1, 0, 0, 0, 3.72
M, 106509375, 2, -316.167053, 817.003784, -223.968903, 1, 0, 0, 0, 4.00
M, 106509375, 3, -211.821747, 810.053467, -161.418335, 1, 0, 0, 0, 4.00
M, 106509375, 4, -268.276123, 816.384644, -174.972321, 1, 0, 0, 0, 4.00
M, 106509375, 5, -176.441666, 810.665833, -162.365097, 1, 0, 0, 0, 3.34
M, 106509375, 6, -152.794388, 811.603516, -163.465637, 1, 0, 0, 0, 4.00
M, 106509375, 7, -130.008179, 811.081299, -167.778687, 1, 0, 0, 0, 4.00
M, 106510417, 0, -313.140045, 818.593994, -181.386795, 1, 0, 0, 0, 4.00
M, 106510417, 1, -240.816132, 809.924377, -165.875031, 1, 0, 0, 0, 4.00
M, 106510417, 2, -316.173218, 816.979980, -223.951767, 1, 0, 0, 0, 3.55
M, 106510417, 3, -211.821747, 810.054504, -161.418137, 1, 0, 0, 0, 4.00
M, 106510417, 4, -268.275452, 816.385498, -174.971481, 1, 0, 0, 0, 4.00
M, 106510417, 5, -176.443680, 810.666626, -162.367249, 1, 0, 0, 0, 4.00
M, 106510417, 6, -152.781738, 811.613037, -163.458221, 1, 0, 0, 0, 3.52
M, 106510417, 7, -130.008514, 811.082031, -167.778931, 1, 0, 0, 0, 4.00
M, 106511458, 0, -313.141174, 818.595032, -181.387268, 1, 0, 0, 0, 4.00
M, 106511458, 1, -240.815445, 809.927063, -165.874802, 1, 0, 0, 0, 4.00
M, 106511458, 2, -316.171844, 816.986206, -223.954926, 1, 0, 0, 0, 4.00
M, 106511458, 3, -211.818268, 810.051697, -161.404160, 1, 0, 0, 0, 3.79
M, 106511458, 4, -268.274872, 816.386414, -174.970642, 1, 0, 0, 0, 4.00
M, 106511458, 5, -176.443710, 810.667480, -162.365601, 1, 0, 0, 0, 4.00
M, 106511458, 6, -152.785263, 811.611633, -163.459625, 1, 0, 0, 0, 4.00
M, 106511458, 7, -129.998581, 811.077148, -167.767639, 1, 0, 0, 0, 3.07
M, 106512500, 0, -313.140808, 818.600281, -181.392746, 1, 0, 0, 0, 3.57
M, 106512500, 1, -240.814758, 809.929749, -165.874619, 1, 0, 0, 0, 4.00
M, 106512500, 2, -316.172180, 816.985535, -223.953323, 1, 0, 0, 0, 4.00
M, 106512500, 3, -211.818832, 810.053101, -161.406235, 1, 0, 0, 0, 4.00
M, 106512500, 4, -268.276062, 816.393494, -174.973892, 1, 0, 0, 0, 3.37
M, 106512500, 5, -176.443741, 810.668152, -162.363968, 1, 0, 0, 0, 4.00
M, 106512500, 6, -152.785019, 811.612854, -163.458939, 1, 0, 0, 0, 4.00
M, 106512500, 7, -130.000610, 811.078796, -167.769745, 1, 0, 0, 0, 4.00
M, 106513542, 0, -313.142120, 818.600769, -181.392395, 1, 0, 0, 0, 4.00
M, 106513542, 1, -240.820755, 809.920959, -165.863480, 1, 0, 0, 0, 3.72
M, 106513542, 2, -316.172546, 816.984802, -223.951691, 1, 0, 0, 0, 4.00
M, 106513542, 3, -211.818451, 810.053833, -161.404541, 1, 0, 0, 0, 4.00
M, 106513542, 4, -268.275085, 816.393250, -174.972397, 1, 0, 0, 0, 4.00
M, 106513542, 5, -176.449768, 810.672546, -162.367371, 1, 0, 0, 0, 3.34
M, 106513542, 6, -152.784668, 811.614136, -163.458191, 1, 0, 0, 0, 4.00
M, 106513542, 7, -129.999863, 811.078918, -167.768738, 1, 0, 0, 0, 4.00
M, 106514583, 0, -313.143097, 818.602356, -181.393402, 1, 0, 0, 0, 4.00
M, 106514583, 1, -240.818939, 809.925720, -165.865021, 1, 0, 0, 0, 4.00
M, 106514583, 2, -316.184479, 816.988098, -223.978119, 1, 0, 0, 0, 3.55
M, 106514583, 3, -211.818054, 810.054260, -161.402847, 1, 0, 0, 0, 4.00
M, 106514583, 4, -268.274750, 816.394714, -174.972076, 1, 0, 0, 0, 4.00
M, 106514583, 5, -176.448776, 810.672791, -162.364883, 1, 0, 0, 0, 4.00
M, 106514583, 6, -152.793549, 811.610291, -163.466324, 1, 0, 0, 0, 3.52
M, 106514583, 7, -129.999130, 811.079041, -167.767700, 1, 0, 0, 0, 4.00
M, 106515625, 0, -313.144043, 818.604065, -181.394394, 1, 0, 0, 0, 4.00
M, 106515625, 1, -240.818970, 809.927124, -165.863586, 1, 0, 0, 0, 4.00
M, 106515625, 2, -316.182922, 816.986755, -223.971863, 1, 0, 0, 0, 4.00
M, 106515625, 3, -211.833618, 810.053467, -161.404327, 1, 0, 0, 0, 3.79
M, 106515625, 4, -268.274323, 816.396240, -174.971664, 1, 0, 0, 0, 4.00
M, 106515625, 5, -176.449524, 810.673889, -162.363785, 1, 0, 0, 0, 4.00
M, 106515625, 6, -152.791763, 811.612305, -163.464203, 1, 0, 0, 0, 4.00
M, 106515625, 7, -130.014023, 811.072083, -167.777435, 1, 0, 0, 0, 3.07
M, 106516667, 0, -313.136047, 818.601196, -181.382431, 1, 0, 0, 0, 3.57
M, 106516667, 1, -240.818985, 809.928528, -165.862228, 1, 0, 0, 0, 4.00
M, 106516667, 2, -316.184601, 816.986389, -223.973328, 1, 0, 0, 0, 4.00
M, 106516667, 3, -211.830627, 810.054138, -161.402130, 1, 0, 0, 0, 4.00
M, 106516667, 4, -268.277832, 816.390686, -174.964066, 1, 0, 0, 0, 3.37
M, 106516667, 5, -176.450211, 810.674927, -162.362686, 1, 0, 0, 0, 4.00
M, 106516667, 6, -152.792419, 811.612976, -163.464447, 1, 0, 0, 0, 4.00
M, 106516667, 7, -130.010681, 811.073242, -167.774643, 1, 0, 0, 0, 4.00
M, 106517708, 0, -313.138489, 818.603455, -181.385590, 1, 0, 0, 0, 4.00
M, 106517708, 1, -240.807602, 809.937317, -165.864899, 1, 0, 0, 0, 3.72
M, 106517708, 2, -316.186127, 816.986145, -223.974716, 1, 0, 0, 0, 4.00
M, 106517708, 3, -211.832001, 810.054504, -161.400787, 1, 0, 0, 0, 4.00
M, 106517708, 4, -268.276764, 816.393311, -174.964920, 1, 0, 0, 0, 4.00
M, 106517708, 5, -176.446487, 810.665833, -162.364288, 1, 0, 0, 0, 3.34
M, 106517708, 6, -152.793137, 811.613586, -163.464722, 1, 0, 0, 0, 4.00
M, 106517708, 7, -130.011612, 811.072571, -167.774811, 1, 0, 0, 0, 4.00
M, 106518750, 0, -313.138550, 818.604492, -181.385178, 1, 0, 0, 0, 4.00
M, 106518750, 1, -240.809479, 809.937683, -165.862793, 1, 0, 0, 0, 4.00
M, 106518750, 2, -316.175842, 816.979004, -223.956268, 1, 0, 0, 0, 3.55
M, 106518750, 3, -211.833374, 810.054871, -161.399445, 1, 0, 0, 0, 4.00
M, 106518750, 4, -268.276825, 816.393982, -174.963791, 1, 0, 0, 0, 4.00
M, 106518750, 5, -176.447891, 810.668701, -162.362778, 1, 0, 0, 0, 4.00
M, 106518750, 6, -152.799393, 811.602295, -163.467331, 1, 0, 0, 0, 3.52
M, 106518750, 7, -130.012589, 811.071899, -167.774933, 1, 0, 0, 0, 4.00
M, 106519792, 0, -313.138428, 818.605591, -181.384735, 1, 0, 0, 0, 4.00
M, 106519792, 1, -240.808258, 809.939941, -165.861862, 1, 0, 0, 0, 4.00
M, 106519792, 2, -316.179474, 816.979919, -223.961014, 1, 0, 0, 0, 4.00
M, 106519792, 3, -211.825424, 810.056641, -161.399445, 1, 0, 0, 0, 3.79
M, 106519792, 4, -268.276825, 816.394897, -174.962601, 1, 0, 0, 0, 4.00
M, 106519792, 5, -176.448090, 810.668640, -162.361969, 1, 0, 0, 0, 4.00
M, 106519792, 6, -152.799088, 811.605042, -163.467194, 1, 0, 0, 0, 4.00
M, 106519792, 7, -130.013245, 811.085754, -167.781433, 1, 0, 0, 0, 3.07
M, 106520833, 0, -313.141998, 818.590454, -181.378677, 1, 0, 0, 0, 3.57
M, 106520833, 1, -240.807037, 809.942383, -165.860855, 1, 0, 0, 0, 4.00
M, 106520833, 2, -316.179718, 816.978821, -223.960266, 1, 0, 0, 0, 4.00
M, 106520833, 3, -211.828308, 810.056763, -161.397888, 1, 0, 0, 0, 4.00
M, 106520833, 4, -268.261871, 816.394653, -174.962479, 1, 0, 0, 0, 3.37
M, 106520833, 5, -176.448303, 810.668762, -162.361160, 1, 0, 0, 0, 4.00
M, 106520833, 6, -152.800400, 811.604492, -163.467667, 1, 0, 0, 0, 4.00
M, 106520833, 7, -130.014236, 811.082642, -167.780502, 1, 0, 0, 0, 4.00
M, 106521875, 0, -313.141479, 818.594116, -181.379242, 1, 0, 0, 0, 4.00
M, 106521875, 1, -240.823761, 809.905151, -165.855423, 1, 0, 0, 0, 4.58
M, 106521875, 2, -316.180054, 816.977722, -223.959518, 1, 0, 0, 0, 4.00
M, 106521875, 3, -211.828613, 810.057373, -161.396667, 1, 0, 0, 0, 4.00
M, 106521875, 4, -268.264374, 816.395447, -174.961166, 1, 0, 0, 0, 4.00
M, 106521875, 5, -176.442261, 810.666870, -162.367096, 1, 0, 0, 0, 3.34
M, 106521875, 6, -152.801651, 811.603882, -163.468170, 1, 0, 0, 0, 4.00
M, 106521875, 7, -130.015091, 811.083679, -167.781372, 1, 0, 0, 0, 4.00
M, 106522917, 0, -313.141846, 818.593506, -181.378265, 1, 0, 0, 0, 4.00
M, 106522917, 1, -240.819565, 809.913940, -165.855225, 1, 0, 0, 0, 4.00
M, 106522917, 2, -316.200928, 816.971863, -223.982178, 1, 0, 0, 0, 3.98
M, 106522917, 3, -211.828964, 810.057922, -161.395447, 1, 0, 0, 0, 4.00
M, 106522917, 4, -268.262695, 816.396118, -174.960068, 1, 0, 0, 0, 4.00
M, 106522917, 5, -176.443481, 810.667236, -162.365158, 1, 0, 0, 0, 4.00
M, 106522917, 6, -152.788712, 811.606079, -163.452133, 1, 0, 0, 0, 3.52
M, 106522917, 7, -130.016022, 811.084656, -167.782181, 1, 0, 0, 0, 4.00
M, 106523958, 0, -313.142242, 818.592834, -181.377228, 1, 0, 0, 0, 4.00
M, 106523958, 1, -240.820328, 809.911804, -165.853760, 1, 0, 0, 0, 4.00
M, 106523958, 2, -316.197937, 816.971558, -223.977615, 1, 0, 0, 0, 4.00
M, 106523958, 3, -211.821991, 810.045227, -161.395126, 1, 0, 0, 0, 3.79
M, 106523958, 4, -268.261078, 816.396790, -174.959030, 1, 0, 0, 0, 4.00
M, 106523958, 5, -176.442993, 810.667053, -162.365097, 1, 0, 0, 0, 4.00
M, 106523958, 6, -152.792358, 811.605103, -163.455383, 1, 0, 0, 0, 4.00
M, 106523958, 7, -130.008331, 811.078125, -167.775711, 1, 0, 0, 0, 3.07
M, 106525000, 0, -313.139984, 818.585449, -181.390610, 1, 0, 0, 0, 3.57
M, 106525000, 1, -240.821075, 809.909851, -165.852325, 1, 0, 0, 0, 4.00
M, 106525000, 2, -316.200439, 816.969971, -223.979401, 1, 0, 0, 0, 4.00
M, 106525000, 3, -211.823517, 810.048035, -161.393753, 1, 0, 0, 0, 4.00
M, 106525000, 4, -268.275818, 816.382507, -174.978455, 1, 0, 0, 0, 3.37
M, 106525000, 5, -176.442520, 810.666870, -162.365036, 1, 0, 0, 0, 4.00
M, 106525000, 6, -152.792053, 811.604858, -163.454071, 1, 0, 0, 0, 4.00
M, 106525000, 7, -130.010651, 811.080200, -167.777710, 1, 0, 0, 0, 4.00
M, 106526042, 0, -313.140747, 818.585754, -181.387177, 1, 0, 0, 0, 4.00
M, 106526042, 1, -240.825485, 809.901672, -165.859665, 1, 0, 0, 0, 4.58
M, 106526042, 2, -316.203064, 816.968201, -223.981216, 1, 0, 0, 0, 4.00
M, 106526042, 3, -211.823120, 810.046997, -161.392715, 1, 0, 0, 0, 4.00
M, 106526042, 4, -268.271454, 816.385742, -174.974045, 1, 0, 0, 0, 4.00
M, 106526042, 5, -176.468033, 810.655029, -162.374664, 1, 0, 0, 0, 3.34
M, 106526042, 6, -152.791824, 811.604553, -163.452759, 1, 0, 0, 0, 4.00
M, 106526042, 7, -130.010620, 811.080383, -167.777771, 1, 0, 0, 0, 4.00
M, 106527083, 0, -313.140869, 818.584290, -181.387741, 1, 0, 0, 0, 4.00
M, 106527083, 1, -240.825607, 809.900696, -165.856735, 1, 0, 0, 0, 4.00
M, 106527083, 2, -316.195984, 816.968018, -223.984680, 1, 0, 0, 0, 3.55
M, 106527083, 3, -211.822678, 810.046143, -161.391571, 1, 0, 0, 0, 4.00
M, 106527083, 4, -268.271637, 816.384827, -174.975235, 1, 0, 0, 0, 4.00
M, 106527083, 5, -176.463272, 810.656616, -162.373032, 1, 0, 0, 0, 4.00
M, 106527083, 6, -152.795090, 811.595581, -163.464264, 1, 0, 0, 0, 3.52
M, 106527083, 7, -130.010590, 811.080505, -167.777802, 1, 0, 0, 0, 4.00
M, 106528125, 0, -313.140930, 818.582947, -181.388306, 1, 0, 0, 0, 4.00
M, 106528125, 1, -240.826736, 809.897949, -165.856232, 1, 0, 0, 0, 4.00
M, 106528125, 2, -316.200134, 816.966309, -223.986160, 1, 0, 0, 0, 4.00
M, 106528125, 3, -211.830597, 810.039612, -161.414993, 1, 0, 0, 0, 3.79
M, 106528125, 4, -268.271820, 816.383789, -174.976425, 1, 0, 0, 0, 4.00
M, 106528125, 5, -176.465652, 810.655273, -162.374039, 1, 0, 0, 0, 4.00
M, 106528125, 6, -152.794235, 811.596802, -163.460815, 1, 0, 0, 0, 4.00
M, 106528125, 7, -130.012115, 811.074768, -167.780716, 1, 0, 0, 0, 3.07
M, 106529167, 0, -313.138794, 818.583374, -181.390366, 1, 0, 0, 0, 3.57
M, 106529167, 1, -240.827896, 809.895264, -165.855728, 1, 0, 0, 0, 4.00
M, 106529167, 2, -316.201630, 816.964844, -223.988190, 1, 0, 0, 0, 4.00
M, 106529167, 3, -211.828781, 810.039490, -161.409882, 1, 0, 0, 0, 4.00
M, 106529167, 4, -268.279877, 816.382690, -174.980011, 1, 0, 0, 0, 3.37
M, 106529167, 5, -176.468002, 810.653809, -162.375031, 1, 0, 0, 0, 4.00
M, 106529167, 6, -152.794327, 811.595581, -163.460907, 1, 0, 0, 0, 4.00
M, 106529167, 7, -130.011826, 811.075867, -167.780243, 1, 0, 0, 0, 4.00
M, 106530208, 0, -313.139282, 818.581726, -181.390656, 1, 0, 0, 0, 4.00
M, 106530208, 1, -240.832916, 809.894958, -165.866241, 1, 0, 0, 0, 4.58
M, 106530208, 2, -316.203125, 816.963318, -223.990158, 1, 0, 0, 0, 4.00
M, 106530208, 3, -211.829269, 810.037903, -161.411423, 1, 0, 0, 0, 4.00
M, 106530208, 4, -268.278687, 816.381775, -174.980713, 1, 0, 0, 0, 4.00
M, 106530208, 5, -176.451828, 810.661255, -162.381943, 1, 0, 0, 0, 3.34
M, 106530208, 6, -152.794495, 811.594299, -163.461014, 1, 0, 0, 0, 4.00
M, 106530208, 7, -130.011963, 811.075256, -167.780624, 1, 0, 0, 0, 4.00
M, 106531250, 0, -313.139099, 818.580566, -181.391373, 1, 0, 0, 0, 4.00
M, 106531250, 1, -240.833420, 809.891968, -165.863922, 1, 0, 0, 0, 4.00
M, 106531250, 2, -316.197632, 816.973816, -223.986038, 1, 0, 0, 0, 3.55
M, 106531250, 3, -211.829712, 810.036499, -161.413040, 1, 0, 0, 0, 4.00
M, 106531250, 4, -268.279755, 816.380554, -174.982208, 1, 0, 0, 0, 4.00
M, 106531250, 5, -176.457245, 810.658264, -162.381973, 1, 0, 0, 0, 4.00
M, 106531250, 6, -152.795547, 811.593323, -163.475296, 1, 0, 0, 0, 3.52
M, 106531250, 7, -130.012085, 811.074829, -167.780960, 1, 0, 0, 0, 4.00
M, 106532292, 0, -313.139038, 818.579163, -181.392090, 1, 0, 0, 0, 4.00
M, 106532292, 1, -240.834930, 809.889465, -165.864609, 1, 0, 0, 0, 4.00
M, 106532292, 2, -316.200317, 816.970398, -223.989059, 1, 0, 0, 0, 4.00
M, 106532292, 3, -211.830154, 810.030762, -161.414078, 1, 0, 0, 0, 3.79
M, 106532292, 4, -268.280701, 816.379700, -174.983643, 1, 0, 0, 0, 4.00
M, 106532292, 5, -176.457596, 810.657837, -162.383575, 1, 0, 0, 0, 4.00
M, 106532292, 6, -152.795486, 811.592102, -163.473022, 1, 0, 0, 0, 4.00
M, 106532292, 7, -130.022903, 811.074219, -167.786850, 1, 0, 0, 0, 3.07
M, 106533333, 0, -313.136047, 818.589539, -181.381897, 1, 0, 0, 0, 3.57
M, 106533333, 1, -240.836456, 809.887146, -165.865326, 1, 0, 0, 0, 4.00
M, 106533333, 2, -316.201111, 816.970276, -223.990402, 1, 0, 0, 0, 4.00
M, 106533333, 3, -211.830597, 810.029907, -161.415710, 1, 0, 0, 0, 4.00
M, 106533333, 4, -268.273621, 816.388367, -174.968826, 1, 0, 0, 0, 3.37
M, 106533333, 5, -176.457932, 810.657227, -162.385239, 1, 0, 0, 0, 4.00
M, 106533333, 6, -152.795746, 811.590881, -163.474670, 1, 0, 0, 0, 4.00
M, 106533333, 7, -130.021301, 811.073730, -167.786285, 1, 0, 0, 0, 4.00
M, 106534375, 0, -313.136414, 818.586304, -181.384430, 1, 0, 0, 0, 4.00
M, 106534375, 1, -240.823074, 809.910706, -165.868240, 1, 0, 0, 0, 3.72
M, 106534375, 2, -316.201813, 816.970215, -223.991714, 1, 0, 0, 0, 4.00
M, 106534375, 3, -211.831055, 810.028015, -161.417206, 1, 0, 0, 0, 4.00
M, 106534375, 4, -268.275940, 816.385742, -174.972977, 1, 0, 0, 0, 4.00
M, 106534375, 5, -176.446899, 810.658386, -162.377731, 1, 0, 0, 0, 3.34
M, 106534375, 6, -152.795990, 811.589600, -163.476303, 1, 0, 0, 0, 4.00
M, 106534375, 7, -130.022583, 811.073242, -167.787277, 1, 0, 0, 0, 4.00
M, 106535417, 0, -313.135925, 818.586365, -181.383926, 1, 0, 0, 0, 4.00
M, 106535417, 1, -240.827133, 809.903931, -165.868546, 1, 0, 0, 0, 4.00
M, 106535417, 2, -316.179932, 816.977295, -223.981461, 1, 0, 0, 0, 3.55
M, 106535417, 3, -211.831497, 810.026001, -161.418732, 1, 0, 0, 0, 4.00
M, 106535417, 4, -268.276062, 816.385742, -174.972641, 1, 0, 0, 0, 4.00
M, 106535417, 5, -176.449112, 810.657593, -162.380859, 1, 0, 0, 0, 4.00
M, 106535417, 6, -152.784195, 811.599792, -163.462601, 1, 0, 0, 0, 3.52
M, 106535417, 7, -130.023865, 811.072754, -167.788193, 1, 0, 0, 0, 4.00
M, 106536458, 0, -313.135529, 818.586426, -181.383453, 1, 0, 0, 0, 4.00
M, 106536458, 1, -240.827072, 809.904297, -165.869492, 1, 0, 0, 0, 4.00
M, 106536458, 2, -316.184418, 816.976074, -223.984680, 1, 0, 0, 0, 4.00
M, 106536458, 3, -211.826935, 810.046082, -161.421616, 1, 0, 0, 0, 3.79
M, 106536458, 4, -268.276215, 816.385742, -174.972321, 1, 0, 0, 0, 4.00
M, 106536458, 5, -176.448212, 810.657288, -162.381485, 1, 0, 0, 0, 4.00
M, 106536458, 6, -152.786453, 811.596680, -163.466797, 1, 0, 0, 0, 4.00
M, 106536458, 7, -130.004791, 811.087830, -167.787186, 1, 0, 0, 0, 3.07
M, 106537500, 0, -313.135986, 818.589294, -181.384888, 1, 0, 0, 0, 3.57
M, 106537500, 1, -240.826981, 809.904663, -165.870453, 1, 0, 0, 0, 4.00
M, 106537500, 2, -316.182678, 816.976746, -223.984772, 1, 0, 0, 0, 4.00
M, 106537500, 3, -211.828217, 810.040527, -161.422928, 1, 0, 0, 0, 4.00
M, 106537500, 4, -268.279633, 816.379456, -174.980011, 1, 0, 0, 0, 3.37
M, 106537500, 5, -176.447296, 810.656982, -162.382141, 1, 0, 0, 0, 4.00
M, 106537500, 6, -152.785324, 811.596741, -163.466766, 1, 0, 0, 0, 4.00
M, 106537500, 7, -130.009491, 811.084717, -167.788467, 1, 0, 0, 0, 4.00
M, 106538542, 0, -313.135345, 818.588867, -181.384109, 1, 0, 0, 0, 4.00
M, 106538542, 1, -240.827225, 809.901794, -165.861450, 1, 0, 0, 0, 3.72
M, 106538542, 2, -316.181000, 816.977356, -223.984818, 1, 0, 0, 0, 4.00
M, 106538542, 3, -211.828125, 810.041016, -161.424591, 1, 0, 0, 0, 4.00
M, 106538542, 4, -268.279266, 816.380371, -174.978394, 1, 0, 0, 0, 4.00
M, 106538542, 5, -176.456314, 810.657349, -162.384705, 1, 0, 0, 0, 3.34
M, 106538542, 6, -152.784271, 811.596802, -163.466766, 1, 0, 0, 0, 4.00
M, 106538542, 7, -130.008575, 811.085815, -167.789215, 1, 0, 0, 0, 4.00
M, 106539583, 0, -313.134979, 818.589233, -181.383804, 1, 0, 0, 0, 4.00
M, 106539583, 1, -240.827103, 809.902649, -165.864014, 1, 0, 0, 0, 4.00
M, 106539583, 2, -316.186859, 816.979919, -223.984848, 1, 0, 0, 0, 3.55
M, 106539583, 3, -211.828033, 810.041504, -161.426239, 1, 0, 0, 0, 4.00
M, 106539583, 4, -268.279755, 816.379883, -174.978897, 1, 0, 0, 0, 4.00
M, 106539583, 5, -176.453735, 810.656982, -162.385010, 1, 0, 0, 0, 4.00
M, 106539583, 6, -152.797424, 811.584900, -163.477264, 1, 0, 0, 0, 3.52
M, 106539583, 7, -130.007706, 811.086853, -167.789963, 1, 0, 0, 0, 4.00
M, 106540625, 0, -313.134674, 818.589600, -181.383545, 1, 0, 0, 0, 4.00
M, 106540625, 1, -240.827011, 809.902710, -165.863861, 1, 0, 0, 0, 4.00
M, 106540625, 2, -316.183868, 816.980164, -223.984909, 1, 0, 0, 0, 4.00
M, 106540625, 3, -211.824188, 810.040466, -161.420959, 1, 0, 0, 0, 3.96
M, 106540625, 4, -268.280212, 816.379150, -174.979492, 1, 0, 0, 0, 4.00
M, 106540625, 5, -176.453903, 810.656738, -162.385834, 1, 0, 0, 0, 4.00
M, 106540625, 6, -152.794022, 811.586975, -163.475479, 1, 0, 0, 0, 4.00
M, 106540625, 7, -130.014679, 811.080139, -167.790787, 1, 0, 0, 0, 3.07
M, 106541667, 0, -313.127899, 818.582703, -181.381836, 1, 0, 0, 0, 3.57
M, 106541667, 1, -240.826950, 809.902832, -165.863708, 1, 0, 0, 0, 4.00
M, 106541667, 2, -316.182922, 816.981262, -223.984940, 1, 0, 0, 0, 4.00
M, 106541667, 3, -211.824738, 810.041077, -161.423798, 1, 0, 0, 0, 4.00
M, 106541667, 4, -268.273651, 816.379272, -174.981293, 1, 0, 0, 0, 3.37
M, 106541667, 5, -176.454056, 810.656494, -162.386673, 1, 0, 0, 0, 4.00
M, 106541667, 6, -152.794495, 811.585693, -163.476608, 1, 0, 0, 0, 4.00
M, 106541667, 7, -130.012451, 811.082642, -167.791534, 1, 0, 0, 0, 4.00
M, 106542708, 0, -313.128601, 818.584167, -181.381775, 1, 0, 0, 0, 4.00
M, 106542708, 1, -240.817444, 809.899597, -165.856888, 1, 0, 0, 0, 3.72
M, 106542708, 2, -316.182037, 816.982056, -223.985001, 1, 0, 0, 0, 4.00
M, 106542708, 3, -211.824249, 810.041321, -161.424713, 1, 0, 0, 0, 4.00
M, 106542708, 4, -268.275269, 816.378601, -174.981613, 1, 0, 0, 0, 4.00
M, 106542708, 5, -176.438171, 810.661438, -162.372223, 1, 0, 0, 0, 3.34
M, 106542708, 6, -152.794952, 811.584473, -163.477737, 1, 0, 0, 0, 4.00
M, 106542708, 7, -130.012360, 811.082947, -167.792282, 1, 0, 0, 0, 4.00
M, 106543750, 0, -313.127594, 818.583679, -181.381363, 1, 0, 0, 0, 4.00
M, 106543750, 1, -240.818985, 809.900146, -165.857864, 1, 0, 0, 0, 4.00
M, 106543750, 2, -316.172668, 816.974731, -223.971176, 1, 0, 0, 0, 3.55
M, 106543750, 3, -211.823837, 810.041626, -161.425644, 1, 0, 0, 0, 4.00
M, 106543750, 4, -268.274963, 816.378052, -174.982330, 1, 0, 0, 0, 4.00
M, 106543750, 5, -176.441040, 810.660339, -162.375595, 1, 0, 0, 0, 4.00
M, 106543750, 6, -152.783829, 811.605225, -163.464920, 1, 0, 0, 0, 3.52
M, 106543750, 7, -130.012299, 811.083313, -167.792999, 1, 0, 0, 0, 4.00
M, 106544792, 0, -313.126526, 818.583130, -181.380951, 1, 0, 0, 0, 4.00
M, 106544792, 1, -240.817856, 809.899902, -165.856979, 1, 0, 0, 0, 4.00
M, 106544792, 2, -316.173096, 816.977051, -223.973526, 1, 0, 0, 0, 4.00
M, 106544792, 3, -211.822113, 810.050171, -161.414322, 1, 0, 0, 0, 3.79
M, 106544792, 4, -268.274628, 816.377563, -174.982986, 1, 0, 0, 0, 4.00
M, 106544792, 5, -176.439423, 810.660767, -162.374756, 1, 0, 0, 0, 4.00
M, 106544792, 6, -152.786209, 811.600281, -163.468323, 1, 0, 0, 0, 4.00
M, 106544792, 7, -130.004425, 811.080444, -167.781555, 1, 0, 0, 0, 3.07
M, 106545833, 0, -313.125977, 818.585876, -181.383545, 1, 0, 0, 0, 3.57
M, 106545833, 1, -240.816788, 809.899536, -165.856079, 1, 0, 0, 0, 4.00
M, 106545833, 2, -316.171234, 816.976990, -223.972046, 1, 0, 0, 0, 4.00
M, 106545833, 3, -211.821808, 810.049194, -161.417206, 1, 0, 0, 0, 4.00
M, 106545833, 4, -268.273438, 816.381653, -174.976486, 1, 0, 0, 0, 3.37
M, 106545833, 5, -176.437866, 810.660950, -162.373917, 1, 0, 0, 0, 4.00
M, 106545833, 6, -152.785446, 811.601379, -163.467957, 1, 0, 0, 0, 4.00
M, 106545833, 7, -130.005646, 811.081360, -167.784286, 1, 0, 0, 0, 4.00
M, 106546875, 0, -313.124786, 818.584961, -181.382553, 1, 0, 0, 0, 4.00
M, 106546875, 1, -240.823700, 809.890869, -165.873901, 1, 0, 0, 0, 3.72
M, 106546875, 2, -316.169464, 816.976990, -223.970612, 1, 0, 0, 0, 4.00
M, 106546875, 3, -211.821182, 810.050232, -161.416824, 1, 0, 0, 0, 4.00
M, 106546875, 4, -268.273193, 816.380371, -174.978333, 1, 0, 0, 0, 4.00
M, 106546875, 5, -176.441803, 810.663025, -162.375595, 1, 0, 0, 0, 3.34
M, 106546875, 6, -152.784668, 811.602478, -163.467545, 1, 0, 0, 0, 4.00
M, 106546875, 7, -130.004700, 811.081360, -167.783691, 1, 0, 0, 0, 4.00
M, 106547917, 0, -313.123779, 818.584900, -181.382462, 1, 0, 0, 0, 4.00
M, 106547917, 1, -240.821320, 809.891968, -165.869919, 1, 0, 0, 0, 4.00
M, 106547917, 2, -316.170868, 816.979431, -223.975143, 1, 0, 0, 0, 3.55
M, 106547917, 3, -211.820557, 810.051575, -161.416367, 1, 0, 0, 0, 4.00
M, 106547917, 4, -268.272827, 816.380249, -174.978271, 1, 0, 0, 0, 4.00
M, 106547917, 5, -176.439301, 810.663147, -162.374390, 1, 0, 0, 0, 4.00
M, 106547917, 6, -152.803497, 811.592896, -163.471420, 1, 0, 0, 0, 3.52
M, 106547917, 7, -130.003799, 811.081360, -167.783096, 1, 0, 0, 0, 4.00
M, 106548958, 0, -313.122833, 818.584839, -181.382324, 1, 0, 0, 0, 4.00
M, 106548958, 1, -240.821106, 809.890686, -165.871109, 1, 0, 0, 0, 4.00
M, 106548958, 2, -316.168488, 816.978882, -223.972641, 1, 0, 0, 0, 4.00
M, 106548958, 3, -211.825455, 810.033875, -161.414230, 1, 0, 0, 0, 3.79
M, 106548958, 4, -268.272400, 816.380249, -174.978149, 1, 0, 0, 0, 4.00
M, 106548958, 5, -176.438354, 810.663635, -162.373856, 1, 0, 0, 0, 4.00
M, 106548958, 6, -152.799454, 811.595886, -163.470291, 1, 0, 0, 0, 4.00
M, 106548958, 7, -130.008606, 811.074402, -167.783875, 1, 0, 0, 0, 3.07
M, 106550000, 0, -313.123779, 818.591675, -181.374924, 1, 0, 0, 0, 3.57
M, 106550000, 1, -240.820847, 809.889648, -165.872299, 1, 0, 0, 0, 4.00
M, 106550000, 2, -316.167053, 816.979065, -223.971832, 1, 0, 0, 0, 4.00
M, 106550000, 3, -211.823959, 810.038147, -161.414108, 1, 0, 0, 0, 4.00
M, 106550000, 4, -268.274261, 816.378906, -174.973083, 1, 0, 0, 0, 3.37
M, 106550000, 5, -176.437393, 810.664185, -162.373291, 1, 0, 0, 0, 4.00
M, 106550000, 6, -152.800812, 811.595764, -163.470383, 1, 0, 0, 0, 4.00
M, 106550000, 7, -130.006729, 811.075439, -167.783035, 1, 0, 0, 0, 4.00
M, 106551042, 0, -313.122467, 818.590332, -181.376022, 1, 0, 0, 0, 4.00
M, 106551042, 1, -240.803131, 809.901367, -165.853577, 1, 0, 0, 0, 3.72
M, 106551042, 2, -316.165527, 816.979431, -223.971024, 1, 0, 0, 0, 4.00
M, 106551042, 3, -211.823959, 810.037292, -161.413513, 1, 0, 0, 0, 4.00
M, 106551042, 4, -268.273438, 816.379272, -174.973801, 1, 0, 0, 0, 4.00
M, 106551042, 5, -176.435455, 810.661743, -162.361816, 1, 0, 0, 0, 3.34
M, 106551042, 6, -152.802185, 811.595703, -163.470474, 1, 0, 0, 0, 4.00
M, 106551042, 7, -130.006454, 811.074707, -167.782623, 1, 0, 0, 0, 4.00
M, 106552083, 0, -313.121674, 818.591003, -181.375168, 1, 0, 0, 0, 4.00
M, 106552083, 1, -240.805817, 809.898010, -165.857986, 1, 0, 0, 0, 4.00
M, 106552083, 2, -316.162292, 816.979736, -223.963638, 1, 0, 0, 0, 3.55
M, 106552083, 3, -211.823929, 810.036438, -161.412918, 1, 0, 0, 0, 4.00
M, 106552083, 4, -268.273315, 816.379150, -174.973175, 1, 0, 0, 0, 4.00
M, 106552083, 5, -176.434662, 810.662781, -162.363068, 1, 0, 0, 0, 4.00
M, 106552083, 6, -152.794556, 811.599670, -163.460876, 1, 0, 0, 0, 3.52
M, 106552083, 7, -130.006149, 811.073914, -167.782211, 1, 0, 0, 0, 4.00
M, 106553125, 0, -313.120911, 818.591614, -181.374268, 1, 0, 0, 0, 4.00
M, 106553125, 1, -240.803680, 809.898315, -165.856979, 1, 0, 0, 0, 4.00
M, 106553125, 2, -316.161224, 816.979736, -223.963928, 1, 0, 0, 0, 4.00
M, 106553125, 3, -211.820267, 810.040833, -161.404861, 1, 0, 0, 0, 3.79
M, 106553125, 4, -268.273132, 816.378967, -174.972549, 1, 0, 0, 0, 4.00
M, 106553125, 5, -176.433578, 810.662964, -162.361313, 1, 0, 0, 0, 4.00
M, 106553125, 6, -152.797424, 811.598938, -163.462540, 1, 0, 0, 0, 4.00
M, 106553125, 7, -130.008087, 811.074951, -167.778305, 1, 0, 0, 0, 3.07
M, 106554167, 0, -313.126038, 818.580994, -181.378204, 1, 0, 0, 0, 3.57
M, 106554167, 1, -240.801590, 809.898438, -165.856018, 1, 0, 0, 0, 4.00
M, 106554167, 2, -316.159546, 816.979919, -223.962387, 1, 0, 0, 0, 4.00
M, 106554167, 3, -211.820831, 810.039246, -161.405457, 1, 0, 0, 0, 4.00
M, 106554167, 4, -268.267181, 816.389893, -174.968567, 1, 0, 0, 0, 3.37
M, 106554167, 5, -176.432480, 810.663086, -162.359558, 1, 0, 0, 0, 4.00
M, 106554167, 6, -152.797806, 811.599243, -163.461563, 1, 0, 0, 0, 4.00
M, 106554167, 7, -130.007462, 811.073730, -167.778458, 1, 0, 0, 0, 4.00
M, 106555208, 0, -313.124359, 818.583557, -181.376541, 1, 0, 0, 0, 4.00
M, 106555208, 1, -240.824890, 809.887695, -165.853287, 1, 0, 0, 0, 3.72
M, 106555208, 2, -316.157898, 816.980103, -223.960892, 1, 0, 0, 0, 4.00
M, 106555208, 3, -211.820374, 810.039063, -161.404037, 1, 0, 0, 0, 4.00
M, 106555208, 4, -268.267944, 816.387817, -174.968445, 1, 0, 0, 0, 4.00
M, 106555208, 5, -176.426880, 810.662720, -162.352997, 1, 0, 0, 0, 3.34
M, 106555208, 6, -152.798203, 811.599609, -163.460571, 1, 0, 0, 0, 4.00
M, 106555208, 7, -130.007462, 811.073120, -167.777618, 1, 0, 0, 0, 4.00
M, 106556250, 0, -313.124237, 818.582886, -181.376175, 1, 0, 0, 0, 4.00
M, 106556250, 1, -240.818573, 809.889709, -165.852570, 1, 0, 0, 0, 4.00
M, 106556250, 2, -316.173920, 816.973022, -223.972519, 1, 0, 0, 0, 3.55
M, 106556250, 3, -211.819962, 810.038818, -161.402603, 1, 0, 0, 0, 4.00
M, 106556250, 4, -268.267242, 816.388794, -174.967484, 1, 0, 0, 0, 4.00
M, 106556250, 5, -176.426544, 810.663025, -162.352051, 1, 0, 0, 0, 4.00
M, 106556250, 6, -152.787323, 811.601257, -163.455627, 1, 0, 0, 0, 3.52
M, 106556250, 7, -130.007401, 811.072449, -167.776810, 1, 0, 0, 0, 4.00
M, 106557292, 0, -313.124084, 818.582275, -181.375824, 1, 0, 0, 0, 4.00
M, 106557292, 1, -240.819229, 809.888794, -165.851379, 1, 0, 0, 0, 4.00
M, 106557292, 2, -316.169342, 816.974548, -223.968765, 1, 0, 0, 0, 4.00
M, 106557292, 3, -211.833313, 810.032166, -161.399200, 1, 0, 0, 0, 3.79
M, 106557292, 4, -268.266449, 816.389893, -174.966476, 1, 0, 0, 0, 4.00
M, 106557292, 5, -176.425003, 810.663025, -162.349777, 1, 0, 0, 0, 4.00
M, 106557292, 6, -152.789551, 811.601440, -163.455261, 1, 0, 0, 0, 4.00
M, 106557292, 7, -130.005325, 811.078796, -167.765106, 1, 0, 0, 0, 3.07
M, 106558333, 0, -313.140808, 818.590698, -181.386246, 1, 0, 0, 0, 3.57
M, 106558333, 1, -240.819855, 809.887695, -165.850189, 1, 0, 0, 0, 4.00
M, 106558333, 2, -316.169617, 816.973816, -223.968704, 1, 0, 0, 0, 4.00
M, 106558333, 3, -211.830627, 810.033020, -161.398102, 1, 0, 0, 0, 4.00
M, 106558333, 4, -268.273621, 816.381409, -174.974289, 1, 0, 0, 0, 3.56
M, 106558333, 5, -176.423386, 810.663147, -162.347488, 1, 0, 0, 0, 4.00
M, 106558333, 6, -152.788712, 811.602051, -163.453903, 1, 0, 0, 0, 4.00
M, 106558333, 7, -130.005646, 811.076965, -167.766083, 1, 0, 0, 0, 4.00
M, 106559375, 0, -313.137909, 818.588562, -181.384109, 1, 0, 0, 0, 4.00
M, 106559375, 1, -240.819885, 809.901062, -165.855881, 1, 0, 0, 0, 3.72
M, 106559375, 2, -316.169922, 816.973328, -223.968643, 1, 0, 0, 0, 4.00
M, 106559375, 3, -211.831711, 810.032104, -161.396469, 1, 0, 0, 0, 4.00
M, 106559375, 4, -268.271454, 816.383972, -174.971771, 1, 0, 0, 0, 4.00
M, 106559375, 5, -176.427322, 810.663086, -162.351273, 1, 0, 0, 0, 3.34
M, 106559375, 6, -152.787827, 811.602539, -163.452438, 1, 0, 0, 0, 4.00
M, 106559375, 7, -130.005386, 811.077148, -167.764084, 1, 0, 0, 0, 4.00
M, 106560417, 0, -313.139618, 818.588928, -181.384888, 1, 0, 0, 0, 4.00
M, 106560417, 1, -240.820663, 809.897644, -165.853577, 1, 0, 0, 0, 4.00
M, 106560417, 2, -316.179108, 816.977661, -223.977905, 1, 0, 0, 0, 3.55
M, 106560417, 3, -211.832779, 810.031189, -161.394821, 1, 0, 0, 0, 4.00
M, 106560417, 4, -268.271515, 816.383972, -174.971756, 1, 0, 0, 0, 4.00
M, 106560417, 5, -176.424820, 810.663269, -162.347992, 1, 0, 0, 0, 4.00
M, 106560417, 6, -152.802643, 811.593872, -163.466171, 1, 0, 0, 0, 3.52
M, 106560417, 7, -130.005173, 811.077271, -167.762115, 1, 0, 0, 0, 4.00
M, 106561458, 0, -313.141296, 818.589294, -181.385651, 1, 0, 0, 0, 4.00
M, 106561458, 1, -240.821259, 809.898193, -165.853104, 1, 0, 0, 0, 4.00
M, 106561458, 2, -316.177917, 816.976379, -223.976273, 1, 0, 0, 0, 4.00
M, 106561458, 3, -211.837128, 810.039001, -161.413773, 1, 0, 0, 0, 3.79
M, 106561458, 4, -268.271637, 816.383972, -174.971695, 1, 0, 0, 0, 4.00
M, 106561458, 5, -176.423874, 810.663452, -162.346420, 1, 0, 0, 0, 4.00
M, 106561458, 6, -152.799210, 811.595947, -163.462234, 1, 0, 0, 0, 4.00
M, 106561458, 7, -130.013931, 811.075562, -167.771713, 1, 0, 0, 0, 3.07
M, 106562500, 0, -313.140808, 818.588379, -181.387802, 1, 0, 0, 0, 3.57
M, 106562500, 1, -240.821915, 809.898682, -165.852692, 1, 0, 0, 0, 4.00
M, 106562500, 2, -316.179108, 816.976379, -223.977158, 1, 0, 0, 0, 4.00
M, 106562500, 3, -211.837662, 810.036560, -161.408768, 1, 0, 0, 0, 4.00
M, 106562500, 4, -268.279510, 816.385620, -174.973572, 1, 0, 0, 0, 3.37
M, 106562500, 5, -176.422913, 810.663452, -162.344772, 1, 0, 0, 0, 4.00
M, 106562500, 6, -152.800049, 811.595459, -163.462479, 1, 0, 0, 0, 4.00
M, 106562500, 7, -130.012177, 811.076111, -167.767776, 1, 0, 0, 0, 4.00
M, 106563542, 0, -313.142853, 818.588989, -181.388397, 1, 0, 0, 0, 4.00
M, 106563542, 1, -240.831955, 809.884216, -165.856110, 1, 0, 0, 0, 3.72
M, 106563542, 2, -316.180359, 816.976379, -223.978088, 1, 0, 0, 0, 4.00
M, 106563542, 3, -211.839127, 810.036499, -161.409393, 1, 0, 0, 0, 4.00
M, 106563542, 4, -268.278320, 816.385315, -174.973206, 1, 0, 0, 0, 4.00
M, 106563542, 5, -176.441391, 810.655518, -162.366119, 1, 0, 0, 0, 3.34
M, 106563542, 6, -152.800873, 811.594971, -163.462723, 1, 0, 0, 0, 4.00
M, 106563542, 7, -130.012894, 811.076050, -167.767075, 1, 0, 0, 0, 4.00
M, 106564583, 0, -313.144348, 818.589294, -181.389343, 1, 0, 0, 0, 4.00
M, 106564583, 1, -240.831039, 809.887268, -165.855042, 1, 0, 0, 0, 4.00
M, 106564583, 2, -316.184235, 816.972473, -223.981400, 1, 0, 0, 0, 3.55
M, 106564583, 3, -211.840530, 810.036499, -161.409988, 1, 0, 0, 0, 4.00
M, 106564583, 4, -268.279266, 816.385498, -174.973389, 1, 0, 0, 0, 4.00
M, 106564583, 5, -176.437225, 810.656799, -162.360748, 1, 0, 0, 0, 4.00
M, 106564583, 6, -152.810532, 811.590881, -163.479172, 1, 0, 0, 0, 3.52
M, 106564583, 7, -130.013611, 811.076050, -167.766327, 1, 0, 0, 0, 4.00
M, 106565625, 0, -313.145813, 818.589539, -181.390305, 1, 0, 0, 0, 4.00
M, 106565625, 1, -240.832642, 809.886230, -165.855011, 1, 0, 0, 0, 4.00
M, 106565625, 2, -316.184937, 816.973022, -223.981934, 1, 0, 0, 0, 4.00
M, 106565625, 3, -211.843475, 810.046082, -161.426987, 1, 0, 0, 0, 3.79
M, 106565625, 4, -268.280212, 816.385681, -174.973541, 1, 0, 0, 0, 4.00
M, 106565625, 5, -176.438354, 810.656067, -162.361618, 1, 0, 0, 0, 4.00
M, 106565625, 6, -152.809875, 811.591003, -163.476669, 1, 0, 0, 0, 4.00
M, 106565625, 7, -130.008362, 811.073853, -167.772644, 1, 0, 0, 0, 3.07
M, 106566667, 0, -313.137238, 818.587280, -181.378799, 1, 0, 0, 0, 3.57
M, 106566667, 1, -240.834244, 809.885132, -165.855011, 1, 0, 0, 0, 4.00
M, 106566667, 2, -316.186493, 816.972717, -223.983124, 1, 0, 0, 0, 4.00
M, 106566667, 3, -211.844666, 810.044434, -161.424866, 1, 0, 0, 0, 4.00
M, 106566667, 4, -268.272644, 816.398376, -174.967316, 1, 0, 0, 0, 3.37
M, 106566667, 5, -176.439514, 810.655273, -162.362473, 1, 0, 0, 0, 4.00
M, 106566667, 6, -152.811661, 811.590271, -163.478699, 1, 0, 0, 0, 4.00
M, 106566667, 7, -130.010025, 811.074219, -167.770706, 1, 0, 0, 0, 4.00
M, 106567708, 0, -313.140350, 818.587891, -181.381805, 1, 0, 0, 0, 4.00
M, 106567708, 1, -240.819290, 809.903198, -165.857788, 1, 0, 0, 0, 3.72
M, 106567708, 2, -316.188049, 816.972351, -223.984314, 1, 0, 0, 0, 4.00
M, 106567708, 3, -211.846313, 810.045410, -161.427246, 1, 0, 0, 0, 4.00
M, 106567708, 4, -268.274963, 816.396484, -174.968506, 1, 0, 0, 0, 4.00
M, 106567708, 5, -176.452332, 810.658142, -162.370285, 1, 0, 0, 0, 3.34
M, 106567708, 6, -152.813461, 811.589417, -163.480682, 1, 0, 0, 0, 4.00
M, 106567708, 7, -130.010086, 811.074036, -167.770767, 1, 0, 0, 0, 4.00
M, 106568750, 0, -313.140747, 818.587830, -181.381424, 1, 0, 0, 0, 4.00
M, 106568750, 1, -240.823639, 809.898987, -165.857269, 1, 0, 0, 0, 4.00
M, 106568750, 2, -316.172546, 816.985168, -223.972687, 1, 0, 0, 0, 3.55
M, 106568750, 3, -211.847916, 810.046387, -161.429657, 1, 0, 0, 0, 4.00
M, 106568750, 4, -268.274963, 816.398010, -174.967987, 1, 0, 0, 0, 4.00
M, 106568750, 5, -176.451523, 810.656860, -162.370041, 1, 0, 0, 0, 4.00
M, 106568750, 6, -152.802124, 811.608643, -163.472137, 1, 0, 0, 0, 3.52
M, 106568750, 7, -130.010147, 811.073792, -167.770767, 1, 0, 0, 0, 4.00
M, 106569792, 0, -313.141174, 818.587708, -181.381012, 1, 0, 0, 0, 4.00
M, 106569792, 1, -240.823410, 809.900085, -165.857544, 1, 0, 0, 0, 4.00
M, 106569792, 2, -316.176849, 816.982605, -223.975967, 1, 0, 0, 0, 4.00
M, 106569792, 3, -211.831970, 810.047241, -161.414642, 1, 0, 0, 0, 3.79
M, 106569792, 4, -268.274963, 816.399414, -174.967453, 1, 0, 0, 0, 4.00
M, 106569792, 5, -176.453873, 810.656616, -162.371658, 1, 0, 0, 0, 4.00
M, 106569792, 6, -152.806122, 811.604370, -163.475891, 1, 0, 0, 0, 4.00
M, 106569792, 7, -130.005981, 811.072205, -167.771118, 1, 0, 0, 0, 3.07
M, 106570833, 0, -313.140472, 818.588562, -181.384338, 1, 0, 0, 0, 3.57
M, 106570833, 1, -240.823257, 809.900940, -165.857834, 1, 0, 0, 0, 4.00
M, 106570833, 2, -316.176483, 816.983582, -223.975769, 1, 0, 0, 0, 4.00
M, 106570833, 3, -211.836472, 810.048218, -161.419952, 1, 0, 0, 0, 4.00
M, 106570833, 4, -268.287598, 816.391418, -174.976303, 1, 0, 0, 0, 3.37
M, 106570833, 5, -176.456299, 810.656372, -162.373291, 1, 0, 0, 0, 4.00
M, 106570833, 6, -152.806519, 811.605652, -163.476791, 1, 0, 0, 0, 4.00
M, 106570833, 7, -130.006760, 811.072144, -167.771118, 1, 0, 0, 0, 4.00
M, 106571875, 0, -313.140991, 818.588440, -181.383301, 1, 0, 0, 0, 4.00
M, 106571875, 1, -240.836578, 809.893066, -165.857040, 1, 0, 0, 0, 3.72
M, 106571875, 2, -316.176117, 816.984680, -223.975555, 1, 0, 0, 0, 4.00
M, 106571875, 3, -211.836182, 810.049255, -161.420425, 1, 0, 0, 0, 4.00
M, 106571875, 4, -268.285522, 816.394592, -174.974258, 1, 0, 0, 0, 4.00
M, 106571875, 5, -176.460526, 810.656799, -162.379883, 1, 0, 0, 0, 3.34
M, 106571875, 6, -152.806900, 811.606873, -163.477615, 1, 0, 0, 0, 4.00
M, 106571875, 7, -130.006332, 811.071838, -167.771179, 1, 0, 0, 0, 4.00
M, 106572917, 0, -313.141235, 818.588501, -181.383270, 1, 0, 0, 0, 4.00
M, 106572917, 1, -240.834198, 809.895447, -165.857513, 1, 0, 0, 0, 4.00
M, 106572917, 2, -316.190063, 816.979858, -223.994034, 1, 0, 0, 0, 3.55
M, 106572917, 3, -211.835815, 810.050293, -161.420929, 1, 0, 0, 0, 4.00
M, 106572917, 4, -268.286896, 816.395142, -174.974701, 1, 0, 0, 0, 4.00
M, 106572917, 5, -176.462662, 810.656372, -162.380722, 1, 0, 0, 0, 4.00
M, 106572917, 6, -152.797684, 811.607910, -163.476364, 1, 0, 0, 0, 3.52
M, 106572917, 7, -130.005920, 811.071411, -167.771179, 1, 0, 0, 0, 4.00
M, 106573958, 0, -313.141541, 818.588623, -181.383270, 1, 0, 0, 0, 4.00
M, 106573958, 1, -240.835510, 809.895447, -165.857666, 1, 0, 0, 0, 4.00
M, 106573958, 2, -316.187347, 816.981873, -223.990692, 1, 0, 0, 0, 4.00
M, 106573958, 3, -211.839096, 810.048401, -161.424683, 1, 0, 0, 0, 3.79
M, 106573958, 4, -268.288269, 816.395569, -174.975204, 1, 0, 0, 0, 4.00
M, 106573958, 5, -176.465286, 810.656067, -162.382889, 1, 0, 0, 0, 4.00
M, 106573958, 6, -152.799622, 811.609253, -163.477524, 1, 0, 0, 0, 4.00
M, 106573958, 7, -130.012650, 811.073120, -167.782867, 1, 0, 0, 0, 3.07
M, 106575000, 0, -313.138184, 818.600464, -181.379639, 1, 0, 0, 0, 3.57
M, 106575000, 1, -240.836761, 809.895508, -165.857819, 1, 0, 0, 0, 4.00
M, 106575000, 2, -316.188599, 816.982239, -223.992477, 1, 0, 0, 0, 4.00
M, 106575000, 3, -211.838196, 810.049866, -161.424652, 1, 0, 0, 0, 4.00
M, 106575000, 4, -268.281128, 816.400146, -174.982803, 1, 0, 0, 0, 3.37
M, 106575000, 5, -176.467880, 810.655823, -162.385071, 1, 0, 0, 0, 4.00
M, 106575000, 6, -152.798904, 811.610718, -163.478119, 1, 0, 0, 0, 4.00
M, 106575000, 7, -130.011078, 811.072388, -167.781021, 1, 0, 0, 0, 4.00
M, 106576042, 0, -313.139038, 818.598450, -181.380295, 1, 0, 0, 0, 4.00
M, 106576042, 1, -240.834137, 809.903564, -165.858322, 1, 0, 0, 0, 3.72
M, 106576042, 2, -316.189850, 816.982666, -223.994308, 1, 0, 0, 0, 4.00
M, 106576042, 3, -211.838257, 810.050537, -161.425522, 1, 0, 0, 0, 4.00
M, 106576042, 4, -268.283844, 816.400085, -174.982086, 1, 0, 0, 0, 4.00
M, 106576042, 5, -176.452484, 810.670410, -162.368790, 1, 0, 0, 0, 3.34
M, 106576042, 6, -152.798248, 811.611938, -163.478745, 1, 0, 0, 0, 4.00
M, 106576042, 7, -130.011459, 811.072205, -167.782349, 1, 0, 0, 0, 4.00
M, 106577083, 0, -313.138916, 818.599976, -181.379868, 1, 0, 0, 0, 4.00
M, 106577083, 1, -240.836044, 809.902344, -165.858444, 1, 0, 0, 0, 4.00
M, 106577083, 2, -316.184601, 816.990906, -223.995758, 1, 0, 0, 0, 3.55
M, 106577083, 3, -211.838318, 810.051208, -161.426361, 1, 0, 0, 0, 4.00
M, 106577083, 4, -268.284332, 816.401062, -174.983398, 1, 0, 0, 0, 4.00
M, 106577083, 5, -176.458084, 810.667725, -162.373978, 1, 0, 0, 0, 4.00
M, 106577083, 6, -152.797180, 811.611633, -163.482925, 1, 0, 0, 0, 3.52
M, 106577083, 7, -130.011871, 811.071899, -167.783691, 1, 0, 0, 0, 4.00
M, 106578125, 0, -313.138794, 818.601196, -181.379517, 1, 0, 0, 0, 4.00
M, 106578125, 1, -240.836929, 809.903259, -165.858612, 1, 0, 0, 0, 4.00
M, 106578125, 2, -316.186859, 816.990112, -223.997604, 1, 0, 0, 0, 4.00
M, 106578125, 3, -211.838852, 810.048767, -161.425079, 1, 0, 0, 0, 3.79
M, 106578125, 4, -268.284760, 816.401917, -174.984619, 1, 0, 0, 0, 4.00
M, 106578125, 5, -176.458710, 810.669067, -162.374161, 1, 0, 0, 0, 4.00
M, 106578125, 6, -152.796585, 811.613098, -163.482956, 1, 0, 0, 0, 4.00
M, 106578125, 7, -130.017181, 811.085693, -167.784836, 1, 0, 0, 0, 3.07
M, 106579167, 0, -313.150726, 818.585022, -181.378860, 1, 0, 0, 0, 3.57
M, 106579167, 1, -240.837799, 809.904236, -165.858826, 1, 0, 0, 0, 4.00
M, 106579167, 2, -316.187347, 816.991150, -223.999390, 1, 0, 0, 0, 4.00
M, 106579167, 3, -211.838852, 810.049927, -161.426331, 1, 0, 0, 0, 4.00
M, 106579167, 4, -268.281006, 816.403809, -174.981674, 1, 0, 0, 0, 3.37
M, 106579167, 5, -176.459366, 810.670410, -162.374313, 1, 0, 0, 0, 4.00
M, 106579167, 6, -152.795868, 811.614136, -163.483932, 1, 0, 0, 0, 4.00
M, 106579167, 7, -130.016769, 811.083191, -167.786194, 1, 0, 0, 0, 4.00
M, 106580208, 0, -313.148560, 818.589417, -181.378510, 1, 0, 0, 0, 4.00
M, 106580208, 1, -240.841049, 809.886780, -165.859116, 1, 0, 0, 0, 3.72
M, 106580208, 2, -316.187927, 816.992432, -224.001190, 1, 0, 0, 0, 4.00
M, 106580208, 3, -211.839005, 810.050293, -161.426926, 1, 0, 0, 0, 4.00
M, 106580208, 4, -268.282074, 816.404663, -174.983643, 1, 0, 0, 0, 4.00
M, 106580208, 5, -176.458557, 810.664307, -162.375290, 1, 0, 0, 0, 3.34
M, 106580208, 6, -152.795120, 811.615356, -163.484955, 1, 0, 0, 0, 4.00
M, 106580208, 7, -130.017654, 811.084534, -167.787476, 1, 0, 0, 0, 4.00
M, 106581250, 0, -313.149689, 818.588989, -181.378052, 1, 0, 0, 0, 4.00
M, 106581250, 1, -240.841522, 809.890625, -165.859299, 1, 0, 0, 0, 4.00
M, 106581250, 2, -316.180176, 816.997009, -223.996002, 1, 0, 0, 0, 3.55
M, 106581250, 3, -211.839096, 810.050659, -161.427521, 1, 0, 0, 0, 4.00
M, 106581250, 4, -268.282074, 816.405579, -174.984421, 1, 0, 0, 0, 4.00
M, 106581250, 5, -176.459427, 810.666992, -162.375290, 1, 0, 0, 0, 4.00
M, 106581250, 6, -152.805878, 811.604614, -163.480576, 1, 0, 0, 0, 3.52
M, 106581250, 7, -130.018555, 811.085999, -167.788757, 1, 0, 0, 0, 4.00
M, 106582292, 0, -313.150848, 818.588440, -181.377609, 1, 0, 0, 0, 4.00
M, 106582292, 1, -240.842651, 809.889587, -165.859543, 1, 0, 0, 0, 4.00
M, 106582292, 2, -316.182098, 816.997620, -223.998917, 1, 0, 0, 0, 4.00
M, 106582292, 3, -211.844696, 810.043152, -161.426208, 1, 0, 0, 0, 3.79
M, 106582292, 4, -268.282074, 816.406616, -174.985245, 1, 0, 0, 0, 4.00
M, 106582292, 5, -176.459930, 810.667419, -162.375565, 1, 0, 0, 0, 4.00
M, 106582292, 6, -152.803268, 811.607727, -163.482483, 1, 0, 0, 0, 4.00
M, 106582292, 7, -130.016998, 811.073853, -167.789902, 1, 0, 0, 0, 3.07
M, 106583333, 0, -313.141846, 818.587341, -181.382080, 1, 0, 0, 0, 3.57
M, 106583333, 1, -240.843781, 809.888367, -165.859741, 1, 0, 0, 0, 4.00
M, 106583333, 2, -316.181732, 816.999207, -223.999939, 1, 0, 0, 0, 4.00
M, 106583333, 3, -211.843918, 810.044800, -161.427155, 1, 0, 0, 0, 4.00
M, 106583333, 4, -268.295593, 816.392090, -174.992584, 1, 0, 0, 0, 3.37
M, 106583333, 5, -176.460403, 810.668030, -162.375793, 1, 0, 0, 0, 4.00
M, 106583333, 6, -152.803802, 811.607544, -163.482864, 1, 0, 0, 0, 4.00
M, 106583333, 7, -130.018341, 811.077454, -167.791245, 1, 0, 0, 0, 4.00
M, 106584375, 0, -313.144623, 818.586853, -181.380859, 1, 0, 0, 0, 4.00
M, 106584375, 1, -240.830170, 809.896851, -165.858017, 1, 0, 0, 0, 3.72
M, 106584375, 2, -316.181366, 817.000732, -224.000946, 1, 0, 0, 0, 4.00
M, 106584375, 3, -211.844635, 810.044373, -161.427521, 1, 0, 0, 0, 4.00
M, 106584375, 4, -268.293335, 816.395691, -174.992279, 1, 0, 0, 0, 4.00
M, 106584375, 5, -176.460052, 810.662537, -162.374512, 1, 0, 0, 0, 3.34
M, 106584375, 6, -152.804306, 811.607422, -163.483337, 1, 0, 0, 0, 4.00
M, 106584375, 7, -130.018967, 811.077393, -167.792526, 1, 0, 0, 0, 4.00
M, 106585417, 0, -313.144745, 818.586182, -181.380951, 1, 0, 0, 0, 4.00
M, 106585417, 1, -240.833740, 809.894165, -165.858521, 1, 0, 0, 0, 4.00
M, 106585417, 2, -316.167542, 817.002258, -224.000107, 1, 0, 0, 0, 3.55
M, 106585417, 3, -211.845352, 810.043884, -161.427933, 1, 0, 0, 0, 4.00
M, 106585417, 4, -268.294769, 816.395203, -174.993774, 1, 0, 0, 0, 4.00
M, 106585417, 5, -176.460648, 810.664124, -162.375000, 1, 0, 0, 0, 4.00
M, 106585417, 6, -152.796295, 811.606750, -163.481018, 1, 0, 0, 0, 3.52
M, 106585417, 7, -130.019623, 811.077271, -167.793823, 1, 0, 0, 0, 4.00
M, 106586458, 0, -313.144806, 818.585693, -181.381042, 1, 0, 0, 0, 4.00
M, 106586458, 1, -240.833267, 809.894165, -165.858551, 1, 0, 0, 0, 4.00
M, 106586458, 2, -316.169403, 817.003906, -224.001480, 1, 0, 0, 0, 4.00
M, 106586458, 3, -211.826874, 810.049805, -161.419739, 1, 0, 0, 0, 3.79
M, 106586458, 4, -268.296265, 816.394653, -174.995285, 1, 0, 0, 0, 4.00
M, 106586458, 5, -176.461060, 810.663940, -162.375046, 1, 0, 0, 0, 4.00
M, 106586458, 6, -152.798203, 811.606750, -163.481918, 1, 0, 0, 0, 4.00
M, 106586458, 7, -130.012054, 811.074402, -167.777344, 1, 0, 0, 0, 3.07
M, 106587500, 0, -313.148682, 818.583191, -181.379761, 1, 0, 0, 0, 3.57
M, 106587500, 1, -240.832764, 809.893982, -165.858521, 1, 0, 0, 0, 4.00
M, 106587500, 2, -316.167542, 817.005493, -224.002289, 1, 0, 0, 0, 4.00
M, 106587500, 3, -211.830811, 810.048157, -161.421585, 1, 0, 0, 0, 4.00
M, 106587500, 4, -268.285217, 816.392700, -174.981201, 1, 0, 0, 0, 3.37
M, 106587500, 5, -176.461472, 810.663818, -162.375137, 1, 0, 0, 0, 4.00
M, 106587500, 6, -152.797775, 811.606506, -163.482025, 1, 0, 0, 0, 4.00
M, 106587500, 7, -130.014084, 811.074707, -167.781586, 1, 0, 0, 0, 4.00
M, 106588542, 0, -313.148102, 818.582947, -181.380051, 1, 0, 0, 0, 4.00
M, 106588542, 1, -240.838547, 809.889771, -165.864273, 1, 0, 0, 0, 3.72
M, 106588542, 2, -316.165649, 817.007141, -224.003098, 1, 0, 0, 0, 4.00
M, 106588542, 3, -211.829407, 810.048340, -161.421021, 1, 0, 0, 0, 4.00
M, 106588542, 4, -268.288757, 816.392334, -174.985306, 1, 0, 0, 0, 4.00
M, 106588542, 5, -176.441330, 810.663635, -162.366119, 1, 0, 0, 0, 3.34
M, 106588542, 6, -152.797394, 811.606323, -163.482147, 1, 0, 0, 0, 4.00
M, 106588542, 7, -130.013840, 811.074341, -167.780960, 1, 0, 0, 0, 4.00
M, 106589583, 0, -313.148560, 818.582214, -181.380020, 1, 0, 0, 0, 4.00
M, 106589583, 1, -240.837021, 809.890381, -165.863297, 1, 0, 0, 0, 4.00
M, 106589583, 2, -316.168610, 816.992798, -223.991623, 1, 0, 0, 0, 3.55
M, 106589583, 3, -211.828064, 810.048523, -161.420486, 1, 0, 0, 0, 4.00
M, 106589583, 4, -268.288818, 816.391541, -174.985107, 1, 0, 0, 0, 4.00
M, 106589583, 5, -176.445145, 810.663574, -162.367722, 1, 0, 0, 0, 4.00
M, 106589583, 6, -152.787048, 811.614014, -163.467194, 1, 0, 0, 0, 3.52
M, 106589583, 7, -130.013550, 811.073853, -167.780304, 1, 0, 0, 0, 4.00
M, 106590625, 0, -313.149109, 818.581543, -181.379990, 1, 0, 0, 0, 4.00
M, 106590625, 1, -240.837234, 809.889893, -165.863953, 1, 0, 0, 0, 4.00
M, 106590625, 2, -316.165985, 816.996948, -223.994507, 1, 0, 0, 0, 4.00
M, 106590625, 3, -211.842194, 810.042847, -161.417923, 1, 0, 0, 0, 3.79
M, 106590625, 4, -268.288910, 816.390808, -174.984924, 1, 0, 0, 0, 4.00
M, 106590625, 5, -176.443298, 810.663269, -162.366821, 1, 0, 0, 0, 4.00
M, 106590625, 6, -152.788239, 811.612488, -163.469818, 1, 0, 0, 0, 4.00
M, 106590625, 7, -130.012955, 811.072388, -167.776657, 1, 0, 0, 0, 3.07
M, 106591667, 0, -313.153107, 818.587769, -181.383713, 1, 0, 0, 0, 3.57
M, 106591667, 1, -240.837418, 809.889404, -165.864548, 1, 0, 0, 0, 4.00
M, 106591667, 2, -316.164673, 816.996704, -223.993973, 1, 0, 0, 0, 4.00
M, 106591667, 3, -211.838287, 810.044067, -161.417740, 1, 0, 0, 0, 4.00
M, 106591667, 4, -268.278381, 816.390015, -174.977737, 1, 0, 0, 0, 3.37
M, 106591667, 5, -176.441452, 810.663086, -162.365936, 1, 0, 0, 0, 4.00
M, 106591667, 6, -152.786789, 811.613098, -163.468262, 1, 0, 0, 0, 4.00
M, 106591667, 7, -130.012802, 811.072083, -167.776550, 1, 0, 0, 0, 4.00
M, 106592708, 0, -313.152985, 818.585815, -181.383026, 1, 0, 0, 0, 4.00
M, 106592708, 1, -240.838959, 809.911926, -165.886307, 1, 0, 0, 0, 3.72
M, 106592708, 2, -316.163361, 816.996521, -223.993469, 1, 0, 0, 0, 4.00
M, 106592708, 3, -211.838593, 810.043640, -161.416992, 1, 0, 0, 0, 4.00
M, 106592708, 4, -268.280151, 816.389404, -174.978699, 1, 0, 0, 0, 4.00
M, 106592708, 5, -176.460556, 810.655762, -162.370224, 1, 0, 0, 0, 3.34
M, 106592708, 6, -152.785294, 811.613647, -163.466736, 1, 0, 0, 0, 4.00
M, 106592708, 7, -130.012527, 811.071472, -167.775589, 1, 0, 0, 0, 4.00
M, 106593750, 0, -313.153870, 818.585754, -181.383392, 1, 0, 0, 0, 4.00
M, 106593750, 1, -240.838898, 809.907715, -165.883438, 1, 0, 0, 0, 4.00
M, 106593750, 2, -316.193298, 816.966370, -224.002380, 1, 0, 0, 0, 3.98
M, 106593750, 3, -211.838913, 810.043335, -161.416229, 1, 0, 0, 0, 4.00
M, 106593750, 4, -268.279083, 816.388611, -174.977707, 1, 0, 0, 0, 4.00
M, 106593750, 5, -176.455276, 810.656799, -162.368439, 1, 0, 0, 0, 4.00
M, 106593750, 6, -152.799362, 811.606384, -163.476425, 1, 0, 0, 0, 3.52
M, 106593750, 7, -130.012268, 811.070801, -167.774643, 1, 0, 0, 0, 4.00
M, 106594792, 0, -313.154755, 818.585632, -181.383743, 1, 0, 0, 0, 4.00
M, 106594792, 1, -240.839264, 809.909607, -165.886368, 1, 0, 0, 0, 4.00
M, 106594792, 2, -316.186798, 816.971130, -224.000290, 1, 0, 0, 0, 4.00
M, 106594792, 3, -211.843689, 810.033142, -161.417267, 1, 0, 0, 0, 3.79
M, 106594792, 4, -268.278015, 816.387878, -174.976761, 1, 0, 0, 0, 4.00
M, 106594792, 5, -176.455688, 810.655823, -162.368073, 1, 0, 0, 0, 4.00
M, 106594792, 6, -152.795303, 811.608276, -163.473083, 1, 0, 0, 0, 4.00
M, 106594792, 7, -130.010803, 811.064697, -167.773178, 1, 0, 0, 0, 3.07
M, 106595833, 0, -313.157166, 818.578308, -181.386734, 1, 0, 0, 0, 3.57
M, 106595833, 1, -240.839615, 809.911621, -165.889282, 1, 0, 0, 0, 4.00
M, 106595833, 2, -316.188873, 816.967590, -224.000824, 1, 0, 0, 0, 4.00
M, 106595833, 3, -211.843323, 810.034180, -161.416260, 1, 0, 0, 0, 4.00
M, 106595833, 4, -268.289276, 816.384033, -174.985519, 1, 0, 0, 0, 3.37
M, 106595833, 5, -176.456177, 810.654968, -162.367752, 1, 0, 0, 0, 4.00
M, 106595833, 6, -152.795547, 811.607971, -163.472824, 1, 0, 0, 0, 4.00
M, 106595833, 7, -130.010712, 811.065063, -167.772247, 1, 0, 0, 0, 4.00
M, 106596875, 0, -313.157806, 818.579468, -181.386673, 1, 0, 0, 0, 4.00
M, 106596875, 1, -240.829453, 809.906677, -165.872467, 1, 0, 0, 0, 3.72
M, 106596875, 2, -316.190979, 816.964233, -224.001328, 1, 0, 0, 0, 4.00
M, 106596875, 3, -211.844131, 810.032715, -161.415710, 1, 0, 0, 0, 4.00
M, 106596875, 4, -268.286194, 816.383850, -174.982925, 1, 0, 0, 0, 4.00
M, 106596875, 5, -176.459564, 810.648560, -162.377258, 1, 0, 0, 0, 3.34
M, 106596875, 6, -152.795776, 811.607727, -163.472519, 1, 0, 0, 0, 4.00
M, 106596875, 7, -130.010330, 811.063843, -167.771271, 1, 0, 0, 0, 4.00
M, 106597917, 0, -313.158875, 818.578552, -181.387390, 1, 0, 0, 0, 4.00
M, 106597917, 1, -240.831512, 809.909973, -165.878677, 1, 0, 0, 0, 4.00
M, 106597917, 2, -316.173981, 816.981018, -223.990250, 1, 0, 0, 0, 3.55
M, 106597917, 3, -211.844940, 810.031189, -161.415176, 1, 0, 0, 0, 4.00
M, 106597917, 4, -268.286407, 816.382751, -174.983047, 1, 0, 0, 0, 4.00
M, 106597917, 5, -176.459503, 810.648499, -162.375290, 1, 0, 0, 0, 4.00
M, 106597917, 6, -152.784393, 811.608765, -163.468826, 1, 0, 0, 0, 3.52
M, 106597917, 7, -130.009918, 811.062683, -167.770233, 1, 0, 0, 0, 4.00
M, 106598958, 0, -313.159943, 818.577637, -181.388046, 1, 0, 0, 0, 4.00
M, 106598958, 1, -240.830704, 809.911133, -165.879456, 1, 0, 0, 0, 4.00
M, 106598958, 2, -316.179230, 816.974243, -223.992661, 1, 0, 0, 0, 4.00
M, 106598958, 3, -211.847076, 810.033264, -161.421982, 1, 0, 0, 0, 3.79
M, 106598958, 4, -268.286713, 816.381836, -174.983170, 1, 0, 0, 0, 4.00
M, 106598958, 5, -176.460281, 810.647156, -162.376068, 1, 0, 0, 0, 4.00
M, 106598958, 6, -152.786514, 811.608398, -163.469101, 1, 0, 0, 0, 4.00
M, 106598958, 7, -130.014679, 811.061218, -167.780838, 1, 0, 0, 0, 3.07
M, 106600000, 0, -313.140167, 818.580872, -181.387802, 1, 0, 0, 0, 3.57
M, 106600000, 1, -240.829895, 809.912476, -165.880219, 1, 0, 0, 0, 4.00
M, 106600000, 2, -316.179230, 816.972900, -223.991913, 1, 0, 0, 0, 4.00
M, 106600000, 3, -211.847687, 810.031189, -161.420181, 1, 0, 0, 0, 4.00
M, 106600000, 4, -268.282654, 816.382507, -174.978394, 1, 0, 0, 0, 3.37
M, 106600000, 5, -176.461060, 810.645569, -162.376785, 1, 0, 0, 0, 4.00
M, 106600000, 6, -152.785416, 811.608398, -163.468384, 1, 0, 0, 0, 4.00
M, 106600000, 7, -130.013397, 811.060059, -167.777893, 1, 0, 0, 0, 4.00
M, 106601042, 0, -313.144623, 818.579468, -181.388641, 1, 0, 0, 0, 4.00
M, 106601042, 1, -240.818695, 809.918640, -165.870743, 1, 0, 0, 0, 3.72
M, 106601042, 2, -316.179230, 816.971741, -223.991226, 1, 0, 0, 0, 4.00
M, 106601042, 3, -211.848633, 810.030151, -161.420425, 1, 0, 0, 0, 4.00
M, 106601042, 4, -268.283691, 816.381104, -174.979294, 1, 0, 0, 0, 4.00
M, 106601042, 5, -176.452179, 810.649109, -162.377502, 1, 0, 0, 0, 3.34
M, 106601042, 6, -152.784363, 811.608337, -163.467728, 1, 0, 0, 0, 4.00
M, 106601042, 7, -130.013550, 811.058899, -167.778091, 1, 0, 0, 0, 4.00
M, 106602083, 0, -313.143433, 818.579041, -181.389206, 1, 0, 0, 0, 4.00
M, 106602083, 1, -240.819641, 809.919067, -165.873215, 1, 0, 0, 0, 4.00
M, 106602083, 2, -316.152039, 816.977966, -223.973053, 1, 0, 0, 0, 3.55
M, 106602083, 3, -211.849594, 810.029053, -161.420700, 1, 0, 0, 0, 4.00
M, 106602083, 4, -268.283447, 816.380127, -174.978867, 1, 0, 0, 0, 4.00
M, 106602083, 5, -176.454559, 810.646729, -162.378235, 1, 0, 0, 0, 4.00
M, 106602083, 6, -152.788330, 811.607544, -163.472015, 1, 0, 0, 0, 3.52
M, 106602083, 7, -130.013702, 811.057739, -167.778366, 1, 0, 0, 0, 4.00
M, 106603125, 0, -313.142242, 818.578613, -181.389771, 1, 0, 0, 0, 4.00
M, 106603125, 1, -240.817688, 809.920898, -165.872864, 1, 0, 0, 0, 4.00
M, 106603125, 2, -316.156586, 816.975403, -223.975174, 1, 0, 0, 0, 4.00
M, 106603125, 3, -211.829712, 810.036560, -161.421799, 1, 0, 0, 0, 3.79
M, 106603125, 4, -268.283264, 816.379272, -174.978455, 1, 0, 0, 0, 4.00
M, 106603125, 5, -176.454300, 810.645691, -162.378983, 1, 0, 0, 0, 4.00
M, 106603125, 6, -152.786392, 811.607605, -163.470520, 1, 0, 0, 0, 4.00
M, 106603125, 7, -129.999451, 811.062683, -167.771301, 1, 0, 0, 0, 3.07
M, 106604167, 0, -313.142914, 818.577515, -181.393738, 1, 0, 0, 0, 3.57
M, 106604167, 1, -240.815781, 809.922729, -165.872528, 1, 0, 0, 0, 4.00
M, 106604167, 2, -316.153595, 816.975037, -223.972488, 1, 0, 0, 0, 4.00
M, 106604167, 3, -211.834091, 810.033936, -161.421890, 1, 0, 0, 0, 4.00
M, 106604167, 4, -268.286194, 816.369446, -174.991333, 1, 0, 0, 0, 3.37
M, 106604167, 5, -176.453995, 810.644836, -162.379700, 1, 0, 0, 0, 4.00
M, 106604167, 6, -152.785919, 811.607422, -163.470413, 1, 0, 0, 0, 4.00
M, 106604167, 7, -130.001984, 811.060364, -167.772797, 1, 0, 0, 0, 4.00
M, 106605208, 0, -313.141296, 818.577209, -181.393738, 1, 0, 0, 0, 4.00
M, 106605208, 1, -240.825760, 809.907043, -165.879745, 1, 0, 0, 0, 3.72
M, 106605208, 2, -316.150604, 816.974854, -223.969833, 1, 0, 0, 0, 4.00
M, 106605208, 3, -211.832779, 810.033752, -161.422211, 1, 0, 0, 0, 4.00
M, 106605208, 4, -268.285461, 816.369995, -174.988678, 1, 0, 0, 0, 4.00
M, 106605208, 5, -176.462311, 810.651245, -162.386139, 1, 0, 0, 0, 3.34
M, 106605208, 6, -152.785416, 811.607239, -163.470261, 1, 0, 0, 0, 4.00
M, 106605208, 7, -130.000580, 811.059814, -167.772217, 1, 0, 0, 0, 4.00
M, 106606250, 0, -313.140350, 818.576904, -181.394653, 1, 0, 0, 0, 4.00
M, 106606250, 1, -240.821793, 809.911804, -165.878143, 1, 0, 0, 0, 4.00
M, 106606250, 2, -316.158020, 816.983398, -223.997253, 1, 0, 0, 0, 3.55
M, 106606250, 3, -211.831467, 810.033508, -161.422546, 1, 0, 0, 0, 4.00
M, 106606250, 4, -268.285645, 816.368103, -174.989716, 1, 0, 0, 0, 4.00
M, 106606250, 5, -176.460648, 810.649109, -162.385956, 1, 0, 0, 0, 4.00
M, 106606250, 6, -152.793167, 811.599670, -163.475952, 1, 0, 0, 0, 3.52
M, 106606250, 7, -129.999146, 811.059326, -167.771652, 1, 0, 0, 0, 4.00
M, 106607292, 0, -313.139282, 818.576477, -181.395584, 1, 0, 0, 0, 4.00
M, 106607292, 1, -240.821167, 809.911682, -165.878586, 1, 0, 0, 0, 4.00
M, 106607292, 2, -316.153290, 816.981384, -223.989624, 1, 0, 0, 0, 4.00
M, 106607292, 3, -211.838852, 810.040161, -161.435837, 1, 0, 0, 0, 3.79
M, 106607292, 4, -268.285767, 816.366272, -174.990738, 1, 0, 0, 0, 4.00
M, 106607292, 5, -176.461304, 810.648987, -162.387299, 1, 0, 0, 0, 4.00
M, 106607292, 6, -152.791275, 811.600708, -163.474884, 1, 0, 0, 0, 4.00
M, 106607292, 7, -130.011856, 811.060669, -167.791565, 1, 0, 0, 0, 3.07
M, 106608333, 0, -313.136169, 818.580811, -181.391678, 1, 0, 0, 0, 3.57
M, 106608333, 1, -240.820541, 809.911560, -165.879059, 1, 0, 0, 0, 4.00
M, 106608333, 2, -316.151459, 816.981995, -223.990280, 1, 0, 0, 0, 4.00
M, 106608333, 3, -211.836121, 810.038818, -161.434021, 1, 0, 0, 0, 4.00
M, 106608333, 4, -268.283081, 816.376770, -174.989655, 1, 0, 0, 0, 3.37
M, 106608333, 5, -176.461899, 810.648865, -162.388641, 1, 0, 0, 0, 4.00
M, 106608333, 6, -152.791641, 811.599731, -163.475357, 1, 0, 0, 0, 4.00
M, 106608333, 7, -130.008118, 811.059753, -167.787628, 1, 0, 0, 0, 4.00
M, 106609375, 0, -313.135468, 818.579651, -181.393402, 1, 0, 0, 0, 4.00
M, 106609375, 1, -240.820724, 809.908569, -165.870270, 1, 0, 0, 0, 3.72
M, 106609375, 2, -316.149597, 816.982605, -223.990875, 1, 0, 0, 0, 4.00
M, 106609375, 3, -211.835785, 810.039368, -161.435806, 1, 0, 0, 0, 4.00
M, 106609375, 4, -268.283691, 816.372742, -174.991028, 1, 0, 0, 0, 4.00
M, 106609375, 5, -176.455368, 810.653381, -162.383392, 1, 0, 0, 0, 3.34
M, 106609375, 6, -152.792023, 811.598816, -163.475861, 1, 0, 0, 0, 4.00
M, 106609375, 7, -130.008240, 811.059509, -167.789307, 1, 0, 0, 0, 4.00
M, 106610417, 0, -313.134277, 818.579712, -181.393814, 1, 0, 0, 0, 4.00
M, 106610417, 1, -240.819977, 809.908936, -165.872299, 1, 0, 0, 0, 4.00
M, 106610417, 2, -316.147888, 816.982788, -223.988754, 1, 0, 0, 0, 3.55
M, 106610417, 3, -211.835434, 810.039917, -161.437592, 1, 0, 0, 0, 4.00
M, 106610417, 4, -268.283508, 816.372192, -174.991867, 1, 0, 0, 0, 4.00
M, 106610417, 5, -176.457184, 810.652588, -162.385834, 1, 0, 0, 0, 4.00
M, 106610417, 6, -152.795151, 811.608398, -163.478180, 1, 0, 0, 0, 3.52
M, 106610417, 7, -130.008362, 811.059143, -167.790970, 1, 0, 0, 0, 4.00
M, 106611458, 0, -313.133026, 818.579712, -181.394241, 1, 0, 0, 0, 4.00
M, 106611458, 1, -240.819412, 809.908508, -165.871735, 1, 0, 0, 0, 4.00
M, 106611458, 2, -316.146027, 816.983459, -223.989853, 1, 0, 0, 0, 4.00
M, 106611458, 3, -211.822937, 810.047485, -161.427490, 1, 0, 0, 0, 3.96
M, 106611458, 4, -268.283386, 816.371582, -174.992645, 1, 0, 0, 0, 4.00
M, 106611458, 5, -176.457062, 810.653015, -162.386444, 1, 0, 0, 0, 4.00
M, 106611458, 6, -152.795044, 811.605774, -163.478363, 1, 0, 0, 0, 4.00
M, 106611458, 7, -130.005356, 811.072876, -167.784805, 1, 0, 0, 0, 3.07
M, 106612500, 0, -313.140228, 818.582642, -181.394028, 1, 0, 0, 0, 3.57
M, 106612500, 1, -240.818878, 809.908142, -165.871216, 1, 0, 0, 0, 4.00
M, 106612500, 2, -316.144226, 816.983887, -223.990189, 1, 0, 0, 0, 4.00
M, 106612500, 3, -211.824585, 810.046814, -161.431213, 1, 0, 0, 0, 4.00
M, 106612500, 4, -268.280334, 816.380737, -174.987457, 1, 0, 0, 0, 3.37
M, 106612500, 5, -176.456894, 810.653442, -162.387100, 1, 0, 0, 0, 4.00
M, 106612500, 6, -152.795715, 811.605957, -163.479080, 1, 0, 0, 0, 4.00
M, 106612500, 7, -130.006042, 811.070129, -167.787781, 1, 0, 0, 0, 4.00
M, 106613542, 0, -313.137665, 818.582214, -181.394562, 1, 0, 0, 0, 4.00
M, 106613542, 1, -240.830612, 809.890808, -165.876526, 1, 0, 0, 0, 3.72
M, 106613542, 2, -316.142395, 816.984497, -223.990509, 1, 0, 0, 0, 4.00
M, 106613542, 3, -211.822891, 810.048218, -161.431625, 1, 0, 0, 0, 4.00
M, 106613542, 4, -268.280640, 816.378723, -174.989212, 1, 0, 0, 0, 4.00
M, 106613542, 5, -176.455582, 810.655273, -162.385757, 1, 0, 0, 0, 3.34
M, 106613542, 6, -152.796402, 811.606140, -163.479767, 1, 0, 0, 0, 4.00
M, 106613542, 7, -130.005798, 811.071472, -167.788589, 1, 0, 0, 0, 4.00
M, 106614583, 0, -313.137360, 818.582520, -181.394897, 1, 0, 0, 0, 4.00
M, 106614583, 1, -240.828049, 809.893188, -165.875061, 1, 0, 0, 0, 4.00
M, 106614583, 2, -316.164093, 816.983826, -223.994308, 1, 0, 0, 0, 3.55
M, 106614583, 3, -211.821182, 810.049622, -161.432114, 1, 0, 0, 0, 4.00
M, 106614583, 4, -268.280151, 816.379272, -174.989365, 1, 0, 0, 0, 4.00
M, 106614583, 5, -176.455612, 810.655396, -162.386673, 1, 0, 0, 0, 4.00
M, 106614583, 6, -152.801834, 811.599060, -163.485550, 1, 0, 0, 0, 3.52
M, 106614583, 7, -130.005554, 811.072632, -167.789413, 1, 0, 0, 0, 4.00
M, 106615625, 0, -313.137054, 818.582886, -181.395248, 1, 0, 0, 0, 4.00
M, 106615625, 1, -240.828888, 809.890808, -165.875214, 1, 0, 0, 0, 4.00
M, 106615625, 2, -316.158356, 816.984558, -223.994034, 1, 0, 0, 0, 4.00
M, 106615625, 3, -211.838974, 810.036560, -161.440094, 1, 0, 0, 0, 3.79
M, 106615625, 4, -268.279694, 816.379700, -174.989487, 1, 0, 0, 0, 4.00
M, 106615625, 5, -176.455399, 810.655884, -162.387100, 1, 0, 0, 0, 4.00
M, 106615625, 6, -152.801834, 811.600403, -163.485489, 1, 0, 0, 0, 4.00
M, 106615625, 7, -130.012421, 811.071777, -167.789780, 1, 0, 0, 0, 3.07
M, 106616667, 0, -313.144348, 818.586304, -181.392212, 1, 0, 0, 0, 3.57
M, 106616667, 1, -240.829666, 809.888550, -165.875275, 1, 0, 0, 0, 4.00
M, 106616667, 2, -316.159088, 816.985046, -223.994720, 1, 0, 0, 0, 4.00
M, 106616667, 3, -211.834030, 810.040344, -161.439285, 1, 0, 0, 0, 4.00
M, 106616667, 4, -268.298096, 816.377747, -174.990494, 1, 0, 0, 0, 3.37
M, 106616667, 5, -176.455093, 810.656311, -162.387512, 1, 0, 0, 0, 4.00
M, 106616667, 6, -152.803024, 811.599854, -163.486740, 1, 0, 0, 0, 4.00
M, 106616667, 7, -130.011017, 811.073486, -167.790665, 1, 0, 0, 0, 4.00
M, 106617708, 0, -313.142792, 818.586182, -181.393112, 1, 0, 0, 0, 4.00
M, 106617708, 1, -240.821793, 809.909973, -165.878143, 1, 0, 0, 0, 3.72
M, 106617708, 2, -316.159851, 816.985474, -223.995468, 1, 0, 0, 0, 4.00
M, 106617708, 3, -211.834412, 810.040161, -161.440567, 1, 0, 0, 0, 4.00
M, 106617708, 4, -268.294525, 816.378784, -174.990463, 1, 0, 0, 0, 4.00
M, 106617708, 5, -176.460617, 810.663574, -162.391296, 1, 0, 0, 0, 3.34
M, 106617708, 6, -152.804214, 811.599243, -163.487991, 1, 0, 0, 0, 4.00
M, 106617708, 7, -130.011551, 811.074585, -167.791443, 1, 0, 0, 0, 4.00
M, 106618750, 0, -313.143219, 818.587158, -181.393051, 1, 0, 0, 0, 4.00
M, 106618750, 1, -240.824066, 809.903687, -165.877777, 1, 0, 0, 0, 4.00
M, 106618750, 2, -316.157104, 816.983765, -223.995102, 1, 0, 0, 0, 3.55
M, 106618750, 3, -211.834869, 810.039978, -161.441849, 1, 0, 0, 0, 4.00
M, 106618750, 4, -268.296082, 816.379028, -174.990677, 1, 0, 0, 0, 4.00
M, 106618750, 5, -176.459396, 810.662964, -162.391144, 1, 0, 0, 0, 4.00
M, 106618750, 6, -152.804428, 811.599731, -163.483932, 1, 0, 0, 0, 3.52
M, 106618750, 7, -130.012085, 811.075623, -167.792221, 1, 0, 0, 0, 4.00
M, 106619792, 0, -313.143738, 818.587830, -181.393021, 1, 0, 0, 0, 4.00
M, 106619792, 1, -240.823883, 809.903931, -165.878189, 1, 0, 0, 0, 4.00
M, 106619792, 2, -316.158417, 816.984619, -223.995941, 1, 0, 0, 0, 4.00
M, 106619792, 3, -211.827835, 810.047241, -161.429245, 1, 0, 0, 0, 3.79
M, 106619792, 4, -268.297699, 816.379272, -174.990936, 1, 0, 0, 0, 4.00
M, 106619792, 5, -176.459717, 810.664368, -162.391891, 1, 0, 0, 0, 4.00
M, 106619792, 6, -152.805771, 811.598999, -163.486053, 1, 0, 0, 0, 4.00
M, 106619792, 7, -130.014801, 811.066223, -167.787872, 1, 0, 0, 0, 3.07
M, 106620833, 0, -313.149628, 818.590149, -181.399094, 1, 0, 0, 0, 3.57
M, 106620833, 1, -240.823761, 809.904236, -165.878616, 1, 0, 0, 0, 4.00
M, 106620833, 2, -316.158783, 816.984802, -223.996475, 1, 0, 0, 0, 4.00
M, 106620833, 3, -211.829498, 810.045898, -161.432846, 1, 0, 0, 0, 4.00
M, 106620833, 4, -268.279022, 816.399170, -174.986801, 1, 0, 0, 0, 3.37
M, 106620833, 5, -176.460114, 810.665588, -162.392700, 1, 0, 0, 0, 4.00
M, 106620833, 6, -152.806870, 811.598511, -163.486740, 1, 0, 0, 0, 4.00
M, 106620833, 7, -130.014984, 811.068970, -167.789474, 1, 0, 0, 0, 4.00
M, 106621875, 0, -313.149292, 818.590637, -181.398056, 1, 0, 0, 0, 4.00
M, 106621875, 1, -240.836334, 809.900452, -165.873993, 1, 0, 0, 0, 3.72
M, 106621875, 2, -316.159088, 816.984985, -223.997131, 1, 0, 0, 0, 4.00
M, 106621875, 3, -211.829086, 810.046509, -161.432587, 1, 0, 0, 0, 4.00
M, 106621875, 4, -268.283966, 816.396179, -174.987747, 1, 0, 0, 0, 4.00
M, 106621875, 5, -176.442459, 810.671021, -162.374283, 1, 0, 0, 0, 3.34
M, 106621875, 6, -152.807938, 811.598083, -163.487396, 1, 0, 0, 0, 4.00
M, 106621875, 7, -130.015717, 811.068909, -167.789658, 1, 0, 0, 0, 4.00
M, 106622917, 0, -313.150360, 818.591614, -181.398712, 1, 0, 0, 0, 4.00
M, 106622917, 1, -240.834106, 809.901428, -165.875214, 1, 0, 0, 0, 4.00
M, 106622917, 2, -316.158173, 817.002502, -223.995285, 1, 0, 0, 0, 3.55
M, 106622917, 3, -211.828690, 810.047180, -161.432373, 1, 0, 0, 0, 4.00
M, 106622917, 4, -268.283386, 816.398438, -174.987518, 1, 0, 0, 0, 4.00
M, 106622917, 5, -176.445770, 810.671631, -162.378204, 1, 0, 0, 0, 4.00
M, 106622917, 6, -152.794174, 811.608398, -163.476105, 1, 0, 0, 0, 3.52
M, 106622917, 7, -130.016525, 811.068665, -167.789902, 1, 0, 0, 0, 4.00
M, 106623958, 0, -313.151428, 818.592529, -181.399307, 1, 0, 0, 0, 4.00
M, 106623958, 1, -240.835358, 809.901245, -165.875092, 1, 0, 0, 0, 4.00
M, 106623958, 2, -316.158783, 816.999878, -223.996231, 1, 0, 0, 0, 4.00
M, 106623958, 3, -211.837280, 810.056091, -161.432648, 1, 0, 0, 0, 3.79
M, 106623958, 4, -268.282715, 816.400879, -174.987274, 1, 0, 0, 0, 4.00
M, 106623958, 5, -176.444138, 810.673401, -162.376907, 1, 0, 0, 0, 4.00
M, 106623958, 6, -152.797745, 811.606201, -163.478745, 1, 0, 0, 0, 4.00
M, 106623958, 7, -130.005920, 811.074219, -167.778152, 1, 0, 0, 0, 3.07
M, 106625000, 0, -313.153931, 818.582397, -181.393814, 1, 0, 0, 0, 3.57
M, 106625000, 1, -240.836578, 809.901062, -165.874924, 1, 0, 0, 0, 4.00
M, 106625000, 2, -316.158966, 817.001892, -223.996597, 1, 0, 0, 0, 4.00
M, 106625000, 3, -211.835403, 810.055298, -161.432312, 1, 0, 0, 0, 4.00
M, 106625000, 4, -268.284760, 816.399536, -174.988297, 1, 0, 0, 0, 3.37
M, 106625000, 5, -176.442520, 810.675171, -162.375595, 1, 0, 0, 0, 4.00
M, 106625000, 6, -152.797241, 811.606750, -163.478119, 1, 0, 0, 0, 4.00
M, 106625000, 7, -130.008545, 811.073181, -167.780304, 1, 0, 0, 0, 4.00
M, 106626042, 0, -313.154755, 818.585022, -181.395493, 1, 0, 0, 0, 4.00
M, 106626042, 1, -240.827164, 809.914673, -165.877243, 1, 0, 0, 0, 3.72
M, 106626042, 2, -316.159210, 817.004028, -223.996948, 1, 0, 0, 0, 4.00
M, 106626042, 3, -211.835968, 810.056824, -161.432114, 1, 0, 0, 0, 4.00
M, 106626042, 4, -268.283691, 816.402466, -174.987808, 1, 0, 0, 0, 4.00
M, 106626042, 5, -176.459183, 810.659729, -162.371887, 1, 0, 0, 0, 3.34
M, 106626042, 6, -152.796738, 811.607422, -163.477524, 1, 0, 0, 0, 4.00
M, 106626042, 7, -130.008087, 811.073669, -167.779221, 1, 0, 0, 0, 4.00
M, 106627083, 0, -313.156067, 818.584778, -181.395432, 1, 0, 0, 0, 4.00
M, 106627083, 1, -240.830200, 809.912292, -165.876709, 1, 0, 0, 0, 4.00
M, 106627083, 2, -316.151093, 817.015686, -223.996292, 1, 0, 0, 0, 3.55
M, 106627083, 3, -211.836533, 810.058533, -161.431931, 1, 0, 0, 0, 4.00
M, 106627083, 4, -268.283386, 816.404358, -174.987747, 1, 0, 0, 0, 4.00
M, 106627083, 5, -176.454559, 810.664307, -162.370972, 1, 0, 0, 0, 4.00
M, 106627083, 6, -152.800461, 811.606567, -163.468445, 1, 0, 0, 0, 3.52
M, 106627083, 7, -130.007645, 811.074158, -167.778091, 1, 0, 0, 0, 4.00
M, 106628125, 0, -313.157257, 818.584595, -181.395432, 1, 0, 0, 0, 4.00
M, 106628125, 1, -240.830261, 809.913635, -165.876831, 1, 0, 0, 0, 4.00
M, 106628125, 2, -316.152649, 817.016174, -223.996780, 1, 0, 0, 0, 4.00
M, 106628125, 3, -211.831589, 810.055542, -161.424774, 1, 0, 0, 0, 3.79
M, 106628125, 4, -268.283020, 816.406372, -174.987640, 1, 0, 0, 0, 4.00
M, 106628125, 5, -176.454926, 810.664185, -162.369385, 1, 0, 0, 0, 4.00
M, 106628125, 6, -152.799271, 811.607422, -163.469208, 1, 0, 0, 0, 4.00
M, 106628125, 7, -130.019333, 811.063904, -167.779343, 1, 0, 0, 0, 3.07
M, 106629167, 0, -313.146484, 818.600586, -181.402496, 1, 0, 0, 0, 3.57
M, 106629167, 1, -240.830322, 809.914917, -165.876938, 1, 0, 0, 0, 4.00
M, 106629167, 2, -316.151917, 817.019470, -223.996979, 1, 0, 0, 0, 4.00
M, 106629167, 3, -211.833099, 810.057739, -161.425735, 1, 0, 0, 0, 4.00
M, 106629167, 4, -268.294647, 816.394043, -174.988403, 1, 0, 0, 0, 3.56
M, 106629167, 5, -176.455338, 810.664063, -162.367783, 1, 0, 0, 0, 4.00
M, 106629167, 6, -152.799210, 811.607910, -163.467667, 1, 0, 0, 0, 4.00
M, 106629167, 7, -130.016830, 811.066223, -167.777863, 1, 0, 0, 0, 4.00
M, 106630208, 0, -313.149750, 818.597595, -181.401276, 1, 0, 0, 0, 4.00
M, 106630208, 1, -240.842712, 809.913879, -165.873123, 1, 0, 0, 0, 3.72
M, 106630208, 2, -316.151215, 817.022644, -223.997192, 1, 0, 0, 0, 4.00
M, 106630208, 3, -211.833130, 810.058838, -161.424835, 1, 0, 0, 0, 4.00
M, 106630208, 4, -268.292389, 816.398376, -174.988174, 1, 0, 0, 0, 4.00
M, 106630208, 5, -176.463272, 810.669128, -162.375763, 1, 0, 0, 0, 3.34
M, 106630208, 6, -152.799088, 811.608521, -163.466080, 1, 0, 0, 0, 4.00
M, 106630208, 7, -130.017685, 811.065552, -167.777023, 1, 0, 0, 0, 4.00
M, 106631250, 0, -313.149628, 818.599121, -181.402054, 1, 0, 0, 0, 4.00
M, 106631250, 1, -240.840805, 809.915527, -165.873932, 1, 0, 0, 0, 4.00
M, 106631250, 2, -316.162781, 817.014282, -223.990036, 1, 0, 0, 0, 3.55
M, 106631250, 3, -211.833130, 810.059753, -161.423889, 1, 0, 0, 0, 4.00
M, 106631250, 4, -268.293335, 816.398804, -174.988174, 1, 0, 0, 0, 4.00
M, 106631250, 5, -176.462372, 810.668091, -162.372604, 1, 0, 0, 0, 4.00
M, 106631250, 6, -152.800705, 811.608704, -163.470322, 1, 0, 0, 0, 3.52
M, 106631250, 7, -130.018524, 811.064880, -167.776184, 1, 0, 0, 0, 4.00
M, 106632292, 0, -313.149628, 818.600525, -181.402756, 1, 0, 0, 0, 4.00
M, 106632292, 1, -240.842270, 809.916626, -165.873642, 1, 0, 0, 0, 4.00
M, 106632292, 2, -316.160095, 817.019287, -223.991440, 1, 0, 0, 0, 4.00
M, 106632292, 3, -211.837662, 810.037109, -161.407394, 1, 0, 0, 0, 3.79
M, 106632292, 4, -268.294342, 816.399292, -174.988174, 1, 0, 0, 0, 4.00
M, 106632292, 5, -176.463593, 810.668518, -162.372070, 1, 0, 0, 0, 4.00
M, 106632292, 6, -152.800308, 811.609436, -163.467789, 1, 0, 0, 0, 4.00
M, 106632292, 7, -130.020706, 811.071655, -167.781082, 1, 0, 0, 0, 3.07
M, 106633333, 0, -313.142120, 818.593079, -181.393112, 1, 0, 0, 0, 3.57
M, 106633333, 1, -240.843704, 809.917786, -165.873367, 1, 0, 0, 0, 4.00
M, 106633333, 2, -316.160736, 817.021240, -223.990875, 1, 0, 0, 0, 4.00
M, 106633333, 3, -211.836899, 810.042053, -161.409042, 1, 0, 0, 0, 4.00
M, 106633333, 4, -268.275330, 816.405701, -174.983078, 1, 0, 0, 0, 3.37
M, 106633333, 5, -176.464813, 810.669006, -162.371536, 1, 0, 0, 0, 4.00
M, 106633333, 6, -152.800461, 811.609985, -163.466858, 1, 0, 0, 0, 4.00
M, 106633333, 7, -130.021301, 811.069824, -167.779282, 1, 0, 0, 0, 4.00
M, 106634375, 0, -313.143311, 818.595947, -181.395554, 1, 0, 0, 0, 4.00
M, 106634375, 1, -240.821381, 809.927185, -165.858170, 1, 0, 0, 0, 3.72
M, 106634375, 2, -316.161346, 817.023132, -223.990280, 1, 0, 0, 0, 4.00
M, 106634375, 3, -211.837372, 810.040588, -161.406357, 1, 0, 0, 0, 4.00
M, 106634375, 4, -268.279633, 816.405151, -174.983932, 1, 0, 0, 0, 4.00
M, 106634375, 5, -176.452530, 810.679626, -162.360474, 1, 0, 0, 0, 3.34
M, 106634375, 6, -152.800583, 811.610474, -163.465973, 1, 0, 0, 0, 4.00
M, 106634375, 7, -130.022308, 811.069946, -167.779083, 1, 0, 0, 0, 4.00
M, 106635417, 0, -313.142487, 818.596436, -181.395126, 1, 0, 0, 0, 4.00
M, 106635417, 1, -240.826675, 809.927002, -165.860321, 1, 0, 0, 0, 4.00
M, 106635417, 2, -316.154663, 817.008789, -223.979553, 1, 0, 0, 0, 3.55
M, 106635417, 3, -211.837845, 810.039001, -161.403732, 1, 0, 0, 0, 4.00
M, 106635417, 4, -268.278381, 816.406311, -174.983337, 1, 0, 0, 0, 4.00
M, 106635417, 5, -176.455963, 810.678345, -162.361679, 1, 0, 0, 0, 4.00
M, 106635417, 6, -152.795273, 811.607666, -163.453003, 1, 0, 0, 0, 3.52
M, 106635417, 7, -130.023315, 811.070007, -167.778870, 1, 0, 0, 0, 4.00
M, 106636458, 0, -313.141663, 818.596741, -181.394806, 1, 0, 0, 0, 4.00
M, 106636458, 1, -240.825516, 809.929016, -165.858414, 1, 0, 0, 0, 4.00
M, 106636458, 2, -316.156586, 817.013367, -223.980621, 1, 0, 0, 0, 4.00
M, 106636458, 3, -211.827362, 810.050110, -161.404633, 1, 0, 0, 0, 3.79
M, 106636458, 4, -268.277191, 816.407349, -174.982742, 1, 0, 0, 0, 4.00
M, 106636458, 5, -176.455688, 810.680176, -162.359970, 1, 0, 0, 0, 4.00
M, 106636458, 6, -152.796295, 811.608826, -163.454071, 1, 0, 0, 0, 4.00
M, 106636458, 7, -130.005020, 811.075806, -167.774841, 1, 0, 0, 0, 3.07
M, 106637500, 0, -313.149048, 818.596191, -181.393524, 1, 0, 0, 0, 3.57
M, 106637500, 1, -240.824356, 809.931091, -165.856476, 1, 0, 0, 0, 4.00
M, 106637500, 2, -316.156403, 817.013306, -223.978989, 1, 0, 0, 0, 4.00
M, 106637500, 3, -211.829620, 810.046509, -161.401382, 1, 0, 0, 0, 4.00
M, 106637500, 4, -268.284882, 816.388000, -174.983871, 1, 0, 0, 0, 3.37
M, 106637500, 5, -176.455399, 810.681641, -162.358307, 1, 0, 0, 0, 4.00
M, 106637500, 6, -152.795807, 811.608948, -163.451874, 1, 0, 0, 0, 4.00
M, 106637500, 7, -130.009232, 811.074951, -167.775238, 1, 0, 0, 0, 4.00
M, 106638542, 0, -313.146790, 818.596802, -181.393280, 1, 0, 0, 0, 4.00
M, 106638542, 1, -240.837585, 809.918884, -165.870804, 1, 0, 0, 0, 3.72
M, 106638542, 2, -316.156219, 817.013428, -223.977280, 1, 0, 0, 0, 4.00
M, 106638542, 3, -211.828934, 810.046387, -161.399139, 1, 0, 0, 0, 4.00
M, 106638542, 4, -268.282196, 816.392517, -174.983047, 1, 0, 0, 0, 4.00
M, 106638542, 5, -176.449829, 810.668518, -162.363663, 1, 0, 0, 0, 3.34
M, 106638542, 6, -152.795364, 811.609070, -163.449600, 1, 0, 0, 0, 4.00
M, 106638542, 7, -130.008087, 811.075745, -167.774582, 1, 0, 0, 0, 4.00
M, 106639583, 0, -313.146912, 818.597168, -181.392807, 1, 0, 0, 0, 4.00
M, 106639583, 1, -240.834015, 809.923279, -165.866150, 1, 0, 0, 0, 4.00
M, 106639583, 2, -316.147522, 817.013489, -223.985718, 1, 0, 0, 0, 3.55
M, 106639583, 3, -211.828186, 810.046204, -161.396881, 1, 0, 0, 0, 4.00
M, 106639583, 4, -268.281952, 816.391296, -174.982620, 1, 0, 0, 0, 4.00
M, 106639583, 5, -176.450485, 810.672485, -162.360870, 1, 0, 0, 0, 4.00
M, 106639583, 6, -152.795273, 811.600342, -163.475861, 1, 0, 0, 0, 3.52
M, 106639583, 7, -130.006989, 811.076477, -167.773987, 1, 0, 0, 0, 4.00
M, 106640625, 0, -313.146912, 818.597473, -181.392273, 1, 0, 0, 0, 4.00
M, 106640625, 1, -240.834366, 809.923828, -165.865982, 1, 0, 0, 0, 4.00
M, 106640625, 2, -316.148773, 817.013611, -223.982346, 1, 0, 0, 0, 4.00
M, 106640625, 3, -211.831177, 810.042542, -161.414398, 1, 0, 0, 0, 3.79
M, 106640625, 4, -268.281647, 816.390198, -174.982239, 1, 0, 0, 0, 4.00
M, 106640625, 5, -176.449615, 810.672607, -162.359909, 1, 0, 0, 0, 4.00
M, 106640625, 6, -152.794769, 811.601807, -163.468918, 1, 0, 0, 0, 4.00
M, 106640625, 7, -130.012680, 811.069580, -167.780334, 1, 0, 0, 0, 3.07
M, 106641667, 0, -313.139984, 818.593079, -181.391312, 1, 0, 0, 0, 3.57
M, 106641667, 1, -240.834793, 809.924316, -165.865829, 1, 0, 0, 0, 4.00
M, 106641667, 2, -316.147705, 817.013611, -223.981750, 1, 0, 0, 0, 4.00
M, 106641667, 3, -211.829865, 810.042786, -161.408859, 1, 0, 0, 0, 4.00
M, 106641667, 4, -268.266693, 816.390930, -174.979172, 1, 0, 0, 0, 3.37
M, 106641667, 5, -176.448746, 810.672546, -162.359024, 1, 0, 0, 0, 4.00
M, 106641667, 6, -152.794357, 811.601013, -163.469818, 1, 0, 0, 0, 4.00
M, 106641667, 7, -130.010452, 811.071655, -167.778519, 1, 0, 0, 0, 4.00
M, 106642708, 0, -313.141174, 818.594177, -181.390900, 1, 0, 0, 0, 4.00
M, 106642708, 1, -240.828354, 809.914185, -165.866516, 1, 0, 0, 0, 3.72
M, 106642708, 2, -316.146637, 817.013733, -223.981216, 1, 0, 0, 0, 4.00
M, 106642708, 3, -211.829590, 810.042175, -161.408798, 1, 0, 0, 0, 4.00
M, 106642708, 4, -268.268890, 816.389526, -174.979294, 1, 0, 0, 0, 4.00
M, 106642708, 5, -176.444550, 810.668396, -162.378006, 1, 0, 0, 0, 3.34
M, 106642708, 6, -152.793930, 811.600159, -163.470703, 1, 0, 0, 0, 4.00
M, 106642708, 7, -130.010086, 811.071594, -167.778687, 1, 0, 0, 0, 4.00
M, 106643750, 0, -313.140472, 818.593994, -181.390396, 1, 0, 0, 0, 4.00
M, 106643750, 1, -240.829895, 809.916321, -165.866211, 1, 0, 0, 0, 4.00
M, 106643750, 2, -316.144958, 817.008789, -223.988129, 1, 0, 0, 0, 3.55
M, 106643750, 3, -211.829285, 810.041687, -161.408676, 1, 0, 0, 0, 4.00
M, 106643750, 4, -268.267120, 816.388550, -174.978607, 1, 0, 0, 0, 4.00
M, 106643750, 5, -176.444275, 810.669006, -162.373795, 1, 0, 0, 0, 4.00
M, 106643750, 6, -152.783707, 811.609558, -163.465637, 1, 0, 0, 0, 3.52
M, 106643750, 7, -130.009735, 811.071472, -167.778809, 1, 0, 0, 0, 4.00
M, 106644792, 0, -313.139740, 818.593811, -181.389832, 1, 0, 0, 0, 4.00
M, 106644792, 1, -240.829544, 809.915710, -165.866150, 1, 0, 0, 0, 4.00
M, 106644792, 2, -316.143951, 817.009888, -223.986313, 1, 0, 0, 0, 4.00
M, 106644792, 3, -211.826752, 810.045593, -161.417023, 1, 0, 0, 0, 3.79
M, 106644792, 4, -268.265259, 816.387512, -174.977921, 1, 0, 0, 0, 4.00
M, 106644792, 5, -176.443054, 810.668396, -162.375046, 1, 0, 0, 0, 4.00
M, 106644792, 6, -152.784897, 811.606934, -163.467484, 1, 0, 0, 0, 4.00
M, 106644792, 7, -130.008453, 811.086609, -167.785934, 1, 0, 0, 0, 3.07
M, 106645833, 0, -313.149048, 818.586609, -181.392807, 1, 0, 0, 0, 3.57
M, 106645833, 1, -240.829163, 809.915222, -165.866043, 1, 0, 0, 0, 4.00
M, 106645833, 2, -316.142853, 817.009399, -223.986526, 1, 0, 0, 0, 4.00
M, 106645833, 3, -211.826813, 810.044373, -161.415543, 1, 0, 0, 0, 4.00
M, 106645833, 4, -268.295349, 816.379028, -174.990433, 1, 0, 0, 0, 3.37
M, 106645833, 5, -176.441895, 810.667908, -162.376328, 1, 0, 0, 0, 4.00
M, 106645833, 6, -152.783417, 811.607178, -163.467697, 1, 0, 0, 0, 4.00
M, 106645833, 7, -130.008240, 811.083984, -167.784897, 1, 0, 0, 0, 4.00
M, 106646875, 0, -313.146667, 818.587708, -181.391708, 1, 0, 0, 0, 4.00
M, 106646875, 1, -240.840866, 809.897644, -165.870895, 1, 0, 0, 0, 3.72
M, 106646875, 2, -316.141663, 817.008911, -223.986755, 1, 0, 0, 0, 4.00
M, 106646875, 3, -211.826279, 810.044312, -161.416336, 1, 0, 0, 0, 4.00
M, 106646875, 4, -268.288269, 816.379211, -174.987610, 1, 0, 0, 0, 4.00
M, 106646875, 5, -176.451218, 810.657227, -162.374100, 1, 0, 0, 0, 3.34
M, 106646875, 6, -152.781921, 811.607361, -163.467941, 1, 0, 0, 0, 4.00
M, 106646875, 7, -130.007767, 811.085510, -167.785782, 1, 0, 0, 0, 4.00
M, 106647917, 0, -313.147064, 818.586670, -181.391586, 1, 0, 0, 0, 4.00
M, 106647917, 1, -240.838486, 809.899902, -165.870026, 1, 0, 0, 0, 4.00
M, 106647917, 2, -316.142395, 817.007996, -223.986694, 1, 0, 0, 0, 3.55
M, 106647917, 3, -211.825684, 810.044250, -161.417175, 1, 0, 0, 0, 4.00
M, 106647917, 4, -268.289886, 816.377441, -174.988403, 1, 0, 0, 0, 4.00
M, 106647917, 5, -176.448242, 810.658447, -162.375946, 1, 0, 0, 0, 4.00
M, 106647917, 6, -152.788986, 811.608032, -163.473801, 1, 0, 0, 0, 3.52
M, 106647917, 7, -130.007355, 811.087036, -167.786713, 1, 0, 0, 0, 4.00
M, 106648958, 0, -313.147491, 818.585754, -181.391434, 1, 0, 0, 0, 4.00
M, 106648958, 1, -240.839432, 809.897339, -165.870514, 1, 0, 0, 0, 4.00
M, 106648958, 2, -316.140961, 817.007568, -223.987000, 1, 0, 0, 0, 4.00
M, 106648958, 3, -211.839722, 810.047607, -161.432648, 1, 0, 0, 0, 3.79
M, 106648958, 4, -268.291595, 816.375549, -174.989151, 1, 0, 0, 0, 4.00
M, 106648958, 5, -176.448181, 810.656799, -162.376785, 1, 0, 0, 0, 4.00
M, 106648958, 6, -152.786041, 811.608276, -163.473083, 1, 0, 0, 0, 4.00
M, 106648958, 7, -130.011871, 811.082397, -167.788651, 1, 0, 0, 0, 3.07
M, 106650000, 0, -313.143799, 818.585388, -181.382050, 1, 0, 0, 0, 3.57
M, 106650000, 1, -240.840424, 809.894897, -165.870987, 1, 0, 0, 0, 4.00
M, 106650000, 2, -316.140015, 817.007202, -223.987183, 1, 0, 0, 0, 4.00
M, 106650000, 3, -211.836716, 810.047180, -161.431030, 1, 0, 0, 0, 4.00
M, 106650000, 4, -268.303833, 816.367920, -174.993362, 1, 0, 0, 0, 3.37
M, 106650000, 5, -176.448090, 810.655212, -162.377670, 1, 0, 0, 0, 4.00
M, 106650000, 6, -152.785507, 811.608643, -163.473892, 1, 0, 0, 0, 4.00
M, 106650000, 7, -130.010544, 811.085205, -167.789352, 1, 0, 0, 0, 4.00
M, 106651042, 0, -313.144867, 818.584229, -181.383423, 1, 0, 0, 0, 4.00
M, 106651042, 1, -240.833298, 809.884094, -165.868546, 1, 0, 0, 0, 3.72
M, 106651042, 2, -316.139038, 817.006653, -223.987350, 1, 0, 0, 0, 4.00
M, 106651042, 3, -211.837723, 810.047485, -161.433426, 1, 0, 0, 0, 4.00
M, 106651042, 4, -268.303711, 816.367065, -174.993530, 1, 0, 0, 0, 4.00
M, 106651042, 5, -176.454056, 810.655701, -162.379761, 1, 0, 0, 0, 3.34
M, 106651042, 6, -152.784927, 811.608948, -163.474762, 1, 0, 0, 0, 4.00
M, 106651042, 7, -130.010620, 811.086060, -167.790375, 1, 0, 0, 0, 4.00
M, 106652083, 0, -313.144806, 818.583435, -181.382233, 1, 0, 0, 0, 4.00
M, 106652083, 1, -240.835617, 809.882935, -165.869492, 1, 0, 0, 0, 4.00
M, 106652083, 2, -316.141602, 816.993408, -223.992538, 1, 0, 0, 0, 3.55
M, 106652083, 3, -211.838821, 810.047607, -161.435867, 1, 0, 0, 0, 4.00
M, 106652083, 4, -268.306580, 816.364624, -174.994720, 1, 0, 0, 0, 4.00
M, 106652083, 5, -176.453018, 810.653809, -162.380417, 1, 0, 0, 0, 4.00
M, 106652083, 6, -152.800842, 811.598511, -163.492432, 1, 0, 0, 0, 3.52
M, 106652083, 7, -130.010681, 811.086975, -167.791321, 1, 0, 0, 0, 4.00
M, 106653125, 0, -313.144745, 818.582581, -181.381042, 1, 0, 0, 0, 4.00
M, 106653125, 1, -240.835709, 809.879578, -165.869644, 1, 0, 0, 0, 4.00
M, 106653125, 2, -316.140137, 816.994995, -223.991943, 1, 0, 0, 0, 4.00
M, 106653125, 3, -211.827087, 810.050598, -161.422241, 1, 0, 0, 0, 3.79
M, 106653125, 4, -268.309296, 816.362183, -174.995804, 1, 0, 0, 0, 4.00
M, 106653125, 5, -176.453613, 810.652405, -162.381424, 1, 0, 0, 0, 4.00
M, 106653125, 6, -152.797607, 811.600464, -163.490494, 1, 0, 0, 0, 4.00
M, 106653125, 7, -130.007202, 811.071838, -167.798889, 1, 0, 0, 0, 3.07
M, 106654167, 0, -313.145874, 818.577820, -181.389465, 1, 0, 0, 0, 3.57
M, 106654167, 1, -240.835800, 809.876038, -165.869797, 1, 0, 0, 0, 4.00
M, 106654167, 2, -316.139526, 816.993164, -223.992661, 1, 0, 0, 0, 4.00
M, 106654167, 3, -211.830185, 810.050598, -161.427277, 1, 0, 0, 0, 4.00
M, 106654167, 4, -268.288513, 816.378418, -174.986206, 1, 0, 0, 0, 3.37
M, 106654167, 5, -176.454147, 810.651123, -162.382416, 1, 0, 0, 0, 4.00
M, 106654167, 6, -152.798859, 811.599548, -163.493210, 1, 0, 0, 0, 4.00
M, 106654167, 7, -130.007889, 811.075378, -167.798843, 1, 0, 0, 0, 4.00
M, 106655208, 0, -313.145599, 818.577454, -181.386703, 1, 0, 0, 0, 4.00
M, 106655208, 1, -240.838776, 809.885315, -165.876343, 1, 0, 0, 0, 3.72
M, 106655208, 2, -316.138947, 816.991272, -223.993378, 1, 0, 0, 0, 4.00
M, 106655208, 3, -211.829834, 810.051270, -161.427933, 1, 0, 0, 0, 4.00
M, 106655208, 4, -268.295197, 816.372925, -174.989059, 1, 0, 0, 0, 4.00
M, 106655208, 5, -176.446274, 810.655090, -162.379547, 1, 0, 0, 0, 3.34
M, 106655208, 6, -152.800110, 811.598755, -163.495895, 1, 0, 0, 0, 4.00
M, 106655208, 7, -130.007584, 811.074585, -167.800568, 1, 0, 0, 0, 4.00
M, 106656250, 0, -313.145721, 818.576294, -181.386581, 1, 0, 0, 0, 4.00
M, 106656250, 1, -240.838425, 809.879761, -165.875458, 1, 0, 0, 0, 4.00
M, 106656250, 2, -316.153839, 816.995544, -224.006729, 1, 0, 0, 0, 3.55
M, 106656250, 3, -211.829498, 810.051880, -161.428619, 1, 0, 0, 0, 4.00
M, 106656250, 4, -268.295410, 816.372559, -174.989059, 1, 0, 0, 0, 4.00
M, 106656250, 5, -176.448273, 810.652832, -162.381195, 1, 0, 0, 0, 4.00
M, 106656250, 6, -152.793961, 811.602478, -163.483994, 1, 0, 0, 0, 3.52
M, 106656250, 7, -130.007263, 811.073730, -167.802292, 1, 0, 0, 0, 4.00
M, 106657292, 0, -313.145782, 818.574951, -181.386459, 1, 0, 0, 0, 4.00
M, 106657292, 1, -240.838867, 809.877625, -165.876343, 1, 0, 0, 0, 4.00
M, 106657292, 2, -316.150726, 816.992737, -224.005417, 1, 0, 0, 0, 4.00
M, 106657292, 3, -211.833313, 810.037109, -161.425964, 1, 0, 0, 0, 3.79
M, 106657292, 4, -268.295593, 816.372314, -174.988998, 1, 0, 0, 0, 4.00
M, 106657292, 5, -176.447952, 810.652039, -162.381790, 1, 0, 0, 0, 4.00
M, 106657292, 6, -152.796371, 811.601013, -163.489090, 1, 0, 0, 0, 4.00
M, 106657292, 7, -129.999146, 811.076294, -167.788071, 1, 0, 0, 0, 3.07
M, 106658333, 0, -313.136658, 818.578857, -181.386734, 1, 0, 0, 0, 3.57
M, 106658333, 1, -240.839294, 809.875671, -165.877182, 1, 0, 0, 0, 4.00
M, 106658333, 2, -316.151917, 816.991516, -224.007538, 1, 0, 0, 0, 4.00
M, 106658333, 3, -211.832245, 810.040283, -161.427155, 1, 0, 0, 0, 4.00
M, 106658333, 4, -268.294952, 816.374512, -174.987640, 1, 0, 0, 0, 3.37
M, 106658333, 5, -176.447586, 810.651245, -162.382324, 1, 0, 0, 0, 4.00
M, 106658333, 6, -152.796768, 811.600647, -163.490143, 1, 0, 0, 0, 4.00
M, 106658333, 7, -130.000198, 811.074768, -167.792465, 1, 0, 0, 0, 4.00
M, 106659375, 0, -313.138245, 818.576660, -181.386551, 1, 0, 0, 0, 4.00
M, 106659375, 1, -240.838989, 809.877136, -165.879745, 1, 0, 0, 0, 3.72
M, 106659375, 2, -316.153015, 816.990234, -224.009644, 1, 0, 0, 0, 4.00
M, 106659375, 3, -211.832367, 810.039063, -161.427521, 1, 0, 0, 0, 4.00
M, 106659375, 4, -268.295349, 816.373718, -174.987839, 1, 0, 0, 0, 4.00
M, 106659375, 5, -176.443054, 810.643616, -162.379257, 1, 0, 0, 0, 3.34
M, 106659375, 6, -152.797241, 811.600159, -163.491272, 1, 0, 0, 0, 4.00
M, 106659375, 7, -129.999069, 811.074280, -167.792465, 1, 0, 0, 0, 4.00
M, 106660417, 0, -313.137299, 818.575928, -181.386429, 1, 0, 0, 0, 4.00
M, 106660417, 1, -240.839493, 809.874634, -165.880310, 1, 0, 0, 0, 4.00
M, 106660417, 2, -316.165741, 816.969971, -223.999878, 1, 0, 0, 0, 3.55
M, 106660417, 3, -211.832474, 810.038025, -161.427811, 1, 0, 0, 0, 4.00
M, 106660417, 4, -268.295471, 816.373596, -174.987686, 1, 0, 0, 0, 4.00
M, 106660417, 5, -176.443420, 810.644104, -162.380447, 1, 0, 0, 0, 4.00
M, 106660417, 6, -152.806183, 811.589966, -163.479614, 1, 0, 0, 0, 3.52
M, 106660417, 7, -129.997864, 811.073792, -167.792465, 1, 0, 0, 0, 4.00
M, 106661458, 0, -313.136353, 818.575195, -181.386368, 1, 0, 0, 0, 4.00
M, 106661458, 1, -240.839859, 809.872803, -165.881363, 1, 0, 0, 0, 4.00
M, 106661458, 2, -316.164978, 816.971985, -224.003983, 1, 0, 0, 0, 4.00
M, 106661458, 3, -211.839035, 810.034912, -161.428085, 1, 0, 0, 0, 3.79
M, 106661458, 4, -268.295593, 816.373474, -174.987518, 1, 0, 0, 0, 4.00
M, 106661458, 5, -176.442581, 810.642578, -162.380630, 1, 0, 0, 0, 4.00
M, 106661458, 6, -152.805206, 811.591248, -163.482803, 1, 0, 0, 0, 4.00
M, 106661458, 7, -130.004242, 811.075195, -167.789902, 1, 0, 0, 0, 3.07
M, 106662500, 0, -313.136871, 818.570251, -181.391174, 1, 0, 0, 0, 3.57
M, 106662500, 1, -240.840179, 809.871216, -165.882401, 1, 0, 0, 0, 4.00
M, 106662500, 2, -316.167358, 816.968689, -224.004761, 1, 0, 0, 0, 4.00
M, 106662500, 3, -211.838058, 810.034302, -161.428375, 1, 0, 0, 0, 4.00
M, 106662500, 4, -268.280212, 816.370911, -174.981613, 1, 0, 0, 0, 3.37
M, 106662500, 5, -176.441803, 810.641113, -162.380829, 1, 0, 0, 0, 4.00
M, 106662500, 6, -152.806564, 811.589722, -163.482513, 1, 0, 0, 0, 4.00
M, 106662500, 7, -130.001862, 811.074463, -167.790253, 1, 0, 0, 0, 4.00
M, 106663542, 0, -313.135620, 818.570313, -181.390274, 1, 0, 0, 0, 4.00
M, 106663542, 1, -240.822540, 809.897400, -165.870743, 1, 0, 0, 0, 4.58
M, 106663542, 2, -316.169800, 816.965393, -224.005600, 1, 0, 0, 0, 4.00
M, 106663542, 3, -211.838852, 810.033081, -161.428680, 1, 0, 0, 0, 4.00
M, 106663542, 4, -268.282898, 816.371216, -174.982391, 1, 0, 0, 0, 4.00
M, 106663542, 5, -176.456711, 810.641968, -162.372726, 1, 0, 0, 0, 3.34
M, 106663542, 6, -152.807907, 811.588379, -163.482147, 1, 0, 0, 0, 4.00
M, 106663542, 7, -130.001511, 811.074219, -167.789978, 1, 0, 0, 0, 4.00
M, 106664583, 0, -313.134857, 818.569092, -181.390717, 1, 0, 0, 0, 4.00
M, 106664583, 1, -240.825851, 809.891113, -165.873901, 1, 0, 0, 0, 4.00
M, 106664583, 2, -316.157166, 816.978149, -223.992096, 1, 0, 0, 0, 3.98
M, 106664583, 3, -211.839630, 810.031799, -161.428955, 1, 0, 0, 0, 4.00
M, 106664583, 4, -268.281281, 816.370850, -174.981552, 1, 0, 0, 0, 4.00
M, 106664583, 5, -176.453339, 810.639954, -162.374283, 1, 0, 0, 0, 4.00
M, 106664583, 6, -152.799927, 811.586731, -163.474487, 1, 0, 0, 0, 3.52
M, 106664583, 7, -130.001205, 811.073914, -167.789719, 1, 0, 0, 0, 4.00
M, 106665625, 0, -313.134094, 818.567810, -181.391174, 1, 0, 0, 0, 4.00
M, 106665625, 1, -240.824173, 809.892456, -165.873520, 1, 0, 0, 0, 4.00
M, 106665625, 2, -316.162048, 816.972351, -223.995316, 1, 0, 0, 0, 4.00
M, 106665625, 3, -211.840652, 810.023804, -161.417206, 1, 0, 0, 0, 3.79
M, 106665625, 4, -268.279755, 816.370544, -174.980743, 1, 0, 0, 0, 4.00
M, 106665625, 5, -176.454269, 810.638794, -162.373566, 1, 0, 0, 0, 4.00
M, 106665625, 6, -152.802780, 811.585388, -163.475388, 1, 0, 0, 0, 4.00
M, 106665625, 7, -130.004761, 811.068848, -167.783997, 1, 0, 0, 0, 3.07
M, 106666667, 0, -313.137970, 818.586060, -181.385361, 1, 0, 0, 0, 3.57
M, 106666667, 1, -240.822571, 809.893738, -165.873184, 1, 0, 0, 0, 4.00
M, 106666667, 2, -316.162903, 816.970581, -223.994629, 1, 0, 0, 0, 4.00
M, 106666667, 3, -211.841415, 810.023621, -161.419525, 1, 0, 0, 0, 4.00
M, 106666667, 4, -268.272064, 816.388306, -174.966980, 1, 0, 0, 0, 3.37
M, 106666667, 5, -176.455215, 810.637390, -162.372910, 1, 0, 0, 0, 4.00
M, 106666667, 6, -152.803146, 811.583923, -163.474258, 1, 0, 0, 0, 4.00
M, 106666667, 7, -130.003769, 811.069397, -167.784592, 1, 0, 0, 0, 4.00
M, 106667708, 0, -313.136414, 818.581726, -181.386841, 1, 0, 0, 0, 4.00
M, 106667708, 1, -240.819595, 809.913452, -165.874084, 1, 0, 0, 0, 3.72
M, 106667708, 2, -316.163727, 816.969116, -223.993851, 1, 0, 0, 0, 4.00
M, 106667708, 3, -211.842163, 810.021729, -161.418518, 1, 0, 0, 0, 4.00
M, 106667708, 4, -268.271515, 816.385071, -174.968353, 1, 0, 0, 0, 4.00
M, 106667708, 5, -176.441269, 810.650635, -162.357651, 1, 0, 0, 0, 3.34
M, 106667708, 6, -152.803497, 811.582397, -163.473175, 1, 0, 0, 0, 4.00
M, 106667708, 7, -130.003860, 811.068604, -167.783722, 1, 0, 0, 0, 4.00
M, 106668750, 0, -313.136169, 818.582520, -181.386642, 1, 0, 0, 0, 4.00
M, 106668750, 1, -240.818222, 809.911926, -165.873550, 1, 0, 0, 0, 4.00
M, 106668750, 2, -316.138702, 817.000427, -223.985397, 1, 0, 0, 0, 3.55
M, 106668750, 3, -211.842972, 810.019775, -161.417511, 1, 0, 0, 0, 4.00
M, 106668750, 4, -268.269257, 816.386658, -174.966110, 1, 0, 0, 0, 4.00
M, 106668750, 5, -176.444672, 810.647034, -162.359375, 1, 0, 0, 0, 4.00
M, 106668750, 6, -152.782578, 811.601135, -163.454193, 1, 0, 0, 0, 3.52
M, 106668750, 7, -130.003952, 811.067932, -167.782867, 1, 0, 0, 0, 4.00
M, 106669792, 0, -313.135864, 818.583618, -181.386368, 1, 0, 0, 0, 4.00
M, 106669792, 1, -240.816437, 809.915344, -165.873337, 1, 0, 0, 0, 4.00
M, 106669792, 2, -316.143707, 816.993469, -223.985931, 1, 0, 0, 0, 4.00
M, 106669792, 3, -211.821396, 810.039612, -161.405548, 1, 0, 0, 0, 3.79
M, 106669792, 4, -268.266998, 816.388306, -174.963852, 1, 0, 0, 0, 4.00
M, 106669792, 5, -176.443954, 810.647400, -162.357056, 1, 0, 0, 0, 4.00
M, 106669792, 6, -152.786423, 811.596252, -163.456039, 1, 0, 0, 0, 4.00
M, 106669792, 7, -129.992203, 811.083496, -167.770401, 1, 0, 0, 0, 3.07
M, 106670833, 0, -313.121094, 818.585205, -181.386398, 1, 0, 0, 0, 3.57
M, 106670833, 1, -240.814636, 809.918701, -165.873123, 1, 0, 0, 0, 4.00
M, 106670833, 2, -316.141663, 816.995544, -223.984314, 1, 0, 0, 0, 4.00
M, 106670833, 3, -211.825958, 810.033936, -161.406357, 1, 0, 0, 0, 4.00
M, 106670833, 4, -268.278076, 816.381836, -174.978729, 1, 0, 0, 0, 3.37
M, 106670833, 5, -176.443237, 810.647644, -162.354782, 1, 0, 0, 0, 4.00
M, 106670833, 6, -152.784424, 811.597046, -163.452942, 1, 0, 0, 0, 4.00
M, 106670833, 7, -129.994293, 811.079956, -167.771484, 1, 0, 0, 0, 4.00
M, 106671875, 0, -313.123230, 818.585999, -181.386154, 1, 0, 0, 0, 4.00
M, 106671875, 1, -240.831070, 809.898926, -165.856979, 1, 0, 0, 0, 3.72
M, 106671875, 2, -316.139648, 816.997620, -223.982773, 1, 0, 0, 0, 4.00
M, 106671875, 3, -211.824341, 810.034424, -161.404160, 1, 0, 0, 0, 4.00
M, 106671875, 4, -268.273621, 816.384766, -174.973679, 1, 0, 0, 0, 4.00
M, 106671875, 5, -176.445862, 810.648071, -162.363312, 1, 0, 0, 0, 3.34
M, 106671875, 6, -152.782455, 811.597778, -163.449905, 1, 0, 0, 0, 4.00
M, 106671875, 7, -129.993042, 811.081055, -167.769302, 1, 0, 0, 0, 4.00
M, 106672917, 0, -313.121399, 818.586853, -181.385956, 1, 0, 0, 0, 4.00
M, 106672917, 1, -240.826263, 809.906189, -165.859390, 1, 0, 0, 0, 4.00
M, 106672917, 2, -316.158600, 816.973328, -223.973999, 1, 0, 0, 0, 3.55
M, 106672917, 3, -211.822739, 810.034668, -161.401978, 1, 0, 0, 0, 4.00
M, 106672917, 4, -268.272827, 816.385498, -174.973328, 1, 0, 0, 0, 4.00
M, 106672917, 5, -176.444672, 810.648315, -162.359222, 1, 0, 0, 0, 4.00
M, 106672917, 6, -152.802216, 811.590149, -163.464142, 1, 0, 0, 0, 3.52
M, 106672917, 7, -129.991852, 811.082031, -167.767181, 1, 0, 0, 0, 4.00
M, 106673958, 0, -313.119598, 818.587830, -181.385834, 1, 0, 0, 0, 4.00
M, 106673958, 1, -240.826508, 809.906982, -165.857483, 1, 0, 0, 0, 4.00
M, 106673958, 2, -316.153046, 816.979736, -223.973587, 1, 0, 0, 0, 4.00
M, 106673958, 3, -211.829895, 810.041138, -161.403076, 1, 0, 0, 0, 3.79
M, 106673958, 4, -268.272064, 816.386292, -174.973007, 1, 0, 0, 0, 4.00
M, 106673958, 5, -176.444366, 810.648438, -162.358124, 1, 0, 0, 0, 4.00
M, 106673958, 6, -152.796646, 811.592224, -163.458191, 1, 0, 0, 0, 4.00
M, 106673958, 7, -130.003540, 811.069702, -167.776306, 1, 0, 0, 0, 3.07
M, 106675000, 0, -313.122925, 818.596497, -181.376236, 1, 0, 0, 0, 3.57
M, 106675000, 1, -240.826736, 809.907776, -165.855545, 1, 0, 0, 0, 4.00
M, 106675000, 2, -316.153351, 816.978943, -223.971268, 1, 0, 0, 0, 4.00
M, 106675000, 3, -211.826813, 810.040588, -161.400345, 1, 0, 0, 0, 4.00
M, 106675000, 4, -268.268311, 816.387939, -174.967728, 1, 0, 0, 0, 3.37
M, 106675000, 5, -176.444046, 810.648865, -162.356995, 1, 0, 0, 0, 4.00
M, 106675000, 6, -152.797058, 811.592102, -163.457062, 1, 0, 0, 0, 4.00
M, 106675000, 7, -130.000198, 811.072815, -167.772339, 1, 0, 0, 0, 4.00
M, 106676042, 0, -313.120209, 818.596252, -181.377548, 1, 0, 0, 0, 4.00
M, 106676042, 1, -240.816223, 809.915161, -165.854828, 1, 0, 0, 0, 3.72
M, 106676042, 2, -316.153595, 816.978088, -223.968872, 1, 0, 0, 0, 4.00
M, 106676042, 3, -211.826157, 810.041748, -161.398514, 1, 0, 0, 0, 4.00
M, 106676042, 4, -268.268005, 816.388611, -174.968140, 1, 0, 0, 0, 4.00
M, 106676042, 5, -176.438828, 810.652039, -162.360306, 1, 0, 0, 0, 3.34
M, 106676042, 6, -152.797424, 811.591919, -163.455917, 1, 0, 0, 0, 4.00
M, 106676042, 7, -130.000412, 811.072449, -167.771423, 1, 0, 0, 0, 4.00
M, 106677083, 0, -313.118896, 818.598022, -181.376358, 1, 0, 0, 0, 4.00
M, 106677083, 1, -240.818222, 809.914917, -165.852692, 1, 0, 0, 0, 4.00
M, 106677083, 2, -316.127380, 817.004395, -223.977341, 1, 0, 0, 0, 3.55
M, 106677083, 3, -211.825500, 810.042664, -161.396637, 1, 0, 0, 0, 4.00
M, 106677083, 4, -268.266937, 816.389343, -174.967285, 1, 0, 0, 0, 4.00
M, 106677083, 5, -176.439301, 810.651917, -162.358429, 1, 0, 0, 0, 4.00
M, 106677083, 6, -152.783539, 811.604797, -163.459412, 1, 0, 0, 0, 3.52
M, 106677083, 7, -130.000610, 811.071838, -167.770523, 1, 0, 0, 0, 4.00
M, 106678125, 0, -313.117584, 818.600037, -181.375046, 1, 0, 0, 0, 4.00
M, 106678125, 1, -240.817200, 809.916565, -165.850845, 1, 0, 0, 0, 4.00
M, 106678125, 2, -316.132019, 816.999146, -223.973175, 1, 0, 0, 0, 4.00
M, 106678125, 3, -211.822174, 810.040405, -161.392883, 1, 0, 0, 0, 3.79
M, 106678125, 4, -268.265869, 816.390198, -174.966415, 1, 0, 0, 0, 4.00
M, 106678125, 5, -176.438416, 810.652710, -162.357773, 1, 0, 0, 0, 4.00
M, 106678125, 6, -152.786331, 811.602356, -163.457474, 1, 0, 0, 0, 4.00
M, 106678125, 7, -129.992981, 811.079895, -167.774078, 1, 0, 0, 0, 3.07
M, 106679167, 0, -313.137177, 818.592346, -181.377136, 1, 0, 0, 0, 3.57
M, 106679167, 1, -240.816223, 809.918213, -165.849045, 1, 0, 0, 0, 4.00
M, 106679167, 2, -316.129395, 817.001343, -223.971985, 1, 0, 0, 0, 4.00
M, 106679167, 3, -211.821930, 810.042175, -161.391342, 1, 0, 0, 0, 4.00
M, 106679167, 4, -268.277252, 816.385071, -174.973679, 1, 0, 0, 0, 3.37
M, 106679167, 5, -176.437576, 810.653259, -162.357147, 1, 0, 0, 0, 4.00
M, 106679167, 6, -152.785141, 811.603699, -163.456818, 1, 0, 0, 0, 4.00
M, 106679167, 7, -129.994446, 811.078003, -167.772430, 1, 0, 0, 0, 4.00
M, 106680208, 0, -313.132355, 818.595764, -181.375351, 1, 0, 0, 0, 4.00
M, 106680208, 1, -240.829132, 809.895447, -165.856979, 1, 0, 0, 0, 3.72
M, 106680208, 2, -316.126770, 817.003296, -223.970810, 1, 0, 0, 0, 4.00
M, 106680208, 3, -211.820984, 810.042847, -161.389313, 1, 0, 0, 0, 4.00
M, 106680208, 4, -268.274017, 816.386841, -174.971420, 1, 0, 0, 0, 4.00
M, 106680208, 5, -176.452209, 810.652100, -162.371658, 1, 0, 0, 0, 3.34
M, 106680208, 6, -152.784012, 811.604797, -163.456192, 1, 0, 0, 0, 4.00
M, 106680208, 7, -129.993759, 811.078552, -167.772018, 1, 0, 0, 0, 4.00
M, 106681250, 0, -313.133362, 818.596680, -181.374512, 1, 0, 0, 0, 4.00
M, 106681250, 1, -240.825851, 809.901001, -165.853546, 1, 0, 0, 0, 4.00
M, 106681250, 2, -316.152161, 817.000610, -223.998749, 1, 0, 0, 0, 3.55
M, 106681250, 3, -211.820053, 810.043457, -161.387253, 1, 0, 0, 0, 4.00
M, 106681250, 4, -268.274261, 816.387024, -174.971420, 1, 0, 0, 0, 4.00
M, 106681250, 5, -176.448776, 810.653076, -162.368500, 1, 0, 0, 0, 4.00
M, 106681250, 6, -152.795929, 811.598694, -163.467010, 1, 0, 0, 0, 3.52
M, 106681250, 7, -129.993103, 811.079041, -167.771591, 1, 0, 0, 0, 4.00
M, 106682292, 0, -313.134369, 818.597595, -181.373581, 1, 0, 0, 0, 4.00
M, 106682292, 1, -240.826447, 809.900024, -165.852798, 1, 0, 0, 0, 4.00
M, 106682292, 2, -316.144897, 817.003479, -223.992722, 1, 0, 0, 0, 4.00
M, 106682292, 3, -211.821274, 810.059631, -161.410538, 1, 0, 0, 0, 3.96
M, 106682292, 4, -268.274506, 816.387268, -174.971420, 1, 0, 0, 0, 4.00
M, 106682292, 5, -176.449615, 810.653503, -162.369507, 1, 0, 0, 0, 4.00
M, 106682292, 6, -152.792587, 811.601196, -163.464447, 1, 0, 0, 0, 4.00
M, 106682292, 7, -130.001984, 811.079102, -167.774078, 1, 0, 0, 0, 3.07
M, 106683333, 0, -313.125977, 818.593140, -181.368073, 1, 0, 0, 0, 3.57
M, 106683333, 1, -240.826981, 809.898804, -165.852036, 1, 0, 0, 0, 4.00
M, 106683333, 2, -316.145386, 817.005127, -223.994720, 1, 0, 0, 0, 4.00
M, 106683333, 3, -211.819962, 810.057739, -161.404297, 1, 0, 0, 0, 4.00
M, 106683333, 4, -268.280457, 816.387695, -174.969818, 1, 0, 0, 0, 3.37
M, 106683333, 5, -176.450455, 810.653931, -162.370529, 1, 0, 0, 0, 4.00
M, 106683333, 6, -152.792892, 811.601501, -163.465042, 1, 0, 0, 0, 4.00
M, 106683333, 7, -129.999771, 811.079590, -167.773178, 1, 0, 0, 0, 4.00
M, 106684375, 0, -313.128540, 818.594971, -181.367950, 1, 0, 0, 0, 4.00
M, 106684375, 1, -240.829071, 809.892578, -165.850861, 1, 0, 0, 0, 3.72
M, 106684375, 2, -316.145721, 817.006653, -223.996719, 1, 0, 0, 0, 4.00
M, 106684375, 3, -211.819244, 810.060120, -161.404984, 1, 0, 0, 0, 4.00
M, 106684375, 4, -268.279816, 816.387939, -174.970047, 1, 0, 0, 0, 4.00
M, 106684375, 5, -176.451172, 810.653809, -162.367371, 1, 0, 0, 0, 3.34
M, 106684375, 6, -152.793137, 811.601990, -163.465637, 1, 0, 0, 0, 4.00
M, 106684375, 7, -130.000198, 811.079895, -167.773087, 1, 0, 0, 0, 4.00
M, 106685417, 0, -313.128418, 818.595093, -181.366577, 1, 0, 0, 0, 4.00
M, 106685417, 1, -240.829300, 809.892456, -165.850128, 1, 0, 0, 0, 4.00
M, 106685417, 2, -316.145264, 817.002502, -223.994934, 1, 0, 0, 0, 3.55
M, 106685417, 3, -211.818558, 810.062439, -161.405731, 1, 0, 0, 0, 4.00
M, 106685417, 4, -268.280701, 816.388184, -174.969894, 1, 0, 0, 0, 4.00
M, 106685417, 5, -176.452026, 810.654297, -162.369034, 1, 0, 0, 0, 4.00
M, 106685417, 6, -152.787231, 811.613708, -163.469040, 1, 0, 0, 0, 3.52
M, 106685417, 7, -130.000610, 811.080261, -167.773026, 1, 0, 0, 0, 4.00
M, 106686458, 0, -313.128418, 818.595459, -181.365204, 1, 0, 0, 0, 4.00
M, 106686458, 1, -240.829987, 809.890930, -165.849350, 1, 0, 0, 0, 4.00
M, 106686458, 2, -316.145782, 817.005066, -223.997543, 1, 0, 0, 0, 4.00
M, 106686458, 3, -211.823486, 810.059631, -161.413361, 1, 0, 0, 0, 3.79
M, 106686458, 4, -268.281586, 816.388428, -174.969757, 1, 0, 0, 0, 4.00
M, 106686458, 5, -176.452835, 810.654663, -162.369568, 1, 0, 0, 0, 4.00
M, 106686458, 6, -152.788544, 811.612305, -163.469162, 1, 0, 0, 0, 4.00
M, 106686458, 7, -130.002701, 811.080994, -167.787094, 1, 0, 0, 0, 3.07
M, 106687500, 0, -313.138367, 818.593506, -181.373734, 1, 0, 0, 0, 3.57
M, 106687500, 1, -240.830673, 809.889465, -165.848511, 1, 0, 0, 0, 4.00
M, 106687500, 2, -316.146088, 817.006042, -223.999100, 1, 0, 0, 0, 4.00
M, 106687500, 3, -211.821808, 810.062988, -161.412888, 1, 0, 0, 0, 4.00
M, 106687500, 4, -268.279510, 816.379211, -174.978760, 1, 0, 0, 0, 3.37
M, 106687500, 5, -176.453674, 810.654968, -162.370163, 1, 0, 0, 0, 4.00
M, 106687500, 6, -152.788116, 811.614014, -163.470047, 1, 0, 0, 0, 4.00
M, 106687500, 7, -130.002823, 811.081299, -167.784653, 1, 0, 0, 0, 4.00
M, 106688542, 0, -313.136658, 818.594177, -181.370697, 1, 0, 0, 0, 4.00
M, 106688542, 1, -240.835770, 809.892639, -165.854324, 1, 0, 0, 0, 3.72
M, 106688542, 2, -316.146454, 817.006897, -224.000732, 1, 0, 0, 0, 4.00
M, 106688542, 3, -211.821686, 810.064819, -161.414352, 1, 0, 0, 0, 4.00
M, 106688542, 4, -268.280945, 816.380798, -174.977051, 1, 0, 0, 0, 4.00
M, 106688542, 5, -176.445557, 810.669189, -162.366058, 1, 0, 0, 0, 3.34
M, 106688542, 6, -152.787704, 811.615662, -163.471008, 1, 0, 0, 0, 4.00
M, 106688542, 7, -130.003418, 811.081726, -167.786148, 1, 0, 0, 0, 4.00
M, 106689583, 0, -313.137726, 818.594177, -181.370392, 1, 0, 0, 0, 4.00
M, 106689583, 1, -240.835678, 809.890381, -165.852417, 1, 0, 0, 0, 4.00
M, 106689583, 2, -316.154205, 816.999268, -224.002075, 1, 0, 0, 0, 3.55
M, 106689583, 3, -211.821518, 810.066711, -161.415771, 1, 0, 0, 0, 4.00
M, 106689583, 4, -268.281464, 816.380066, -174.977859, 1, 0, 0, 0, 4.00
M, 106689583, 5, -176.447891, 810.667175, -162.367401, 1, 0, 0, 0, 4.00
M, 106689583, 6, -152.780197, 811.619751, -163.464172, 1, 0, 0, 0, 3.52
M, 106689583, 7, -130.004013, 811.082092, -167.787598, 1, 0, 0, 0, 4.00
M, 106690625, 0, -313.138733, 818.594177, -181.370071, 1, 0, 0, 0, 4.00
M, 106690625, 1, -240.836929, 809.889282, -165.852356, 1, 0, 0, 0, 4.00
M, 106690625, 2, -316.153229, 817.001709, -224.003693, 1, 0, 0, 0, 4.00
M, 106690625, 3, -211.830872, 810.064392, -161.420242, 1, 0, 0, 0, 3.79
M, 106690625, 4, -268.282013, 816.379150, -174.978699, 1, 0, 0, 0, 4.00
M, 106690625, 5, -176.447739, 810.669250, -162.367416, 1, 0, 0, 0, 4.00
M, 106690625, 6, -152.780945, 811.621033, -163.466354, 1, 0, 0, 0, 4.00
M, 106690625, 7, -130.003830, 811.080872, -167.781845, 1, 0, 0, 0, 3.07
M, 106691667, 0, -313.147125, 818.582336, -181.375229, 1, 0, 0, 0, 3.57
M, 106691667, 1, -240.838089, 809.888184, -165.852264, 1, 0, 0, 0, 4.00
M, 106691667, 2, -316.154419, 817.001648, -224.005295, 1, 0, 0, 0, 4.00
M, 106691667, 3, -211.829239, 810.066956, -161.421234, 1, 0, 0, 0, 4.00
M, 106691667, 4, -268.301208, 816.379761, -174.969223, 1, 0, 0, 0, 3.37
M, 106691667, 5, -176.447556, 810.671021, -162.367477, 1, 0, 0, 0, 4.00
M, 106691667, 6, -152.779785, 811.622986, -163.466415, 1, 0, 0, 0, 4.00
M, 106691667, 7, -130.004517, 811.081665, -167.784500, 1, 0, 0, 0, 4.00
M, 106692708, 0, -313.147034, 818.584229, -181.374039, 1, 0, 0, 0, 4.00
M, 106692708, 1, -240.839020, 809.892029, -165.852921, 1, 0, 0, 0, 3.72
M, 106692708, 2, -316.155518, 817.001709, -224.006851, 1, 0, 0, 0, 4.00
M, 106692708, 3, -211.830154, 810.068176, -161.423050, 1, 0, 0, 0, 4.00
M, 106692708, 4, -268.298706, 816.378662, -174.971725, 1, 0, 0, 0, 4.00
M, 106692708, 5, -176.456528, 810.668457, -162.377914, 1, 0, 0, 0, 3.34
M, 106692708, 6, -152.778549, 811.625000, -163.466476, 1, 0, 0, 0, 4.00
M, 106692708, 7, -130.004990, 811.081909, -167.785156, 1, 0, 0, 0, 4.00
M, 106693750, 0, -313.148926, 818.582947, -181.374329, 1, 0, 0, 0, 4.00
M, 106693750, 1, -240.840240, 809.890076, -165.852753, 1, 0, 0, 0, 4.00
M, 106693750, 2, -316.155212, 817.004150, -224.005035, 1, 0, 0, 0, 3.55
M, 106693750, 3, -211.831116, 810.069519, -161.424835, 1, 0, 0, 0, 4.00
M, 106693750, 4, -268.301331, 816.378113, -174.971420, 1, 0, 0, 0, 4.00
M, 106693750, 5, -176.454865, 810.671021, -162.376251, 1, 0, 0, 0, 4.00
M, 106693750, 6, -152.791580, 811.615479, -163.474197, 1, 0, 0, 0, 3.52
M, 106693750, 7, -130.005493, 811.082153, -167.785843, 1, 0, 0, 0, 4.00
M, 106694792, 0, -313.150726, 818.581726, -181.374573, 1, 0, 0, 0, 4.00
M, 106694792, 1, -240.841400, 809.889526, -165.852753, 1, 0, 0, 0, 4.00
M, 106694792, 2, -316.156586, 817.003662, -224.007172, 1, 0, 0, 0, 4.00
M, 106694792, 3, -211.835876, 810.052124, -161.424240, 1, 0, 0, 0, 3.79
M, 106694792, 4, -268.303894, 816.377441, -174.971130, 1, 0, 0, 0, 4.00
M, 106694792, 5, -176.455719, 810.672424, -162.377441, 1, 0, 0, 0, 4.00
M, 106694792, 6, -152.788010, 811.619385, -163.472977, 1, 0, 0, 0, 4.00
M, 106694792, 7, -130.001450, 811.078979, -167.791153, 1, 0, 0, 0, 3.07
M, 106695833, 0, -313.142853, 818.586975, -181.376709, 1, 0, 0, 0, 3.57
M, 106695833, 1, -240.842560, 809.889038, -165.852768, 1, 0, 0, 0, 4.00
M, 106695833, 2, -316.157593, 817.004028, -224.008392, 1, 0, 0, 0, 4.00
M, 106695833, 3, -211.836182, 810.056702, -161.426422, 1, 0, 0, 0, 4.00
M, 106695833, 4, -268.283508, 816.392090, -174.974701, 1, 0, 0, 0, 3.37
M, 106695833, 5, -176.456589, 810.673767, -162.378693, 1, 0, 0, 0, 4.00
M, 106695833, 6, -152.788361, 811.620178, -163.473831, 1, 0, 0, 0, 4.00
M, 106695833, 7, -130.002701, 811.079834, -167.791031, 1, 0, 0, 0, 4.00
M, 106696875, 0, -313.146301, 818.584473, -181.376709, 1, 0, 0, 0, 4.00
M, 106696875, 1, -240.833115, 809.893799, -165.857361, 1, 0, 0, 0, 3.72
M, 106696875, 2, -316.158600, 817.004272, -224.009644, 1, 0, 0, 0, 4.00
M, 106696875, 3, -211.837524, 810.055969, -161.427933, 1, 0, 0, 0, 4.00
M, 106696875, 4, -268.289886, 816.388916, -174.973740, 1, 0, 0, 0, 4.00
M, 106696875, 5, -176.458176, 810.663391, -162.370010, 1, 0, 0, 0, 3.34
M, 106696875, 6, -152.788696, 811.620911, -163.474762, 1, 0, 0, 0, 4.00
M, 106696875, 7, -130.002701, 811.079834, -167.792191, 1, 0, 0, 0, 4.00
M, 106697917, 0, -313.147064, 818.583801, -181.377197, 1, 0, 0, 0, 4.00
M, 106697917, 1, -240.836044, 809.892334, -165.856583, 1, 0, 0, 0, 4.00
M, 106697917, 2, -316.143097, 817.007568, -224.002914, 1, 0, 0, 0, 3.55
M, 106697917, 3, -211.838852, 810.055298, -161.429428, 1, 0, 0, 0, 4.00
M, 106697917, 4, -268.289886, 816.390076, -174.973831, 1, 0, 0, 0, 4.00
M, 106697917, 5, -176.458878, 810.666687, -162.372818, 1, 0, 0, 0, 4.00
M, 106697917, 6, -152.783234, 811.614502, -163.473541, 1, 0, 0, 0, 3.52
M, 106697917, 7, -130.002670, 811.079712, -167.793350, 1, 0, 0, 0, 4.00
M, 106698958, 0, -313.147858, 818.583313, -181.377731, 1, 0, 0, 0, 4.00
M, 106698958, 1, -240.836014, 809.892273, -165.857101, 1, 0, 0, 0, 4.00
M, 106698958, 2, -316.146790, 817.007385, -224.005417, 1, 0, 0, 0, 4.00
M, 106698958, 3, -211.835754, 810.047058, -161.422424, 1, 0, 0, 0, 3.79
M, 106698958, 4, -268.290009, 816.391113, -174.973984, 1, 0, 0, 0, 4.00
M, 106698958, 5, -176.459778, 810.666870, -162.372910, 1, 0, 0, 0, 4.00
M, 106698958, 6, -152.784546, 811.616516, -163.474762, 1, 0, 0, 0, 4.00
M, 106698958, 7, -130.007080, 811.073730, -167.785782, 1, 0, 0, 0, 3.07
M, 106700000, 0, -313.131866, 818.589294, -181.363785, 1, 0, 0, 0, 3.57
M, 106700000, 1, -240.836044, 809.892212, -165.857635, 1, 0, 0, 0, 4.00
M, 106700000, 2, -316.146027, 817.007874, -224.005753, 1, 0, 0, 0, 4.00
M, 106700000, 3, -211.837845, 810.047607, -161.425369, 1, 0, 0, 0, 4.00
M, 106700000, 4, -268.272644, 816.385803, -174.974762, 1, 0, 0, 0, 3.56
M, 106700000, 5, -176.460678, 810.667114, -162.373001, 1, 0, 0, 0, 4.00
M, 106700000, 6, -152.784256, 811.616394, -163.475418, 1, 0, 0, 0, 4.00
M, 106700000, 7, -130.006332, 811.074646, -167.788406, 1, 0, 0, 0, 4.00
M, 106701042, 0, -313.135468, 818.587708, -181.366638, 1, 0, 0, 0, 4.00
M, 106701042, 1, -240.831451, 809.902344, -165.858292, 1, 0, 0, 0, 3.72
M, 106701042, 2, -316.145264, 817.008423, -224.006073, 1, 0, 0, 0, 4.00
M, 106701042, 3, -211.838776, 810.045959, -161.425964, 1, 0, 0, 0, 4.00
M, 106701042, 4, -268.275635, 816.387817, -174.974823, 1, 0, 0, 0, 4.00
M, 106701042, 5, -176.458435, 810.656372, -162.378662, 1, 0, 0, 0, 3.34
M, 106701042, 6, -152.784012, 811.616272, -163.476135, 1, 0, 0, 0, 4.00
M, 106701042, 7, -130.006775, 811.073914, -167.788589, 1, 0, 0, 0, 4.00
M, 106702083, 0, -313.134369, 818.587769, -181.365570, 1, 0, 0, 0, 4.00
M, 106702083, 1, -240.832230, 809.900513, -165.858765, 1, 0, 0, 0, 4.00
M, 106702083, 2, -316.129639, 817.007751, -223.992371, 1, 0, 0, 0, 3.55
M, 106702083, 3, -211.839630, 810.044495, -161.426620, 1, 0, 0, 0, 4.00
M, 106702083, 4, -268.273773, 816.388184, -174.974991, 1, 0, 0, 0, 4.00
M, 106702083, 5, -176.459869, 810.658264, -162.377853, 1, 0, 0, 0, 4.00
M, 106702083, 6, -152.788071, 811.602661, -163.460815, 1, 0, 0, 0, 3.52
M, 106702083, 7, -130.007263, 811.073242, -167.788788, 1, 0, 0, 0, 4.00
M, 106703125, 0, -313.133362, 818.587952, -181.364502, 1, 0, 0, 0, 4.00
M, 106703125, 1, -240.831711, 809.901672, -165.859299, 1, 0, 0, 0, 4.00
M, 106703125, 2, -316.131256, 817.008423, -223.995010, 1, 0, 0, 0, 4.00
M, 106703125, 3, -211.829803, 810.047302, -161.411301, 1, 0, 0, 0, 3.79
M, 106703125, 4, -268.272003, 816.388611, -174.975204, 1, 0, 0, 0, 4.00
M, 106703125, 5, -176.460403, 810.657410, -162.378571, 1, 0, 0, 0, 4.00
M, 106703125, 6, -152.787048, 811.604797, -163.464142, 1, 0, 0, 0, 4.00
M, 106703125, 7, -129.998016, 811.076294, -167.778564, 1, 0, 0, 0, 3.07
M, 106704167, 0, -313.137848, 818.585632, -181.379929, 1, 0, 0, 0, 3.57
M, 106704167, 1, -240.831207, 809.902710, -165.859833, 1, 0, 0, 0, 4.00
M, 106704167, 2, -316.128815, 817.009155, -223.993851, 1, 0, 0, 0, 4.00
M, 106704167, 3, -211.832428, 810.045044, -161.414520, 1, 0, 0, 0, 4.00
M, 106704167, 4, -268.273956, 816.386169, -174.969391, 1, 0, 0, 0, 3.37
M, 106704167, 5, -176.460999, 810.656311, -162.379288, 1, 0, 0, 0, 4.00
M, 106704167, 6, -152.787292, 811.603210, -163.463074, 1, 0, 0, 0, 4.00
M, 106704167, 7, -130.000107, 811.074951, -167.780533, 1, 0, 0, 0, 4.00
M, 106705208, 0, -313.135925, 818.586060, -181.376114, 1, 0, 0, 0, 4.00
M, 106705208, 1, -240.835739, 809.884705, -165.864670, 1, 0, 0, 0, 3.72
M, 106705208, 2, -316.126404, 817.009521, -223.992630, 1, 0, 0, 0, 4.00
M, 106705208, 3, -211.832092, 810.044006, -161.413391, 1, 0, 0, 0, 4.00
M, 106705208, 4, -268.271515, 816.386963, -174.970581, 1, 0, 0, 0, 4.00
M, 106705208, 5, -176.456345, 810.646729, -162.363785, 1, 0, 0, 0, 3.34
M, 106705208, 6, -152.787445, 811.601685, -163.461975, 1, 0, 0, 0, 4.00
M, 106705208, 7, -129.999512, 811.074646, -167.779587, 1, 0, 0, 0, 4.00
M, 106706250, 0, -313.135529, 818.585938, -181.376862, 1, 0, 0, 0, 4.00
M, 106706250, 1, -240.834427, 809.888916, -165.864487, 1, 0, 0, 0, 4.00
M, 106706250, 2, -316.141327, 817.001770, -223.985748, 1, 0, 0, 0, 3.55
M, 106706250, 3, -211.831772, 810.043091, -161.412231, 1, 0, 0, 0, 4.00
M, 106706250, 4, -268.270081, 816.387024, -174.970108, 1, 0, 0, 0, 4.00
M, 106706250, 5, -176.457779, 810.647156, -162.367188, 1, 0, 0, 0, 4.00
M, 106706250, 6, -152.796494, 811.598511, -163.465576, 1, 0, 0, 0, 3.52
M, 106706250, 7, -129.998947, 811.074280, -167.778656, 1, 0, 0, 0, 4.00
M, 106707292, 0, -313.135101, 818.585754, -181.377579, 1, 0, 0, 0, 4.00
M, 106707292, 1, -240.834488, 809.887939, -165.865448, 1, 0, 0, 0, 4.00
M, 106707292, 2, -316.136017, 817.003418, -223.985504, 1, 0, 0, 0, 4.00
M, 106707292, 3, -211.836594, 810.045044, -161.418732, 1, 0, 0, 0, 3.79
M, 106707292, 4, -268.268646, 816.387024, -174.969696, 1, 0, 0, 0, 4.00
M, 106707292, 5, -176.457718, 810.645203, -162.366119, 1, 0, 0, 0, 4.00
M, 106707292, 6, -152.795212, 811.597229, -163.463730, 1, 0, 0, 0, 4.00
M, 106707292, 7, -130.005203, 811.081238, -167.774124, 1, 0, 0, 0, 3.07
M, 106708333, 0, -313.131287, 818.586670, -181.378922, 1, 0, 0, 0, 3.57
M, 106708333, 1, -240.834549, 809.886963, -165.866455, 1, 0, 0, 0, 4.00
M, 106708333, 2, -316.135468, 817.003052, -223.983719, 1, 0, 0, 0, 4.00
M, 106708333, 3, -211.835495, 810.043274, -161.416367, 1, 0, 0, 0, 4.00
M, 106708333, 4, -268.257385, 816.402283, -174.968201, 1, 0, 0, 0, 3.37
M, 106708333, 5, -176.457718, 810.643311, -162.365036, 1, 0, 0, 0, 4.00
M, 106708333, 6, -152.796432, 811.595276, -163.463165, 1, 0, 0, 0, 4.00
M, 106708333, 7, -130.003479, 811.079773, -167.773804, 1, 0, 0, 0, 4.00
M, 106709375, 0, -313.131409, 818.586426, -181.379578, 1, 0, 0, 0, 4.00
M, 106709375, 1, -240.822952, 809.900330, -165.853348, 1, 0, 0, 0, 3.72
M, 106709375, 2, -316.134949, 817.002625, -223.981873, 1, 0, 0, 0, 4.00
M, 106709375, 3, -211.835754, 810.042480, -161.416077, 1, 0, 0, 0, 4.00
M, 106709375, 4, -268.257629, 816.399658, -174.967911, 1, 0, 0, 0, 4.00
M, 106709375, 5, -176.442230, 810.664307, -162.361557, 1, 0, 0, 0, 3.34
M, 106709375, 6, -152.797577, 811.593628, -163.462601, 1, 0, 0, 0, 4.00
M, 106709375, 7, -130.003616, 811.080200, -167.772491, 1, 0, 0, 0, 4.00
M, 106710417, 0, -313.130554, 818.586426, -181.380356, 1, 0, 0, 0, 4.00
M, 106710417, 1, -240.824951, 809.896912, -165.856674, 1, 0, 0, 0, 4.00
M, 106710417, 2, -316.130951, 816.986755, -223.985901, 1, 0, 0, 0, 3.55
M, 106710417, 3, -211.836029, 810.041870, -161.415771, 1, 0, 0, 0, 4.00
M, 106710417, 4, -268.255188, 816.401306, -174.967331, 1, 0, 0, 0, 4.00
M, 106710417, 5, -176.444794, 810.658447, -162.360870, 1, 0, 0, 0, 4.00
M, 106710417, 6, -152.793427, 811.596375, -163.458786, 1, 0, 0, 0, 3.52
M, 106710417, 7, -130.003799, 811.080688, -167.771118, 1, 0, 0, 0, 4.00
M, 106711458, 0, -313.129791, 818.586426, -181.381180, 1, 0, 0, 0, 4.00
M, 106711458, 1, -240.823730, 809.897522, -165.856140, 1, 0, 0, 0, 4.00
M, 106711458, 2, -316.130951, 816.988892, -223.983124, 1, 0, 0, 0, 4.00
M, 106711458, 3, -211.828369, 810.044373, -161.411667, 1, 0, 0, 0, 3.79
M, 106711458, 4, -268.252686, 816.402832, -174.966736, 1, 0, 0, 0, 4.00
M, 106711458, 5, -176.443085, 810.659058, -162.359589, 1, 0, 0, 0, 4.00
M, 106711458, 6, -152.795517, 811.593872, -163.458786, 1, 0, 0, 0, 4.00
M, 106711458, 7, -130.002579, 811.073547, -167.769653, 1, 0, 0, 0, 3.07
M, 106712500, 0, -313.140808, 818.581604, -181.379700, 1, 0, 0, 0, 3.57
M, 106712500, 1, -240.822510, 809.898132, -165.855545, 1, 0, 0, 0, 4.00
M, 106712500, 2, -316.130066, 816.986816, -223.981903, 1, 0, 0, 0, 4.00
M, 106712500, 3, -211.829910, 810.043274, -161.412018, 1, 0, 0, 0, 4.00
M, 106712500, 4, -268.268433, 816.386353, -174.977142, 1, 0, 0, 0, 3.37
M, 106712500, 5, -176.441330, 810.659668, -162.358215, 1, 0, 0, 0, 4.00
M, 106712500, 6, -152.796112, 811.592651, -163.457886, 1, 0, 0, 0, 4.00
M, 106712500, 7, -130.002945, 811.075195, -167.768372, 1, 0, 0, 0, 4.00
M, 106713542, 0, -313.138092, 818.582275, -181.380890, 1, 0, 0, 0, 4.00
M, 106713542, 1, -240.829987, 809.873474, -165.860321, 1, 0, 0, 0, 3.72
M, 106713542, 2, -316.129150, 816.984558, -223.980743, 1, 0, 0, 0, 4.00
M, 106713542, 3, -211.829315, 810.042969, -161.411301, 1, 0, 0, 0, 4.00
M, 106713542, 4, -268.262939, 816.390930, -174.974762, 1, 0, 0, 0, 4.00
M, 106713542, 5, -176.460587, 810.648315, -162.366653, 1, 0, 0, 0, 3.34
M, 106713542, 6, -152.796707, 811.591431, -163.456970, 1, 0, 0, 0, 4.00
M, 106713542, 7, -130.002960, 811.074951, -167.767044, 1, 0, 0, 0, 4.00
M, 106714583, 0, -313.138550, 818.581726, -181.381424, 1, 0, 0, 0, 4.00
M, 106714583, 1, -240.827332, 809.878296, -165.858887, 1, 0, 0, 0, 4.00
M, 106714583, 2, -316.140259, 816.999146, -223.998749, 1, 0, 0, 0, 3.55
M, 106714583, 3, -211.828690, 810.042664, -161.410583, 1, 0, 0, 0, 4.00
M, 106714583, 4, -268.262451, 816.390747, -174.975357, 1, 0, 0, 0, 4.00
M, 106714583, 5, -176.455460, 810.650818, -162.363724, 1, 0, 0, 0, 4.00
M, 106714583, 6, -152.799515, 811.586731, -163.471542, 1, 0, 0, 0, 3.52
M, 106714583, 7, -130.002960, 811.074646, -167.765701, 1, 0, 0, 0, 4.00
M, 106715625, 0, -313.139038, 818.581299, -181.381958, 1, 0, 0, 0, 4.00
M, 106715625, 1, -240.827072, 809.875977, -165.858887, 1, 0, 0, 0, 4.00
M, 106715625, 2, -316.137390, 816.994263, -223.994385, 1, 0, 0, 0, 4.00
M, 106715625, 3, -211.838318, 810.026306, -161.416397, 1, 0, 0, 0, 3.79
M, 106715625, 4, -268.261993, 816.390442, -174.976013, 1, 0, 0, 0, 4.00
M, 106715625, 5, -176.456024, 810.650208, -162.363464, 1, 0, 0, 0, 4.00
M, 106715625, 6, -152.799713, 811.586182, -163.468079, 1, 0, 0, 0, 4.00
M, 106715625, 7, -130.010712, 811.078003, -167.781616, 1, 0, 0, 0, 3.07
M, 106716667, 0, -313.132355, 818.573547, -181.375168, 1, 0, 0, 0, 3.57
M, 106716667, 1, -240.826797, 809.873901, -165.858948, 1, 0, 0, 0, 4.00
M, 106716667, 2, -316.137756, 816.994019, -223.995285, 1, 0, 0, 0, 4.00
M, 106716667, 3, -211.835999, 810.028503, -161.414581, 1, 0, 0, 0, 4.00
M, 106716667, 4, -268.281403, 816.378174, -174.974289, 1, 0, 0, 0, 3.37
M, 106716667, 5, -176.456589, 810.649353, -162.363190, 1, 0, 0, 0, 4.00
M, 106716667, 6, -152.800522, 811.584534, -163.468826, 1, 0, 0, 0, 4.00
M, 106716667, 7, -130.009460, 811.077026, -167.777435, 1, 0, 0, 0, 4.00
M, 106717708, 0, -313.134033, 818.574158, -181.376953, 1, 0, 0, 0, 4.00
M, 106717708, 1, -240.813385, 809.890503, -165.853546, 1, 0, 0, 0, 3.72
M, 106717708, 2, -316.138092, 816.993835, -223.996185, 1, 0, 0, 0, 4.00
M, 106717708, 3, -211.836563, 810.026306, -161.414612, 1, 0, 0, 0, 4.00
M, 106717708, 4, -268.277588, 816.379883, -174.975296, 1, 0, 0, 0, 4.00
M, 106717708, 5, -176.465179, 810.640259, -162.378067, 1, 0, 0, 0, 3.34
M, 106717708, 6, -152.801361, 811.583069, -163.469574, 1, 0, 0, 0, 4.00
M, 106717708, 7, -130.010391, 811.076965, -167.777969, 1, 0, 0, 0, 4.00
M, 106718750, 0, -313.133667, 818.572815, -181.376709, 1, 0, 0, 0, 4.00
M, 106718750, 1, -240.815292, 809.885376, -165.854507, 1, 0, 0, 0, 4.00
M, 106718750, 2, -316.132141, 816.988403, -223.986465, 1, 0, 0, 0, 3.55
M, 106718750, 3, -211.837006, 810.024170, -161.414581, 1, 0, 0, 0, 4.00
M, 106718750, 4, -268.279266, 816.378235, -174.975647, 1, 0, 0, 0, 4.00
M, 106718750, 5, -176.464462, 810.640808, -162.375290, 1, 0, 0, 0, 4.00
M, 106718750, 6, -152.794266, 811.577576, -163.466003, 1, 0, 0, 0, 3.52
M, 106718750, 7, -130.011215, 811.076904, -167.778519, 1, 0, 0, 0, 4.00
M, 106719792, 0, -313.133362, 818.571655, -181.376419, 1, 0, 0, 0, 4.00
M, 106719792, 1, -240.813599, 809.885193, -165.853943, 1, 0, 0, 0, 4.00
M, 106719792, 2, -316.133575, 816.989014, -223.989120, 1, 0, 0, 0, 4.00
M, 106719792, 3, -211.826340, 810.027405, -161.409332, 1, 0, 0, 0, 3.79
M, 106719792, 4, -268.280945, 816.376709, -174.976044, 1, 0, 0, 0, 4.00
M, 106719792, 5, -176.465881, 810.639221, -162.376663, 1, 0, 0, 0, 4.00
M, 106719792, 6, -152.796341, 811.576660, -163.467484, 1, 0, 0, 0, 4.00
M, 106719792, 7, -130.011673, 811.066101, -167.774612, 1, 0, 0, 0, 3.07
M, 106720833, 0, -313.141846, 818.572998, -181.379700, 1, 0, 0, 0, 3.57
M, 106720833, 1, -240.811905, 809.885071, -165.853394, 1, 0, 0, 0, 4.00
M, 106720833, 2, -316.133331, 816.988037, -223.988846, 1, 0, 0, 0, 4.00
M, 106720833, 3, -211.828720, 810.024475, -161.410233, 1, 0, 0, 0, 4.00
M, 106720833, 4, -268.273621, 816.374207, -174.972610, 1, 0, 0, 0, 3.37
M, 106720833, 5, -176.467316, 810.637573, -162.378036, 1, 0, 0, 0, 4.00
M, 106720833, 6, -152.796341, 811.574585, -163.467758, 1, 0, 0, 0, 4.00
M, 106720833, 7, -130.012650, 811.067871, -167.775894, 1, 0, 0, 0, 4.00
M, 106721875, 0, -313.140106, 818.571289, -181.378860, 1, 0, 0, 0, 4.00
M, 106721875, 1, -240.823349, 809.886169, -165.856796, 1, 0, 0, 0, 3.72
M, 106721875, 2, -316.132965, 816.987061, -223.988602, 1, 0, 0, 0, 4.00
M, 106721875, 3, -211.828003, 810.022888, -161.409637, 1, 0, 0, 0, 4.00
M, 106721875, 4, -268.276764, 816.372681, -174.973602, 1, 0, 0, 0, 4.00
M, 106721875, 5, -176.446457, 810.650452, -162.375351, 1, 0, 0, 0, 3.34
M, 106721875, 6, -152.796295, 811.572571, -163.468048, 1, 0, 0, 0, 4.00
M, 106721875, 7, -130.013458, 811.066772, -167.776001, 1, 0, 0, 0, 4.00
M, 106722917, 0, -313.140747, 818.570129, -181.378983, 1, 0, 0, 0, 4.00
M, 106722917, 1, -240.819412, 809.885864, -165.855576, 1, 0, 0, 0, 4.00
M, 106722917, 2, -316.146332, 816.987610, -223.999039, 1, 0, 0, 0, 3.55
M, 106722917, 3, -211.827301, 810.021545, -161.409042, 1, 0, 0, 0, 4.00
M, 106722917, 4, -268.277466, 816.371033, -174.973541, 1, 0, 0, 0, 4.00
M, 106722917, 5, -176.451675, 810.646301, -162.377441, 1, 0, 0, 0, 4.00
M, 106722917, 6, -152.786987, 811.600098, -163.464539, 1, 0, 0, 0, 3.52
M, 106722917, 7, -130.014297, 811.065552, -167.776062, 1, 0, 0, 0, 4.00
M, 106723958, 0, -313.141418, 818.569214, -181.379135, 1, 0, 0, 0, 4.00
M, 106723958, 1, -240.819138, 809.885925, -165.855423, 1, 0, 0, 0, 4.00
M, 106723958, 2, -316.143829, 816.986511, -223.997040, 1, 0, 0, 0, 4.00
M, 106723958, 3, -211.832428, 810.022156, -161.423828, 1, 0, 0, 0, 3.79
M, 106723958, 4, -268.278198, 816.369263, -174.973511, 1, 0, 0, 0, 4.00
M, 106723958, 5, -176.450684, 810.646118, -162.378387, 1, 0, 0, 0, 4.00
M, 106723958, 6, -152.788544, 811.593140, -163.465454, 1, 0, 0, 0, 4.00
M, 106723958, 7, -130.003860, 811.075317, -167.784622, 1, 0, 0, 0, 3.07
M, 106725000, 0, -313.141541, 818.574707, -181.382736, 1, 0, 0, 0, 3.57
M, 106725000, 1, -240.818878, 809.885925, -165.855301, 1, 0, 0, 0, 4.00
M, 106725000, 2, -316.144958, 816.985962, -223.997971, 1, 0, 0, 0, 4.00
M, 106725000, 3, -211.830750, 810.020325, -161.420715, 1, 0, 0, 0, 4.00
M, 106725000, 4, -268.281006, 816.374146, -174.983582, 1, 0, 0, 0, 3.37
M, 106725000, 5, -176.449738, 810.645996, -162.379349, 1, 0, 0, 0, 4.00
M, 106725000, 6, -152.787460, 811.594421, -163.465347, 1, 0, 0, 0, 4.00
M, 106725000, 7, -130.006577, 811.072327, -167.783279, 1, 0, 0, 0, 4.00
M, 106726042, 0, -313.142365, 818.572449, -181.382294, 1, 0, 0, 0, 4.00
M, 106726042, 1, -240.831146, 809.899841, -165.868515, 1, 0, 0, 0, 3.72
M, 106726042, 2, -316.146088, 816.985229, -223.998856, 1, 0, 0, 0, 4.00
M, 106726042, 3, -211.830627, 810.019043, -161.421829, 1, 0, 0, 0, 4.00
M, 106726042, 4, -268.281403, 816.371338, -174.981918, 1, 0, 0, 0, 4.00
M, 106726042, 5, -176.450394, 810.651611, -162.377319, 1, 0, 0, 0, 3.34
M, 106726042, 6, -152.786392, 811.595642, -163.465225, 1, 0, 0, 0, 4.00
M, 106726042, 7, -130.006149, 811.072388, -167.784241, 1, 0, 0, 0, 4.00
M, 106727083, 0, -313.142975, 818.572083, -181.382797, 1, 0, 0, 0, 4.00
M, 106727083, 1, -240.828735, 809.897583, -165.866150, 1, 0, 0, 0, 4.00
M, 106727083, 2, -316.151093, 816.983093, -224.008820, 1, 0, 0, 0, 3.55
M, 106727083, 3, -211.830566, 810.017822, -161.422958, 1, 0, 0, 0, 4.00
M, 106727083, 4, -268.282318, 816.370300, -174.982986, 1, 0, 0, 0, 4.00
M, 106727083, 5, -176.449203, 810.650513, -162.378784, 1, 0, 0, 0, 4.00
M, 106727083, 6, -152.795639, 811.594299, -163.473145, 1, 0, 0, 0, 3.52
M, 106727083, 7, -130.005737, 811.072388, -167.785248, 1, 0, 0, 0, 4.00
M, 106728125, 0, -313.143555, 818.571716, -181.383331, 1, 0, 0, 0, 4.00
M, 106728125, 1, -240.829865, 809.899231, -165.867493, 1, 0, 0, 0, 4.00
M, 106728125, 2, -316.151703, 816.982666, -224.008224, 1, 0, 0, 0, 4.00
M, 106728125, 3, -211.843750, 810.027527, -161.429901, 1, 0, 0, 0, 3.79
M, 106728125, 4, -268.283203, 816.369446, -174.983994, 1, 0, 0, 0, 4.00
M, 106728125, 5, -176.448425, 810.651001, -162.379410, 1, 0, 0, 0, 4.00
M, 106728125, 6, -152.792892, 811.595947, -163.471725, 1, 0, 0, 0, 4.00
M, 106728125, 7, -130.016296, 811.075623, -167.787216, 1, 0, 0, 0, 3.07
M, 106729167, 0, -313.138794, 818.581360, -181.390244, 1, 0, 0, 0, 3.57
M, 106729167, 1, -240.830978, 809.900696, -165.868835, 1, 0, 0, 0, 4.00
M, 106729167, 2, -316.153229, 816.981689, -224.010162, 1, 0, 0, 0, 4.00
M, 106729167, 3, -211.841476, 810.024414, -161.430023, 1, 0, 0, 0, 4.00
M, 106729167, 4, -268.283752, 816.383789, -174.981140, 1, 0, 0, 0, 3.37
M, 106729167, 5, -176.447647, 810.651550, -162.380066, 1, 0, 0, 0, 4.00
M, 106729167, 6, -152.792953, 811.596924, -163.472458, 1, 0, 0, 0, 4.00
M, 106729167, 7, -130.014053, 811.075134, -167.788055, 1, 0, 0, 0, 4.00
M, 106730208, 0, -313.140289, 818.579346, -181.389709, 1, 0, 0, 0, 4.00
M, 106730208, 1, -240.829834, 809.897400, -165.865021, 1, 0, 0, 0, 3.72
M, 106730208, 2, -316.154907, 816.980774, -224.012100, 1, 0, 0, 0, 4.00
M, 106730208, 3, -211.842850, 810.024292, -161.431747, 1, 0, 0, 0, 4.00
M, 106730208, 4, -268.284760, 816.380188, -174.982864, 1, 0, 0, 0, 4.00
M, 106730208, 5, -176.452774, 810.655640, -162.376541, 1, 0, 0, 0, 3.34
M, 106730208, 6, -152.793076, 811.597839, -163.473206, 1, 0, 0, 0, 4.00
M, 106730208, 7, -130.014832, 811.075562, -167.789124, 1, 0, 0, 0, 4.00
M, 106731250, 0, -313.140228, 818.580322, -181.390900, 1, 0, 0, 0, 4.00
M, 106731250, 1, -240.831329, 809.899658, -165.867233, 1, 0, 0, 0, 4.00
M, 106731250, 2, -316.146667, 816.989807, -224.007736, 1, 0, 0, 0, 3.55
M, 106731250, 3, -211.844193, 810.024170, -161.433472, 1, 0, 0, 0, 4.00
M, 106731250, 4, -268.285583, 816.380981, -174.983490, 1, 0, 0, 0, 4.00
M, 106731250, 5, -176.451050, 810.655457, -162.377914, 1, 0, 0, 0, 4.00
M, 106731250, 6, -152.802872, 811.591614, -163.483871, 1, 0, 0, 0, 3.52
M, 106731250, 7, -130.015579, 811.075989, -167.790222, 1, 0, 0, 0, 4.00
M, 106732292, 0, -313.140228, 818.581177, -181.392090, 1, 0, 0, 0, 4.00
M, 106732292, 1, -240.832169, 809.900696, -165.868011, 1, 0, 0, 0, 4.00
M, 106732292, 2, -316.149902, 816.987427, -224.010727, 1, 0, 0, 0, 4.00
M, 106732292, 3, -211.836502, 810.037415, -161.431778, 1, 0, 0, 0, 3.79
M, 106732292, 4, -268.286469, 816.381775, -174.984116, 1, 0, 0, 0, 4.00
M, 106732292, 5, -176.450928, 810.656372, -162.378098, 1, 0, 0, 0, 4.00
M, 106732292, 6, -152.801392, 811.593689, -163.483017, 1, 0, 0, 0, 4.00
M, 106732292, 7, -130.011520, 811.069031, -167.788467, 1, 0, 0, 0, 3.07
M, 106733333, 0, -313.136292, 818.589417, -181.374268, 1, 0, 0, 0, 3.57
M, 106733333, 1, -240.832993, 809.901733, -165.868744, 1, 0, 0, 0, 4.00
M, 106733333, 2, -316.150391, 816.987610, -224.011917, 1, 0, 0, 0, 4.00
M, 106733333, 3, -211.839340, 810.034973, -161.434067, 1, 0, 0, 0, 4.00
M, 106733333, 4, -268.276703, 816.393005, -174.976364, 1, 0, 0, 0, 3.37
M, 106733333, 5, -176.450775, 810.657349, -162.378265, 1, 0, 0, 0, 4.00
M, 106733333, 6, -152.802490, 811.593811, -163.484833, 1, 0, 0, 0, 4.00
M, 106733333, 7, -130.013123, 811.070679, -167.790070, 1, 0, 0, 0, 4.00
M, 106734375, 0, -313.136871, 818.588928, -181.378647, 1, 0, 0, 0, 4.00
M, 106734375, 1, -240.816071, 809.904541, -165.855423, 1, 0, 0, 0, 3.34
M, 106734375, 2, -316.150909, 816.987793, -224.013107, 1, 0, 0, 0, 4.00
M, 106734375, 3, -211.839752, 810.036377, -161.435440, 1, 0, 0, 0, 4.00
M, 106734375, 4, -268.279388, 816.391907, -174.978363, 1, 0, 0, 0, 4.00
M, 106734375, 5, -176.451767, 810.659729, -162.374512, 1, 0, 0, 0, 3.34
M, 106734375, 6, -152.803650, 811.593811, -163.486679, 1, 0, 0, 0, 4.00
M, 106734375, 7, -130.013397, 811.070190, -167.790848, 1, 0, 0, 0, 4.00
M, 106735417, 0, -313.136536, 818.590332, -181.377792, 1, 0, 0, 0, 4.00
M, 106735417, 1, -240.819855, 809.905151, -165.858521, 1, 0, 0, 0, 4.00
M, 106735417, 2, -316.135406, 816.988770, -224.001480, 1, 0, 0, 0, 3.98
M, 106735417, 3, -211.840164, 810.037598, -161.436813, 1, 0, 0, 0, 4.00
M, 106735417, 4, -268.279083, 816.393860, -174.978073, 1, 0, 0, 0, 4.00
M, 106735417, 5, -176.451462, 810.660278, -162.375351, 1, 0, 0, 0, 4.00
M, 106735417, 6, -152.787766, 811.606506, -163.470703, 1, 0, 0, 0, 3.52
M, 106735417, 7, -130.013672, 811.069824, -167.791656, 1, 0, 0, 0, 4.00
M, 106736458, 0, -313.136169, 818.592041, -181.376953, 1, 0, 0, 0, 4.00
M, 106736458, 1, -240.818756, 809.906372, -165.857758, 1, 0, 0, 0, 4.00
M, 106736458, 2, -316.138580, 816.988770, -224.004822, 1, 0, 0, 0, 4.00
M, 106736458, 3, -211.836121, 810.038574, -161.438126, 1, 0, 0, 0, 3.79
M, 106736458, 4, -268.278839, 816.395630, -174.977829, 1, 0, 0, 0, 4.00
M, 106736458, 5, -176.451401, 810.661377, -162.375076, 1, 0, 0, 0, 4.00
M, 106736458, 6, -152.791702, 811.604675, -163.475479, 1, 0, 0, 0, 4.00
M, 106736458, 7, -130.014496, 811.072632, -167.794754, 1, 0, 0, 0, 3.07
M, 106737500, 0, -313.137848, 818.595276, -181.377579, 1, 0, 0, 0, 3.57
M, 106737500, 1, -240.817627, 809.907715, -165.856949, 1, 0, 0, 0, 4.00
M, 106737500, 2, -316.137390, 816.989014, -224.004639, 1, 0, 0, 0, 4.00
M, 106737500, 3, -211.837219, 810.039978, -161.439529, 1, 0, 0, 0, 4.00
M, 106737500, 4, -268.270081, 816.392090, -174.980057, 1, 0, 0, 0, 3.37
M, 106737500, 5, -176.451401, 810.662476, -162.374817, 1, 0, 0, 0, 4.00
M, 106737500, 6, -152.790924, 811.606201, -163.475357, 1, 0, 0, 0, 4.00
M, 106737500, 7, -130.014618, 811.071777, -167.795135, 1, 0, 0, 0, 4.00
M, 106738542, 0, -313.137115, 818.596619, -181.376480, 1, 0, 0, 0, 4.00
M, 106738542, 1, -240.817734, 809.902100, -165.855194, 1, 0, 0, 0, 3.34
M, 106738542, 2, -316.136200, 816.989319, -224.004471, 1, 0, 0, 0, 4.00
M, 106738542, 3, -211.837128, 810.041321, -161.440872, 1, 0, 0, 0, 4.00
M, 106738542, 4, -268.271210, 816.394897, -174.979385, 1, 0, 0, 0, 4.00
M, 106738542, 5, -176.451614, 810.656677, -162.373322, 1, 0, 0, 0, 3.34
M, 106738542, 6, -152.790176, 811.607849, -163.475204, 1, 0, 0, 0, 4.00
M, 106738542, 7, -130.014954, 811.071777, -167.796158, 1, 0, 0, 0, 4.00
M, 106739583, 0, -313.136871, 818.598450, -181.375763, 1, 0, 0, 0, 4.00
M, 106739583, 1, -240.816483, 809.904419, -165.854599, 1, 0, 0, 0, 4.00
M, 106739583, 2, -316.134827, 817.008057, -224.001663, 1, 0, 0, 0, 3.55
M, 106739583, 3, -211.837006, 810.042542, -161.442245, 1, 0, 0, 0, 4.00
M, 106739583, 4, -268.269958, 816.396179, -174.979355, 1, 0, 0, 0, 4.00
M, 106739583, 5, -176.451523, 810.659058, -162.373260, 1, 0, 0, 0, 4.00
M, 106739583, 6, -152.796204, 811.602051, -163.480057, 1, 0, 0, 0, 3.52
M, 106739583, 7, -130.015244, 811.071777, -167.797195, 1, 0, 0, 0, 4.00
M, 106740625, 0, -313.136780, 818.600098, -181.375076, 1, 0, 0, 0, 4.00
M, 106740625, 1, -240.815536, 809.904785, -165.853760, 1, 0, 0, 0, 4.00
M, 106740625, 2, -316.133636, 817.005249, -224.001938, 1, 0, 0, 0, 4.00
M, 106740625, 3, -211.828903, 810.043030, -161.420334, 1, 0, 0, 0, 3.79
M, 106740625, 4, -268.268768, 816.397583, -174.979355, 1, 0, 0, 0, 4.00
M, 106740625, 5, -176.451523, 810.659363, -162.372879, 1, 0, 0, 0, 4.00
M, 106740625, 6, -152.794357, 811.604797, -163.479111, 1, 0, 0, 0, 4.00
M, 106740625, 7, -130.007111, 811.074951, -167.782333, 1, 0, 0, 0, 3.07
M, 106741667, 0, -313.125977, 818.597046, -181.376297, 1, 0, 0, 0, 3.57
M, 106741667, 1, -240.814529, 809.905396, -165.852859, 1, 0, 0, 0, 4.00
M, 106741667, 2, -316.132385, 817.007568, -224.001419, 1, 0, 0, 0, 4.00
M, 106741667, 3, -211.830093, 810.044617, -161.425491, 1, 0, 0, 0, 4.00
M, 106741667, 4, -268.265564, 816.396790, -174.974304, 1, 0, 0, 0, 3.37
M, 106741667, 5, -176.451523, 810.659607, -162.372482, 1, 0, 0, 0, 4.00
M, 106741667, 6, -152.794388, 811.605469, -163.479523, 1, 0, 0, 0, 4.00
M, 106741667, 7, -130.008774, 811.074402, -167.785995, 1, 0, 0, 0, 4.00
M, 106742708, 0, -313.127594, 818.599670, -181.375290, 1, 0, 0, 0, 4.00
M, 106742708, 1, -240.812134, 809.910278, -165.852066, 1, 0, 0, 0, 3.34
M, 106742708, 2, -316.131256, 817.009766, -224.001007, 1, 0, 0, 0, 4.00
M, 106742708, 3, -211.829086, 810.045654, -161.424362, 1, 0, 0, 0, 4.00
M, 106742708, 4, -268.264679, 816.398438, -174.975174, 1, 0, 0, 0, 4.00
M, 106742708, 5, -176.440018, 810.668396, -162.359970, 1, 0, 0, 0, 3.34
M, 106742708, 6, -152.794418, 811.606201, -163.479950, 1, 0, 0, 0, 4.00
M, 106742708, 7, -130.008179, 811.074707, -167.785278, 1, 0, 0, 0, 4.00
M, 106743750, 0, -313.126160, 818.600952, -181.374741, 1, 0, 0, 0, 4.00
M, 106743750, 1, -240.811417, 809.910034, -165.851196, 1, 0, 0, 0, 4.00
M, 106743750, 2, -316.120819, 817.011597, -223.996384, 1, 0, 0, 0, 3.55
M, 106743750, 3, -211.828125, 810.046814, -161.423172, 1, 0, 0, 0, 4.00
M, 106743750, 4, -268.263306, 816.399414, -174.974640, 1, 0, 0, 0, 4.00
M, 106743750, 5, -176.441925, 810.667419, -162.361588, 1, 0, 0, 0, 4.00
M, 106743750, 6, -152.789322, 811.612305, -163.457474, 1, 0, 0, 0, 3.52
M, 106743750, 7, -130.007553, 811.075073, -167.784592, 1, 0, 0, 0, 4.00
M, 106744792, 0, -313.124786, 818.602234, -181.374237, 1, 0, 0, 0, 4.00
M, 106744792, 1, -240.810318, 809.910889, -165.850327, 1, 0, 0, 0, 4.00
M, 106744792, 2, -316.121063, 817.014099, -223.996567, 1, 0, 0, 0, 4.00
M, 106744792, 3, -211.816269, 810.061768, -161.413773, 1, 0, 0, 0, 3.79
M, 106744792, 4, -268.261871, 816.400330, -174.974106, 1, 0, 0, 0, 4.00
M, 106744792, 5, -176.440674, 810.668579, -162.359848, 1, 0, 0, 0, 4.00
M, 106744792, 6, -152.790146, 811.612183, -163.461639, 1, 0, 0, 0, 4.00
M, 106744792, 7, -130.002762, 811.083618, -167.777802, 1, 0, 0, 0, 3.07
M, 106745833, 0, -313.141174, 818.599182, -181.390610, 1, 0, 0, 0, 3.57
M, 106745833, 1, -240.809219, 809.911804, -165.849472, 1, 0, 0, 0, 4.00
M, 106745833, 2, -316.118896, 817.016174, -223.995636, 1, 0, 0, 0, 4.00
M, 106745833, 3, -211.817108, 810.060547, -161.413925, 1, 0, 0, 0, 4.00
M, 106745833, 4, -268.280579, 816.399902, -174.967361, 1, 0, 0, 0, 3.37
M, 106745833, 5, -176.439392, 810.670105, -162.358124, 1, 0, 0, 0, 4.00
M, 106745833, 6, -152.789612, 811.613525, -163.459564, 1, 0, 0, 0, 4.00
M, 106745833, 7, -130.002792, 811.082642, -167.778091, 1, 0, 0, 0, 4.00
M, 106746875, 0, -313.136871, 818.601135, -181.387329, 1, 0, 0, 0, 4.00
M, 106746875, 1, -240.823105, 809.891113, -165.841125, 1, 0, 0, 0, 3.34
M, 106746875, 2, -316.116638, 817.018555, -223.994720, 1, 0, 0, 0, 4.00
M, 106746875, 3, -211.814957, 810.063171, -161.411896, 1, 0, 0, 0, 4.00
M, 106746875, 4, -268.275757, 816.401184, -174.967819, 1, 0, 0, 0, 4.00
M, 106746875, 5, -176.449432, 810.668152, -162.363724, 1, 0, 0, 0, 3.34
M, 106746875, 6, -152.789017, 811.614868, -163.457474, 1, 0, 0, 0, 4.00
M, 106746875, 7, -130.001663, 811.084045, -167.776718, 1, 0, 0, 0, 4.00
M, 106747917, 0, -313.137482, 818.601929, -181.388702, 1, 0, 0, 0, 4.00
M, 106747917, 1, -240.819534, 809.895630, -165.841476, 1, 0, 0, 0, 4.00
M, 106747917, 2, -316.121002, 817.018921, -223.995163, 1, 0, 0, 0, 3.55
M, 106747917, 3, -211.812805, 810.065796, -161.409821, 1, 0, 0, 0, 4.00
M, 106747917, 4, -268.276520, 816.402039, -174.966599, 1, 0, 0, 0, 4.00
M, 106747917, 5, -176.446335, 810.669861, -162.360809, 1, 0, 0, 0, 4.00
M, 106747917, 6, -152.797775, 811.601135, -163.465317, 1, 0, 0, 0, 3.52
M, 106747917, 7, -130.000610, 811.085266, -167.775360, 1, 0, 0, 0, 4.00
M, 106748958, 0, -313.138153, 818.602661, -181.390060, 1, 0, 0, 0, 4.00
M, 106748958, 1, -240.820099, 809.894104, -165.839813, 1, 0, 0, 0, 4.00
M, 106748958, 2, -316.117706, 817.021362, -223.994064, 1, 0, 0, 0, 4.00
M, 106748958, 3, -211.830032, 810.039001, -161.411667, 1, 0, 0, 0, 3.79
M, 106748958, 4, -268.277374, 816.402832, -174.965378, 1, 0, 0, 0, 4.00
M, 106748958, 5, -176.446335, 810.670654, -162.359879, 1, 0, 0, 0, 4.00
M, 106748958, 6, -152.795715, 811.604797, -163.461609, 1, 0, 0, 0, 4.00
M, 106748958, 7, -130.012497, 811.074463, -167.772247, 1, 0, 0, 0, 3.07
M, 106750000, 0, -313.144165, 818.590881, -181.386932, 1, 0, 0, 0, 3.57
M, 106750000, 1, -240.820663, 809.892517, -165.838135, 1, 0, 0, 0, 4.00
M, 106750000, 2, -316.116150, 817.023376, -223.993256, 1, 0, 0, 0, 4.00
M, 106750000, 3, -211.824646, 810.046692, -161.408951, 1, 0, 0, 0, 4.00
M, 106750000, 4, -268.280579, 816.397156, -174.967392, 1, 0, 0, 0, 3.37
M, 106750000, 5, -176.446274, 810.671631, -162.358963, 1, 0, 0, 0, 4.00
M, 106750000, 6, -152.796234, 811.604431, -163.460602, 1, 0, 0, 0, 4.00
M, 106750000, 7, -130.009308, 811.077576, -167.771179, 1, 0, 0, 0, 4.00
M, 106751042, 0, -313.143799, 818.593750, -181.388992, 1, 0, 0, 0, 4.00
M, 106751042, 1, -240.821259, 809.905640, -165.850006, 1, 0, 0, 0, 3.34
M, 106751042, 2, -316.114746, 817.025391, -223.992477, 1, 0, 0, 0, 4.00
M, 106751042, 3, -211.824554, 810.046143, -161.407318, 1, 0, 0, 0, 4.00
M, 106751042, 4, -268.280945, 816.399109, -174.965637, 1, 0, 0, 0, 4.00
M, 106751042, 5, -176.459152, 810.647583, -162.368912, 1, 0, 0, 0, 3.34
M, 106751042, 6, -152.796707, 811.604065, -163.459656, 1, 0, 0, 0, 4.00
M, 106751042, 7, -130.009674, 811.077515, -167.769684, 1, 0, 0, 0, 4.00
M, 106752083, 0, -313.144989, 818.593323, -181.389893, 1, 0, 0, 0, 4.00
M, 106752083, 1, -240.821762, 809.901794, -165.846069, 1, 0, 0, 0, 4.00
M, 106752083, 2, -316.126312, 817.004639, -223.992722, 1, 0, 0, 0, 3.55
M, 106752083, 3, -211.824493, 810.045593, -161.405640, 1, 0, 0, 0, 4.00
M, 106752083, 4, -268.281952, 816.399292, -174.964767, 1, 0, 0, 0, 4.00
M, 106752083, 5, -176.457001, 810.652649, -162.366165, 1, 0, 0, 0, 4.00
M, 106752083, 6, -152.800797, 811.597778, -163.466110, 1, 0, 0, 0, 3.52
M, 106752083, 7, -130.009995, 811.077393, -167.768082, 1, 0, 0, 0, 4.00
M, 106753125, 0, -313.146179, 818.592712, -181.390717, 1, 0, 0, 0, 4.00
M, 106753125, 1, -240.822266, 809.901917, -165.845856, 1, 0, 0, 0, 4.00
M, 106753125, 2, -316.122589, 817.010315, -223.991791, 1, 0, 0, 0, 4.00
M, 106753125, 3, -211.838348, 810.040527, -161.413605, 1, 0, 0, 0, 3.96
M, 106753125, 4, -268.283020, 816.399475, -174.963913, 1, 0, 0, 0, 4.00
M, 106753125, 5, -176.458374, 810.650818, -162.366409, 1, 0, 0, 0, 4.00
M, 106753125, 6, -152.800644, 811.598511, -163.463882, 1, 0, 0, 0, 4.00
M, 106753125, 7, -130.008484, 811.082336, -167.772552, 1, 0, 0, 0, 3.07
M, 106754167, 0, -313.148682, 818.587219, -181.390213, 1, 0, 0, 0, 3.57
M, 106754167, 1, -240.822800, 809.902100, -165.845657, 1, 0, 0, 0, 4.00
M, 106754167, 2, -316.122528, 817.009766, -223.991119, 1, 0, 0, 0, 4.00
M, 106754167, 3, -211.836029, 810.040649, -161.410385, 1, 0, 0, 0, 4.00
M, 106754167, 4, -268.275696, 816.387512, -174.973511, 1, 0, 0, 0, 3.37
M, 106754167, 5, -176.459808, 810.648865, -162.366714, 1, 0, 0, 0, 4.00
M, 106754167, 6, -152.801498, 811.597473, -163.463699, 1, 0, 0, 0, 4.00
M, 106754167, 7, -130.009140, 811.081421, -167.770020, 1, 0, 0, 0, 4.00
M, 106755208, 0, -313.149628, 818.587402, -181.391312, 1, 0, 0, 0, 4.00
M, 106755208, 1, -240.827225, 809.898621, -165.867050, 1, 0, 0, 0, 3.34
M, 106755208, 2, -316.122498, 817.009338, -223.990509, 1, 0, 0, 0, 4.00
M, 106755208, 3, -211.837494, 810.039673, -161.409790, 1, 0, 0, 0, 4.00
M, 106755208, 4, -268.278076, 816.389709, -174.970886, 1, 0, 0, 0, 4.00
M, 106755208, 5, -176.455750, 810.650513, -162.377014, 1, 0, 0, 0, 3.34
M, 106755208, 6, -152.802368, 811.596558, -163.463486, 1, 0, 0, 0, 4.00
M, 106755208, 7, -130.009308, 811.081909, -167.769150, 1, 0, 0, 0, 4.00
M, 106756250, 0, -313.150940, 818.586304, -181.391968, 1, 0, 0, 0, 4.00
M, 106756250, 1, -240.827133, 809.899353, -165.863266, 1, 0, 0, 0, 4.00
M, 106756250, 2, -316.132965, 817.013306, -224.006317, 1, 0, 0, 0, 3.55
M, 106756250, 3, -211.838974, 810.038452, -161.409195, 1, 0, 0, 0, 4.00
M, 106756250, 4, -268.278259, 816.388428, -174.971146, 1, 0, 0, 0, 4.00
M, 106756250, 5, -176.458115, 810.647949, -162.375656, 1, 0, 0, 0, 4.00
M, 106756250, 6, -152.790619, 811.595337, -163.460541, 1, 0, 0, 0, 3.52
M, 106756250, 7, -130.009491, 811.082275, -167.768265, 1, 0, 0, 0, 4.00
M, 106757292, 0, -313.152252, 818.585022, -181.392685, 1, 0, 0, 0, 4.00
M, 106757292, 1, -240.828079, 809.899048, -165.865448, 1, 0, 0, 0, 4.00
M, 106757292, 2, -316.131195, 817.012024, -224.002914, 1, 0, 0, 0, 4.00
M, 106757292, 3, -211.837250, 810.047363, -161.422455, 1, 0, 0, 0, 3.79
M, 106757292, 4, -268.278320, 816.387329, -174.971390, 1, 0, 0, 0, 4.00
M, 106757292, 5, -176.458878, 810.646545, -162.377014, 1, 0, 0, 0, 4.00
M, 106757292, 6, -152.793549, 811.594299, -163.460815, 1, 0, 0, 0, 4.00
M, 106757292, 7, -130.005325, 811.088928, -167.776901, 1, 0, 0, 0, 3.07
M, 106758333, 0, -313.147797, 818.577820, -181.387527, 1, 0, 0, 0, 3.57
M, 106758333, 1, -240.829071, 809.898865, -165.867584, 1, 0, 0, 0, 4.00
M, 106758333, 2, -316.132324, 817.012146, -224.004044, 1, 0, 0, 0, 4.00
M, 106758333, 3, -211.839279, 810.044495, -161.419586, 1, 0, 0, 0, 4.00
M, 106758333, 4, -268.293701, 816.385498, -174.983017, 1, 0, 0, 0, 3.37
M, 106758333, 5, -176.459686, 810.645081, -162.378387, 1, 0, 0, 0, 4.00
M, 106758333, 6, -152.793045, 811.593384, -163.460327, 1, 0, 0, 0, 4.00
M, 106758333, 7, -130.006149, 811.088379, -167.774429, 1, 0, 0, 0, 4.00
M, 106759375, 0, -313.150055, 818.577576, -181.389236, 1, 0, 0, 0, 4.00
M, 106759375, 1, -240.830917, 809.886597, -165.863419, 1, 0, 0, 0, 3.34
M, 106759375, 2, -316.133392, 817.012146, -224.005203, 1, 0, 0, 0, 4.00
M, 106759375, 3, -211.840408, 810.044617, -161.420517, 1, 0, 0, 0, 4.00
M, 106759375, 4, -268.291260, 816.384521, -174.981369, 1, 0, 0, 0, 4.00
M, 106759375, 5, -176.457184, 810.658508, -162.382019, 1, 0, 0, 0, 3.34
M, 106759375, 6, -152.792526, 811.592346, -163.459854, 1, 0, 0, 0, 4.00
M, 106759375, 7, -130.005890, 811.089417, -167.774582, 1, 0, 0, 0, 4.00
M, 106760417, 0, -313.150848, 818.575745, -181.389297, 1, 0, 0, 0, 4.00
M, 106760417, 1, -240.831741, 809.888245, -165.866638, 1, 0, 0, 0, 4.00
M, 106760417, 2, -316.134338, 816.996399, -224.011139, 1, 0, 0, 0, 3.55
M, 106760417, 3, -211.841537, 810.044556, -161.421432, 1, 0, 0, 0, 4.00
M, 106760417, 4, -268.292969, 816.383423, -174.982864, 1, 0, 0, 0, 4.00
M, 106760417, 5, -176.458557, 810.654663, -162.383011, 1, 0, 0, 0, 4.00
M, 106760417, 6, -152.800110, 811.588501, -163.477234, 1, 0, 0, 0, 3.52
M, 106760417, 7, -130.005524, 811.090576, -167.774750, 1, 0, 0, 0, 4.00
M, 106761458, 0, -313.151550, 818.573975, -181.389374, 1, 0, 0, 0, 4.00
M, 106761458, 1, -240.832764, 809.886780, -165.868057, 1, 0, 0, 0, 4.00
M, 106761458, 2, -316.135345, 816.999146, -224.011444, 1, 0, 0, 0, 4.00
M, 106761458, 3, -211.833313, 810.045898, -161.427704, 1, 0, 0, 0, 3.79
M, 106761458, 4, -268.294769, 816.382324, -174.984360, 1, 0, 0, 0, 4.00
M, 106761458, 5, -176.458939, 810.654968, -162.384613, 1, 0, 0, 0, 4.00
M, 106761458, 6, -152.798248, 811.588013, -163.473801, 1, 0, 0, 0, 4.00
M, 106761458, 7, -130.016403, 811.084900, -167.786591, 1, 0, 0, 0, 3.07
M, 106762500, 0, -313.142242, 818.583740, -181.395493, 1, 0, 0, 0, 3.57
M, 106762500, 1, -240.833832, 809.885193, -165.869553, 1, 0, 0, 0, 4.00
M, 106762500, 2, -316.136444, 816.997498, -224.013107, 1, 0, 0, 0, 4.00
M, 106762500, 3, -211.836060, 810.045654, -161.427750, 1, 0, 0, 0, 4.00
M, 106762500, 4, -268.286957, 816.372742, -174.993149, 1, 0, 0, 0, 3.37
M, 106762500, 5, -176.459396, 810.655212, -162.386261, 1, 0, 0, 0, 4.00
M, 106762500, 6, -152.798645, 811.586609, -163.475296, 1, 0, 0, 0, 4.00
M, 106762500, 7, -130.014267, 811.087097, -167.784805, 1, 0, 0, 0, 4.00
M, 106763542, 0, -313.144562, 818.580017, -181.394531, 1, 0, 0, 0, 4.00
M, 106763542, 1, -240.835739, 809.891357, -165.871109, 1, 0, 0, 0, 3.34
M, 106763542, 2, -316.137512, 816.995911, -224.014709, 1, 0, 0, 0, 4.00
M, 106763542, 3, -211.836182, 810.045776, -161.429306, 1, 0, 0, 0, 4.00
M, 106763542, 4, -268.290283, 816.372986, -174.993408, 1, 0, 0, 0, 4.00
M, 106763542, 5, -176.463272, 810.659546, -162.386200, 1, 0, 0, 0, 3.32
M, 106763542, 6, -152.799026, 811.585327, -163.476761, 1, 0, 0, 0, 4.00
M, 106763542, 7, -130.015152, 811.087463, -167.786224, 1, 0, 0, 0, 4.00
M, 106764583, 0, -313.144226, 818.579529, -181.395279, 1, 0, 0, 0, 4.00
M, 106764583, 1, -240.836639, 809.888489, -165.872589, 1, 0, 0, 0, 4.00
M, 106764583, 2, -316.139038, 816.996948, -224.013824, 1, 0, 0, 0, 3.55
M, 106764583, 3, -211.836288, 810.045898, -161.430801, 1, 0, 0, 0, 4.00
M, 106764583, 4, -268.291077, 816.370789, -174.995743, 1, 0, 0, 0, 4.00
M, 106764583, 5, -176.463150, 810.658875, -162.388107, 1, 0, 0, 0, 4.00
M, 106764583, 6, -152.795700, 811.591736, -163.485397, 1, 0, 0, 0, 3.52
M, 106764583, 7, -130.016052, 811.087830, -167.787659, 1, 0, 0, 0, 4.00
M, 106765625, 0, -313.143799, 818.578979, -181.395966, 1, 0, 0, 0, 4.00
M, 106765625, 1, -240.837799, 809.887756, -165.874054, 1, 0, 0, 0, 4.00
M, 106765625, 2, -316.140015, 816.994995, -224.015915, 1, 0, 0, 0, 4.00
M, 106765625, 3, -211.834503, 810.039124, -161.429962, 1, 0, 0, 0, 3.79
M, 106765625, 4, -268.291779, 816.368713, -174.998001, 1, 0, 0, 0, 4.00
M, 106765625, 5, -176.463943, 810.659607, -162.389481, 1, 0, 0, 0, 4.00
M, 106765625, 6, -152.796677, 811.589233, -163.485672, 1, 0, 0, 0, 4.00
M, 106765625, 7, -130.021057, 811.081848, -167.787033, 1, 0, 0, 0, 3.07
M, 106766667, 0, -313.135681, 818.583252, -181.383362, 1, 0, 0, 0, 3.57
M, 106766667, 1, -240.838959, 809.887024, -165.875519, 1, 0, 0, 0, 4.00
M, 106766667, 2, -316.141205, 816.993408, -224.017273, 1, 0, 0, 0, 4.00
M, 106766667, 3, -211.834930, 810.040344, -161.431870, 1, 0, 0, 0, 4.00
M, 106766667, 4, -268.280762, 816.383423, -174.985077, 1, 0, 0, 0, 3.37
M, 106766667, 5, -176.464752, 810.660217, -162.390915, 1, 0, 0, 0, 4.00
M, 106766667, 6, -152.796677, 811.588684, -163.487900, 1, 0, 0, 0, 4.00
M, 106766667, 7, -130.021271, 811.083313, -167.788788, 1, 0, 0, 0, 4.00
M, 106767708, 0, -313.136536, 818.581848, -181.386307, 1, 0, 0, 0, 4.00
M, 106767708, 1, -240.816315, 809.907776, -165.875183, 1, 0, 0, 0, 3.34
M, 106767708, 2, -316.142273, 816.992126, -224.018646, 1, 0, 0, 0, 4.00
M, 106767708, 3, -211.834808, 810.039856, -161.433121, 1, 0, 0, 0, 4.00
M, 106767708, 4, -268.283447, 816.378357, -174.989899, 1, 0, 0, 0, 4.00
M, 106767708, 5, -176.462372, 810.658630, -162.386383, 1, 0, 0, 0, 3.32
M, 106767708, 6, -152.796646, 811.588257, -163.490189, 1, 0, 0, 0, 4.00
M, 106767708, 7, -130.022614, 811.083008, -167.789978, 1, 0, 0, 0, 4.00
M, 106768750, 0, -313.135345, 818.581909, -181.385529, 1, 0, 0, 0, 4.00
M, 106768750, 1, -240.821381, 809.903503, -165.876938, 1, 0, 0, 0, 4.00
M, 106768750, 2, -316.127014, 817.004761, -224.014420, 1, 0, 0, 0, 3.55
M, 106768750, 3, -211.834686, 810.039185, -161.434311, 1, 0, 0, 0, 4.00
M, 106768750, 4, -268.282898, 816.378174, -174.990555, 1, 0, 0, 0, 4.00
M, 106768750, 5, -176.463715, 810.659668, -162.388763, 1, 0, 0, 0, 4.00
M, 106768750, 6, -152.787521, 811.599548, -163.477676, 1, 0, 0, 0, 3.52
M, 106768750, 7, -130.023941, 811.082642, -167.791214, 1, 0, 0, 0, 4.00
M, 106769792, 0, -313.134094, 818.581909, -181.384796, 1, 0, 0, 0, 4.00
M, 106769792, 1, -240.819885, 809.905212, -165.878189, 1, 0, 0, 0, 4.00
M, 106769792, 2, -316.130829, 817.001038, -224.016708, 1, 0, 0, 0, 4.00
M, 106769792, 3, -211.828125, 810.044739, -161.419052, 1, 0, 0, 0, 3.79
M, 106769792, 4, -268.282440, 816.377808, -174.991211, 1, 0, 0, 0, 4.00
M, 106769792, 5, -176.464157, 810.660095, -162.389572, 1, 0, 0, 0, 4.00
M, 106769792, 6, -152.788986, 811.597168, -163.482391, 1, 0, 0, 0, 4.00
M, 106769792, 7, -130.002945, 811.087036, -167.789001, 1, 0, 0, 0, 3.07
M, 106770833, 0, -313.146057, 818.571411, -181.387268, 1, 0, 0, 0, 3.57
M, 106770833, 1, -240.818451, 809.906982, -165.879471, 1, 0, 0, 0, 4.00
M, 106770833, 2, -316.130157, 817.001282, -224.017426, 1, 0, 0, 0, 4.00
M, 106770833, 3, -211.829086, 810.043213, -161.423019, 1, 0, 0, 0, 4.00
M, 106770833, 4, -268.274689, 816.383728, -174.980392, 1, 0, 0, 0, 3.56
M, 106770833, 5, -176.464630, 810.660461, -162.390366, 1, 0, 0, 0, 4.00
M, 106770833, 6, -152.788010, 811.597961, -163.483047, 1, 0, 0, 0, 4.00
M, 106770833, 7, -130.008041, 811.085876, -167.790787, 1, 0, 0, 0, 4.00
M, 106771875, 0, -313.142609, 818.573120, -181.386017, 1, 0, 0, 0, 4.00
M, 106771875, 1, -240.817627, 809.916321, -165.879211, 1, 0, 0, 0, 3.34
M, 106771875, 2, -316.129517, 817.001404, -224.018204, 1, 0, 0, 0, 4.00
M, 106771875, 3, -211.828278, 810.043274, -161.422455, 1, 0, 0, 0, 4.00
M, 106771875, 4, -268.275330, 816.382446, -174.982925, 1, 0, 0, 0, 4.00
M, 106771875, 5, -176.463974, 810.653809, -162.390915, 1, 0, 0, 0, 3.32
M, 106771875, 6, -152.786987, 811.598877, -163.483704, 1, 0, 0, 0, 4.00
M, 106771875, 7, -130.006927, 811.085999, -167.791626, 1, 0, 0, 0, 4.00
M, 106772917, 0, -313.142853, 818.571960, -181.385651, 1, 0, 0, 0, 4.00
M, 106772917, 1, -240.816040, 809.916687, -165.880707, 1, 0, 0, 0, 4.00
M, 106772917, 2, -316.145142, 816.985718, -224.018265, 1, 0, 0, 0, 3.55
M, 106772917, 3, -211.827469, 810.043213, -161.421921, 1, 0, 0, 0, 4.00
M, 106772917, 4, -268.274017, 816.382813, -174.982330, 1, 0, 0, 0, 4.00
M, 106772917, 5, -176.464569, 810.655396, -162.391708, 1, 0, 0, 0, 4.00
M, 106772917, 6, -152.803802, 811.587219, -163.489548, 1, 0, 0, 0, 3.52
M, 106772917, 7, -130.005859, 811.086182, -167.792465, 1, 0, 0, 0, 4.00
M, 106773958, 0, -313.143036, 818.570862, -181.385239, 1, 0, 0, 0, 4.00
M, 106773958, 1, -240.814697, 809.919128, -165.881836, 1, 0, 0, 0, 4.00
M, 106773958, 2, -316.141785, 816.988403, -224.019150, 1, 0, 0, 0, 4.00
M, 106773958, 3, -211.844315, 810.037109, -161.430893, 1, 0, 0, 0, 3.79
M, 106773958, 4, -268.272705, 816.383179, -174.981735, 1, 0, 0, 0, 4.00
M, 106773958, 5, -176.464874, 810.655151, -162.392456, 1, 0, 0, 0, 4.00
M, 106773958, 6, -152.799866, 811.589966, -163.489334, 1, 0, 0, 0, 4.00
M, 106773958, 7, -130.015640, 811.077454, -167.789658, 1, 0, 0, 0, 3.07
M, 106775000, 0, -313.140686, 818.580078, -181.383514, 1, 0, 0, 0, 3.57
M, 106775000, 1, -240.813324, 809.921631, -165.882965, 1, 0, 0, 0, 4.00
M, 106775000, 2, -316.142853, 816.986877, -224.019836, 1, 0, 0, 0, 4.00
M, 106775000, 3, -211.840591, 810.038269, -161.428711, 1, 0, 0, 0, 4.00
M, 106775000, 4, -268.281525, 816.384094, -174.984863, 1, 0, 0, 0, 3.37
M, 106775000, 5, -176.465225, 810.654785, -162.393173, 1, 0, 0, 0, 4.00
M, 106775000, 6, -152.800797, 811.589417, -163.490555, 1, 0, 0, 0, 4.00
M, 106775000, 7, -130.012772, 811.079163, -167.791092, 1, 0, 0, 0, 4.00
M, 106776042, 0, -313.141418, 818.577148, -181.383362, 1, 0, 0, 0, 4.00
M, 106776042, 1, -240.819641, 809.925598, -165.868835, 1, 0, 0, 0, 3.34
M, 106776042, 2, -316.143951, 816.985229, -224.020493, 1, 0, 0, 0, 4.00
M, 106776042, 3, -211.841660, 810.037598, -161.429184, 1, 0, 0, 0, 4.00
M, 106776042, 4, -268.278564, 816.384460, -174.983643, 1, 0, 0, 0, 4.00
M, 106776042, 5, -176.458496, 810.658508, -162.376129, 1, 0, 0, 0, 3.32
M, 106776042, 6, -152.801712, 811.588867, -163.491745, 1, 0, 0, 0, 4.00
M, 106776042, 7, -130.012894, 811.078186, -167.791565, 1, 0, 0, 0, 4.00
M, 106777083, 0, -313.141296, 818.577087, -181.382858, 1, 0, 0, 0, 4.00
M, 106777083, 1, -240.817032, 809.927734, -165.872452, 1, 0, 0, 0, 4.00
M, 106777083, 2, -316.119019, 816.994446, -223.998260, 1, 0, 0, 0, 3.55
M, 106777083, 3, -211.842819, 810.036987, -161.429657, 1, 0, 0, 0, 4.00
M, 106777083, 4, -268.278320, 816.384888, -174.983429, 1, 0, 0, 0, 4.00
M, 106777083, 5, -176.459991, 810.657593, -162.379791, 1, 0, 0, 0, 4.00
M, 106777083, 6, -152.790680, 811.592834, -163.477234, 1, 0, 0, 0, 3.52
M, 106777083, 7, -130.012955, 811.077454, -167.791977, 1, 0, 0, 0, 4.00
M, 106778125, 0, -313.141296, 818.576965, -181.382324, 1, 0, 0, 0, 4.00
M, 106778125, 1, -240.816452, 809.930420, -165.871872, 1, 0, 0, 0, 4.00
M, 106778125, 2, -316.124390, 816.991028, -224.002731, 1, 0, 0, 0, 4.00
M, 106778125, 3, -211.825272, 810.046753, -161.420364, 1, 0, 0, 0, 3.79
M, 106778125, 4, -268.278076, 816.385132, -174.983215, 1, 0, 0, 0, 4.00
M, 106778125, 5, -176.459534, 810.657654, -162.378571, 1, 0, 0, 0, 4.00
M, 106778125, 6, -152.793640, 811.591431, -163.481079, 1, 0, 0, 0, 4.00
M, 106778125, 7, -130.005386, 811.079834, -167.781189, 1, 0, 0, 0, 3.07
M, 106779167, 0, -313.141998, 818.582581, -181.388580, 1, 0, 0, 0, 3.57
M, 106779167, 1, -240.815948, 809.932983, -165.871338, 1, 0, 0, 0, 4.00
M, 106779167, 2, -316.122650, 816.990601, -224.000854, 1, 0, 0, 0, 4.00
M, 106779167, 3, -211.829437, 810.044434, -161.422424, 1, 0, 0, 0, 4.00
M, 106779167, 4, -268.288208, 816.385864, -174.984299, 1, 0, 0, 0, 3.37
M, 106779167, 5, -176.459122, 810.657776, -162.377441, 1, 0, 0, 0, 4.00
M, 106779167, 6, -152.793274, 811.591431, -163.480576, 1, 0, 0, 0, 4.00
M, 106779167, 7, -130.006760, 811.078491, -167.783493, 1, 0, 0, 0, 4.00
M, 106780208, 0, -313.141846, 818.581543, -181.386902, 1, 0, 0, 0, 4.00
M, 106780208, 1, -240.811417, 809.932312, -165.875519, 1, 0, 0, 0, 3.34
M, 106780208, 2, -316.120941, 816.990234, -223.999039, 1, 0, 0, 0, 4.00
M, 106780208, 3, -211.828522, 810.045044, -161.421829, 1, 0, 0, 0, 4.00
M, 106780208, 4, -268.286316, 816.386169, -174.983871, 1, 0, 0, 0, 4.00
M, 106780208, 5, -176.459274, 810.669373, -162.391510, 1, 0, 0, 0, 3.32
M, 106780208, 6, -152.792892, 811.591370, -163.480057, 1, 0, 0, 0, 4.00
M, 106780208, 7, -130.006042, 811.078125, -167.782715, 1, 0, 0, 0, 4.00
M, 106781250, 0, -313.141846, 818.582153, -181.387146, 1, 0, 0, 0, 4.00
M, 106781250, 1, -240.811508, 809.935486, -165.874146, 1, 0, 0, 0, 4.00
M, 106781250, 2, -316.138275, 816.990784, -224.010986, 1, 0, 0, 0, 3.55
M, 106781250, 3, -211.827560, 810.045532, -161.421204, 1, 0, 0, 0, 4.00
M, 106781250, 4, -268.287262, 816.386597, -174.983826, 1, 0, 0, 0, 4.00
M, 106781250, 5, -176.458771, 810.667480, -162.387802, 1, 0, 0, 0, 4.00
M, 106781250, 6, -152.794266, 811.593506, -163.473389, 1, 0, 0, 0, 3.52
M, 106781250, 7, -130.005295, 811.077637, -167.781906, 1, 0, 0, 0, 4.00
M, 106782292, 0, -313.141907, 818.582642, -181.387360, 1, 0, 0, 0, 4.00
M, 106782292, 1, -240.810532, 809.937744, -165.874115, 1, 0, 0, 0, 4.00
M, 106782292, 2, -316.133453, 816.990173, -224.006912, 1, 0, 0, 0, 4.00
M, 106782292, 3, -211.833084, 810.041016, -161.411896, 1, 0, 0, 0, 3.79
M, 106782292, 4, -268.288147, 816.387024, -174.983765, 1, 0, 0, 0, 4.00
M, 106782292, 5, -176.458374, 810.668884, -162.388290, 1, 0, 0, 0, 4.00
M, 106782292, 6, -152.793640, 811.593079, -163.473923, 1, 0, 0, 0, 4.00
M, 106782292, 7, -130.009949, 811.073425, -167.775589, 1, 0, 0, 0, 3.07
M, 106783333, 0, -313.135406, 818.587646, -181.383514, 1, 0, 0, 0, 3.57
M, 106783333, 1, -240.809570, 809.940063, -165.874084, 1, 0, 0, 0, 4.00
M, 106783333, 2, -316.133820, 816.989868, -224.006607, 1, 0, 0, 0, 4.00
M, 106783333, 3, -211.831116, 810.042480, -161.412735, 1, 0, 0, 0, 4.00
M, 106783333, 4, -268.282196, 816.383606, -174.980576, 1, 0, 0, 0, 3.37
M, 106783333, 5, -176.458023, 810.670288, -162.388763, 1, 0, 0, 0, 4.00
M, 106783333, 6, -152.793457, 811.593262, -163.472733, 1, 0, 0, 0, 4.00
M, 106783333, 7, -130.008301, 811.073730, -167.775711, 1, 0, 0, 0, 4.00
M, 106784375, 0, -313.136536, 818.587463, -181.384369, 1, 0, 0, 0, 4.00
M, 106784375, 1, -240.816315, 809.910828, -165.858047, 1, 0, 0, 0, 3.34
M, 106784375, 2, -316.134155, 816.989502, -224.006317, 1, 0, 0, 0, 4.00
M, 106784375, 3, -211.830933, 810.042419, -161.411240, 1, 0, 0, 0, 4.00
M, 106784375, 4, -268.284271, 816.384644, -174.981049, 1, 0, 0, 0, 4.00
M, 106784375, 5, -176.456299, 810.688110, -162.392212, 1, 0, 0, 0, 3.32
M, 106784375, 6, -152.793304, 811.593384, -163.471603, 1, 0, 0, 0, 4.00
M, 106784375, 7, -130.008087, 811.072876, -167.774307, 1, 0, 0, 0, 4.00
M, 106785417, 0, -313.135803, 818.588562, -181.384171, 1, 0, 0, 0, 4.00
M, 106785417, 1, -240.814011, 809.918335, -165.860611, 1, 0, 0, 0, 4.00
M, 106785417, 2, -316.130127, 817.000671, -223.994156, 1, 0, 0, 0, 3.55
M, 106785417, 3, -211.830688, 810.042419, -161.409698, 1, 0, 0, 0, 4.00
M, 106785417, 4, -268.284454, 816.384644, -174.980667, 1, 0, 0, 0, 4.00
M, 106785417, 5, -176.456116, 810.686829, -162.392197, 1, 0, 0, 0, 4.00
M, 106785417, 6, -152.804871, 811.584900, -163.476196, 1, 0, 0, 0, 3.52
M, 106785417, 7, -130.007950, 811.072205, -167.772903, 1, 0, 0, 0, 4.00
M, 106786458, 0, -313.135162, 818.589722, -181.383957, 1, 0, 0, 0, 4.00
M, 106786458, 1, -240.813919, 809.917175, -165.858856, 1, 0, 0, 0, 4.00
M, 106786458, 2, -316.131195, 816.998535, -223.995819, 1, 0, 0, 0, 4.00
M, 106786458, 3, -211.817139, 810.051514, -161.405167, 1, 0, 0, 0, 3.79
M, 106786458, 4, -268.284637, 816.384644, -174.980240, 1, 0, 0, 0, 4.00
M, 106786458, 5, -176.455582, 810.690002, -162.392990, 1, 0, 0, 0, 4.00
M, 106786458, 6, -152.802719, 811.586426, -163.474075, 1, 0, 0, 0, 4.00
M, 106786458, 7, -130.018524, 811.068970, -167.773895, 1, 0, 0, 0, 3.07
M, 106787500, 0, -313.134033, 818.591064, -181.383026, 1, 0, 0, 0, 3.57
M, 106787500, 1, -240.813812, 809.915894, -165.857071, 1, 0, 0, 0, 4.00
M, 106787500, 2, -316.130951, 816.999634, -223.994217, 1, 0, 0, 0, 4.00
M, 106787500, 3, -211.819077, 810.049988, -161.404129, 1, 0, 0, 0, 4.00
M, 106787500, 4, -268.270264, 816.398438, -174.976990, 1, 0, 0, 0, 3.37
M, 106787500, 5, -176.455063, 810.693176, -162.393768, 1, 0, 0, 0, 4.00
M, 106787500, 6, -152.803864, 811.585693, -163.473541, 1, 0, 0, 0, 4.00
M, 106787500, 7, -130.016586, 811.068665, -167.772079, 1, 0, 0, 0, 4.00
M, 106788542, 0, -313.133423, 818.592102, -181.382919, 1, 0, 0, 0, 4.00
M, 106788542, 1, -240.831741, 809.899902, -165.868637, 1, 0, 0, 0, 3.45
M, 106788542, 2, -316.130829, 817.000488, -223.992538, 1, 0, 0, 0, 4.00
M, 106788542, 3, -211.817398, 810.051025, -161.402252, 1, 0, 0, 0, 4.00
M, 106788542, 4, -268.272827, 816.396301, -174.977051, 1, 0, 0, 0, 4.00
M, 106788542, 5, -176.450928, 810.674011, -162.373383, 1, 0, 0, 0, 3.34
M, 106788542, 6, -152.804962, 811.584961, -163.473007, 1, 0, 0, 0, 4.00
M, 106788542, 7, -130.017578, 811.067627, -167.770966, 1, 0, 0, 0, 4.00
M, 106789583, 0, -313.132721, 818.593384, -181.382584, 1, 0, 0, 0, 4.00
M, 106789583, 1, -240.828613, 809.901123, -165.864609, 1, 0, 0, 0, 4.00
M, 106789583, 2, -316.136383, 816.987427, -223.993942, 1, 0, 0, 0, 3.55
M, 106789583, 3, -211.815735, 810.052124, -161.400391, 1, 0, 0, 0, 4.00
M, 106789583, 4, -268.271454, 816.397766, -174.976364, 1, 0, 0, 0, 4.00
M, 106789583, 5, -176.450958, 810.681030, -162.377640, 1, 0, 0, 0, 4.00
M, 106789583, 6, -152.804337, 811.594849, -163.473267, 1, 0, 0, 0, 3.52
M, 106789583, 7, -130.018616, 811.066528, -167.769806, 1, 0, 0, 0, 4.00
M, 106790625, 0, -313.131989, 818.594482, -181.382324, 1, 0, 0, 0, 4.00
M, 106790625, 1, -240.830521, 809.898315, -165.864334, 1, 0, 0, 0, 4.00
M, 106790625, 2, -316.135223, 816.990723, -223.991852, 1, 0, 0, 0, 4.00
M, 106790625, 3, -211.824707, 810.054321, -161.412918, 1, 0, 0, 0, 3.79
M, 106790625, 4, -268.270020, 816.399292, -174.975647, 1, 0, 0, 0, 4.00
M, 106790625, 5, -176.450027, 810.681763, -162.376129, 1, 0, 0, 0, 4.00
M, 106790625, 6, -152.805771, 811.592163, -163.472580, 1, 0, 0, 0, 4.00
M, 106790625, 7, -130.007462, 811.071228, -167.767670, 1, 0, 0, 0, 3.07
M, 106791667, 0, -313.141907, 818.589111, -181.380646, 1, 0, 0, 0, 3.57
M, 106791667, 1, -240.832397, 809.895325, -165.864044, 1, 0, 0, 0, 4.00
M, 106791667, 2, -316.135712, 816.990173, -223.990570, 1, 0, 0, 0, 4.00
M, 106791667, 3, -211.821274, 810.055176, -161.408676, 1, 0, 0, 0, 4.00
M, 106791667, 4, -268.266205, 816.403503, -174.970169, 1, 0, 0, 0, 3.37
M, 106791667, 5, -176.449142, 810.682617, -162.374634, 1, 0, 0, 0, 4.00
M, 106791667, 6, -152.806717, 811.592529, -163.472137, 1, 0, 0, 0, 4.00
M, 106791667, 7, -130.010452, 811.069336, -167.766647, 1, 0, 0, 0, 4.00
M, 106792708, 0, -313.139404, 818.591309, -181.380524, 1, 0, 0, 0, 4.00
M, 106792708, 1, -240.819946, 809.906433, -165.870865, 1, 0, 0, 0, 3.34
M, 106792708, 2, -316.136200, 816.989746, -223.989258, 1, 0, 0, 0, 4.00
M, 106792708, 3, -211.820770, 810.056152, -161.408386, 1, 0, 0, 0, 4.00
M, 106792708, 4, -268.265198, 816.404663, -174.970230, 1, 0, 0, 0, 4.00
M, 106792708, 5, -176.454590, 810.672852, -162.378860, 1, 0, 0, 0, 3.34
M, 106792708, 6, -152.807678, 811.592834, -163.471725, 1, 0, 0, 0, 4.00
M, 106792708, 7, -130.010086, 811.068909, -167.765396, 1, 0, 0, 0, 4.00
M, 106793750, 0, -313.139862, 818.591736, -181.380112, 1, 0, 0, 0, 4.00
M, 106793750, 1, -240.824112, 809.901489, -165.869308, 1, 0, 0, 0, 4.00
M, 106793750, 2, -316.136902, 816.989990, -224.002731, 1, 0, 0, 0, 3.55
M, 106793750, 3, -211.820267, 810.057312, -161.408142, 1, 0, 0, 0, 4.00
M, 106793750, 4, -268.263519, 816.406494, -174.969009, 1, 0, 0, 0, 4.00
M, 106793750, 5, -176.452652, 810.675171, -162.376389, 1, 0, 0, 0, 4.00
M, 106793750, 6, -152.800583, 811.594788, -163.476364, 1, 0, 0, 0, 3.52
M, 106793750, 7, -130.009827, 811.068481, -167.764145, 1, 0, 0, 0, 4.00
M, 106794792, 0, -313.140228, 818.592224, -181.379639, 1, 0, 0, 0, 4.00
M, 106794792, 1, -240.824417, 809.900269, -165.869797, 1, 0, 0, 0, 4.00
M, 106794792, 2, -316.137390, 816.989380, -223.999039, 1, 0, 0, 0, 4.00
M, 106794792, 3, -211.824402, 810.050537, -161.410294, 1, 0, 0, 0, 3.79
M, 106794792, 4, -268.261810, 816.408325, -174.967728, 1, 0, 0, 0, 4.00
M, 106794792, 5, -176.452423, 810.674683, -162.375504, 1, 0, 0, 0, 4.00
M, 106794792, 6, -152.802780, 811.594910, -163.475021, 1, 0, 0, 0, 4.00
M, 106794792, 7, -130.016113, 811.072327, -167.768921, 1, 0, 0, 0, 3.07
M, 106795833, 0, -313.139038, 818.592712, -181.391861, 1, 0, 0, 0, 3.57
M, 106795833, 1, -240.824707, 809.898865, -165.870270, 1, 0, 0, 0, 4.00
M, 106795833, 2, -316.137848, 816.988892, -223.999344, 1, 0, 0, 0, 4.00
M, 106795833, 3, -211.823120, 810.052917, -161.409607, 1, 0, 0, 0, 4.00
M, 106795833, 4, -268.285339, 816.392212, -174.980545, 1, 0, 0, 0, 3.37
M, 106795833, 5, -176.452209, 810.674255, -162.374634, 1, 0, 0, 0, 4.00
M, 106795833, 6, -152.802811, 811.595459, -163.475113, 1, 0, 0, 0, 4.00
M, 106795833, 7, -130.014740, 811.071167, -167.766678, 1, 0, 0, 0, 4.00
M, 106796875, 0, -313.139740, 818.593079, -181.389297, 1, 0, 0, 0, 4.00
M, 106796875, 1, -240.826614, 809.916382, -165.875641, 1, 0, 0, 0, 3.34
M, 106796875, 2, -316.138336, 816.988464, -223.999664, 1, 0, 0, 0, 4.00
M, 106796875, 3, -211.823120, 810.053223, -161.409576, 1, 0, 0, 0, 4.00
M, 106796875, 4, -268.279510, 816.396912, -174.977020, 1, 0, 0, 0, 4.00
M, 106796875, 5, -176.450958, 810.679993, -162.380630, 1, 0, 0, 0, 3.34
M, 106796875, 6, -152.802902, 811.596008, -163.475235, 1, 0, 0, 0, 4.00
M, 106796875, 7, -130.015121, 811.071228, -167.766052, 1, 0, 0, 0, 4.00
M, 106797917, 0, -313.139984, 818.593567, -181.390182, 1, 0, 0, 0, 4.00
M, 106797917, 1, -240.826614, 809.912048, -165.875214, 1, 0, 0, 0, 4.00
M, 106797917, 2, -316.155670, 816.976624, -224.002380, 1, 0, 0, 0, 3.55
M, 106797917, 3, -211.823181, 810.053467, -161.409576, 1, 0, 0, 0, 4.00
M, 106797917, 4, -268.280579, 816.396790, -174.977264, 1, 0, 0, 0, 4.00
M, 106797917, 5, -176.450928, 810.678528, -162.378571, 1, 0, 0, 0, 4.00
M, 106797917, 6, -152.806747, 811.589539, -163.479828, 1, 0, 0, 0, 3.52
M, 106797917, 7, -130.015549, 811.071228, -167.765457, 1, 0, 0, 0, 4.00
M, 106798958, 0, -313.140228, 818.594055, -181.391144, 1, 0, 0, 0, 4.00
M, 106798958, 1, -240.827011, 809.912964, -165.876175, 1, 0, 0, 0, 4.00
M, 106798958, 2, -316.153351, 816.978149, -224.002319, 1, 0, 0, 0, 4.00
M, 106798958, 3, -211.835754, 810.045898, -161.423996, 1, 0, 0, 0, 3.54
M, 106798958, 4, -268.281647, 816.396729, -174.977585, 1, 0, 0, 0, 4.00
M, 106798958, 5, -176.450592, 810.678833, -162.378448, 1, 0, 0, 0, 4.00
M, 106798958, 6, -152.806061, 811.591309, -163.479141, 1, 0, 0, 0, 4.00
M, 106798958, 7, -130.013672, 811.075745, -167.774811, 1, 0, 0, 0, 3.07
M, 106800000, 0, -313.140686, 818.593628, -181.390961, 1, 0, 0, 0, 3.57
M, 106800000, 1, -240.827454, 809.913818, -165.877182, 1, 0, 0, 0, 4.00
M, 106800000, 2, -316.155670, 816.976501, -224.002853, 1, 0, 0, 0, 4.00
M, 106800000, 3, -211.833679, 810.047485, -161.421585, 1, 0, 0, 0, 4.00
M, 106800000, 4, -268.284637, 816.385437, -174.987686, 1, 0, 0, 0, 3.37
M, 106800000, 5, -176.450241, 810.678955, -162.378326, 1, 0, 0, 0, 4.00
M, 106800000, 6, -152.806534, 811.591248, -163.479706, 1, 0, 0, 0, 4.00
M, 106800000, 7, -130.014496, 811.075012, -167.772552, 1, 0, 0, 0, 4.00
M, 106801042, 0, -313.140930, 818.594299, -181.392090, 1, 0, 0, 0, 4.00
M, 106801042, 1, -240.809509, 809.917725, -165.874207, 1, 0, 0, 0, 3.34
M, 106801042, 2, -316.158020, 816.974854, -224.003448, 1, 0, 0, 0, 4.00
M, 106801042, 3, -211.835037, 810.046814, -161.423111, 1, 0, 0, 0, 4.00
M, 106801042, 4, -268.285339, 816.387207, -174.986389, 1, 0, 0, 0, 4.00
M, 106801042, 5, -176.450089, 810.678650, -162.384354, 1, 0, 0, 0, 3.34
M, 106801042, 6, -152.807022, 811.590942, -163.480301, 1, 0, 0, 0, 4.00
M, 106801042, 7, -130.014618, 811.075500, -167.773056, 1, 0, 0, 0, 4.00
M, 106802083, 0, -313.141174, 818.594604, -181.392899, 1, 0, 0, 0, 4.00
M, 106802083, 1, -240.813034, 809.917969, -165.875809, 1, 0, 0, 0, 4.00
M, 106802083, 2, -316.115326, 817.017090, -223.997040, 1, 0, 0, 0, 3.55
M, 106802083, 3, -211.836411, 810.046265, -161.424652, 1, 0, 0, 0, 4.00
M, 106802083, 4, -268.286652, 816.385925, -174.987747, 1, 0, 0, 0, 4.00
M, 106802083, 5, -176.449738, 810.679016, -162.383224, 1, 0, 0, 0, 4.00
M, 106802083, 6, -152.788239, 811.618896, -163.478104, 1, 0, 0, 0, 3.52
M, 106802083, 7, -130.014832, 811.075989, -167.773560, 1, 0, 0, 0, 4.00
M, 106803125, 0, -313.141418, 818.594971, -181.393707, 1, 0, 0, 0, 4.00
M, 106803125, 1, -240.811447, 809.919189, -165.876343, 1, 0, 0, 0, 4.00
M, 106803125, 2, -316.125092, 817.007996, -223.998795, 1, 0, 0, 0, 4.00
M, 106803125, 3, -211.826218, 810.064941, -161.419952, 1, 0, 0, 0, 3.54
M, 106803125, 4, -268.287964, 816.384399, -174.989120, 1, 0, 0, 0, 4.00
M, 106803125, 5, -176.449463, 810.679138, -162.383820, 1, 0, 0, 0, 4.00
M, 106803125, 6, -152.791885, 811.614136, -163.479172, 1, 0, 0, 0, 4.00
M, 106803125, 7, -130.004608, 811.082520, -167.789932, 1, 0, 0, 0, 3.07
M, 106804167, 0, -313.142487, 818.600586, -181.387558, 1, 0, 0, 0, 3.57
M, 106804167, 1, -240.809906, 809.920410, -165.876907, 1, 0, 0, 0, 4.00
M, 106804167, 2, -316.122498, 817.010986, -223.998627, 1, 0, 0, 0, 4.00
M, 106804167, 3, -211.829559, 810.061096, -161.422516, 1, 0, 0, 0, 4.00
M, 106804167, 4, -268.257141, 816.420410, -175.005005, 1, 0, 0, 0, 3.32
M, 106804167, 5, -176.449203, 810.679260, -162.384384, 1, 0, 0, 0, 4.00
M, 106804167, 6, -152.790268, 811.616943, -163.479492, 1, 0, 0, 0, 4.00
M, 106804167, 7, -130.006454, 811.082153, -167.787750, 1, 0, 0, 0, 4.00
M, 106805208, 0, -313.142609, 818.600098, -181.389465, 1, 0, 0, 0, 4.00
M, 106805208, 1, -240.821793, 809.920837, -165.882401, 1, 0, 0, 0, 3.68
M, 106805208, 2, -316.119934, 817.014160, -223.998444, 1, 0, 0, 0, 4.00
M, 106805208, 3, -211.829620, 810.062744, -161.423401, 1, 0, 0, 0, 4.00
M, 106805208, 4, -268.263702, 816.413025, -175.003967, 1, 0, 0, 0, 4.00
M, 106805208, 5, -176.455276, 810.667908, -162.386200, 1, 0, 0, 0, 3.34
M, 106805208, 6, -152.788605, 811.619873, -163.479767, 1, 0, 0, 0, 4.00
M, 106805208, 7, -130.005478, 811.083313, -167.789978, 1, 0, 0, 0, 4.00
M, 106806250, 0, -313.142975, 818.600891, -181.389587, 1, 0, 0, 0, 4.00
M, 106806250, 1, -240.817978, 809.922180, -165.882126, 1, 0, 0, 0, 4.00
M, 106806250, 2, -316.122253, 817.019287, -224.009415, 1, 0, 0, 0, 3.98
M, 106806250, 3, -211.829742, 810.064270, -161.424271, 1, 0, 0, 0, 4.00
M, 106806250, 4, -268.261505, 816.415710, -175.006882, 1, 0, 0, 0, 4.00
M, 106806250, 5, -176.453964, 810.669922, -162.386551, 1, 0, 0, 0, 4.00
M, 106806250, 6, -152.794418, 811.607910, -163.476303, 1, 0, 0, 0, 3.52
M, 106806250, 7, -130.004517, 811.084473, -167.792191, 1, 0, 0, 0, 4.00
M, 106807292, 0, -313.143372, 818.601807, -181.389648, 1, 0, 0, 0, 4.00
M, 106807292, 1, -240.817917, 809.923218, -165.883209, 1, 0, 0, 0, 4.00
M, 106807292, 2, -316.118835, 817.022095, -224.007355, 1, 0, 0, 0, 4.00
M, 106807292, 3, -211.833252, 810.067932, -161.425110, 1, 0, 0, 0, 3.54
M, 106807292, 4, -268.259247, 816.418518, -175.009872, 1, 0, 0, 0, 4.00
M, 106807292, 5, -176.454330, 810.668884, -162.387207, 1, 0, 0, 0, 4.00
M, 106807292, 6, -152.791519, 811.613342, -163.477234, 1, 0, 0, 0, 4.00
M, 106807292, 7, -130.011047, 811.091248, -167.788879, 1, 0, 0, 0, 3.07
M, 106808333, 0, -313.138916, 818.596130, -181.377335, 1, 0, 0, 0, 3.57
M, 106808333, 1, -240.817856, 809.924194, -165.884338, 1, 0, 0, 0, 4.00
M, 106808333, 2, -316.116760, 817.025391, -224.008362, 1, 0, 0, 0, 4.00
M, 106808333, 3, -211.832840, 810.069153, -161.425964, 1, 0, 0, 0, 4.00
M, 106808333, 4, -268.244629, 816.428467, -175.021790, 1, 0, 0, 0, 3.32
M, 106808333, 5, -176.454712, 810.667847, -162.387924, 1, 0, 0, 0, 4.00
M, 106808333, 6, -152.790680, 811.614502, -163.477112, 1, 0, 0, 0, 4.00
M, 106808333, 7, -130.008835, 811.091431, -167.792007, 1, 0, 0, 0, 4.00
M, 106809375, 0, -313.140106, 818.598083, -181.379456, 1, 0, 0, 0, 4.00
M, 106809375, 1, -240.804337, 809.930054, -165.887085, 1, 0, 0, 0, 3.68
M, 106809375, 2, -316.114746, 817.028687, -224.009445, 1, 0, 0, 0, 4.00
M, 106809375, 3, -211.833282, 810.070984, -161.426834, 1, 0, 0, 0, 4.00
M, 106809375, 4, -268.244507, 816.430054, -175.023270, 1, 0, 0, 0, 4.00
M, 106809375, 5, -176.449615, 810.670654, -162.382385, 1, 0, 0, 0, 3.34
M, 106809375, 6, -152.789856, 811.615784, -163.476959, 1, 0, 0, 0, 4.00
M, 106809375, 7, -130.008713, 811.093140, -167.793625, 1, 0, 0, 0, 4.00
M, 106810417, 0, -313.139984, 818.598145, -181.378143, 1, 0, 0, 0, 4.00
M, 106810417, 1, -240.806412, 809.930542, -165.887848, 1, 0, 0, 0, 4.00
M, 106810417, 2, -316.117584, 817.004822, -224.001038, 1, 0, 0, 0, 3.55
M, 106810417, 3, -211.833725, 810.072937, -161.427673, 1, 0, 0, 0, 4.00
M, 106810417, 4, -268.240936, 816.433472, -175.027267, 1, 0, 0, 0, 4.00
M, 106810417, 5, -176.450958, 810.668762, -162.384109, 1, 0, 0, 0, 4.00
M, 106810417, 6, -152.794556, 811.608459, -163.472855, 1, 0, 0, 0, 3.52
M, 106810417, 7, -130.008545, 811.095032, -167.795227, 1, 0, 0, 0, 4.00
M, 106811458, 0, -313.139801, 818.598267, -181.376862, 1, 0, 0, 0, 4.00
M, 106811458, 1, -240.804871, 809.932129, -165.889160, 1, 0, 0, 0, 4.00
M, 106811458, 2, -316.114746, 817.012878, -224.003662, 1, 0, 0, 0, 4.00
M, 106811458, 3, -211.829865, 810.062012, -161.426865, 1, 0, 0, 0, 3.54
M, 106811458, 4, -268.237427, 816.437012, -175.031174, 1, 0, 0, 0, 4.00
M, 106811458, 5, -176.450745, 810.668152, -162.384109, 1, 0, 0, 0, 4.00
M, 106811458, 6, -152.792892, 811.611023, -163.473450, 1, 0, 0, 0, 4.00
M, 106811458, 7, -130.007294, 811.087036, -167.788589, 1, 0, 0, 0, 3.07
M, 106812500, 0, -313.149170, 818.589478, -181.386642, 1, 0, 0, 0, 3.57
M, 106812500, 1, -240.803314, 809.933655, -165.890411, 1, 0, 0, 0, 4.00
M, 106812500, 2, -316.113190, 817.013245, -224.003632, 1, 0, 0, 0, 4.00
M, 106812500, 3, -211.831055, 810.065857, -161.428024, 1, 0, 0, 0, 4.00
M, 106812500, 4, -268.250000, 816.421692, -175.028610, 1, 0, 0, 0, 3.32
M, 106812500, 5, -176.450546, 810.667419, -162.384048, 1, 0, 0, 0, 4.00
M, 106812500, 6, -152.792709, 811.611267, -163.472916, 1, 0, 0, 0, 4.00
M, 106812500, 7, -130.007355, 811.090393, -167.791565, 1, 0, 0, 0, 4.00
M, 106813542, 0, -313.147491, 818.591125, -181.383545, 1, 0, 0, 0, 4.00
M, 106813542, 1, -240.808746, 809.920288, -165.878738, 1, 0, 0, 0, 3.34
M, 106813542, 2, -316.111755, 817.013611, -224.003693, 1, 0, 0, 0, 4.00
M, 106813542, 3, -211.830994, 810.066345, -161.428650, 1, 0, 0, 0, 4.00
M, 106813542, 4, -268.243744, 816.428406, -175.033615, 1, 0, 0, 0, 4.00
M, 106813542, 5, -176.461716, 810.668518, -162.379471, 1, 0, 0, 0, 3.34
M, 106813542, 6, -152.792526, 811.611572, -163.472382, 1, 0, 0, 0, 4.00
M, 106813542, 7, -130.007111, 811.091064, -167.792343, 1, 0, 0, 0, 4.00
M, 106814583, 0, -313.148315, 818.590271, -181.383453, 1, 0, 0, 0, 4.00
M, 106814583, 1, -240.806000, 809.924500, -165.882126, 1, 0, 0, 0, 4.00
M, 106814583, 2, -316.138092, 816.985779, -224.006424, 1, 0, 0, 0, 3.55
M, 106814583, 3, -211.831055, 810.066589, -161.429337, 1, 0, 0, 0, 4.00
M, 106814583, 4, -268.242004, 816.429810, -175.036865, 1, 0, 0, 0, 4.00
M, 106814583, 5, -176.459625, 810.667664, -162.380264, 1, 0, 0, 0, 4.00
M, 106814583, 6, -152.797119, 811.597534, -163.478149, 1, 0, 0, 0, 3.52
M, 106814583, 7, -130.006866, 811.091797, -167.793060, 1, 0, 0, 0, 4.00
M, 106815625, 0, -313.149170, 818.589661, -181.383392, 1, 0, 0, 0, 4.00
M, 106815625, 1, -240.805191, 809.924500, -165.881958, 1, 0, 0, 0, 4.00
M, 106815625, 2, -316.131897, 816.990906, -224.005951, 1, 0, 0, 0, 4.00
M, 106815625, 3, -211.842819, 810.051758, -161.440186, 1, 0, 0, 0, 3.54
M, 106815625, 4, -268.240173, 816.431335, -175.040085, 1, 0, 0, 0, 4.00
M, 106815625, 5, -176.460739, 810.666992, -162.379791, 1, 0, 0, 0, 4.00
M, 106815625, 6, -152.796143, 811.600159, -163.476578, 1, 0, 0, 0, 4.00
M, 106815625, 7, -130.008545, 811.083984, -167.793121, 1, 0, 0, 0, 3.07
M, 106816667, 0, -313.146179, 818.579163, -181.385300, 1, 0, 0, 0, 3.57
M, 106816667, 1, -240.804382, 809.924377, -165.881805, 1, 0, 0, 0, 4.00
M, 106816667, 2, -316.133514, 816.988098, -224.006317, 1, 0, 0, 0, 4.00
M, 106816667, 3, -211.840820, 810.054626, -161.439148, 1, 0, 0, 0, 4.00
M, 106816667, 4, -268.251984, 816.420471, -175.022263, 1, 0, 0, 0, 3.32
M, 106816667, 5, -176.461777, 810.666382, -162.379288, 1, 0, 0, 0, 4.00
M, 106816667, 6, -152.796432, 811.598877, -163.476669, 1, 0, 0, 0, 4.00
M, 106816667, 7, -130.007950, 811.086060, -167.793915, 1, 0, 0, 0, 4.00
M, 106817708, 0, -313.147736, 818.579956, -181.384888, 1, 0, 0, 0, 4.00
M, 106817708, 1, -240.801712, 809.924011, -165.874496, 1, 0, 0, 0, 3.34
M, 106817708, 2, -316.135071, 816.985291, -224.006607, 1, 0, 0, 0, 4.00
M, 106817708, 3, -211.842194, 810.053223, -161.440964, 1, 0, 0, 0, 4.00
M, 106817708, 4, -268.247864, 816.424011, -175.028976, 1, 0, 0, 0, 4.00
M, 106817708, 5, -176.458710, 810.649536, -162.373230, 1, 0, 0, 0, 3.34
M, 106817708, 6, -152.796799, 811.597473, -163.476822, 1, 0, 0, 0, 4.00
M, 106817708, 7, -130.007889, 811.085876, -167.794540, 1, 0, 0, 0, 4.00
M, 106818750, 0, -313.148163, 818.578003, -181.384995, 1, 0, 0, 0, 4.00
M, 106818750, 1, -240.801224, 809.924011, -165.875580, 1, 0, 0, 0, 4.00
M, 106818750, 2, -316.122253, 816.999084, -223.997971, 1, 0, 0, 0, 3.55
M, 106818750, 3, -211.843414, 810.052063, -161.442719, 1, 0, 0, 0, 4.00
M, 106818750, 4, -268.247498, 816.424194, -175.029892, 1, 0, 0, 0, 4.00
M, 106818750, 5, -176.460434, 810.651733, -162.373627, 1, 0, 0, 0, 4.00
M, 106818750, 6, -152.802063, 811.588379, -163.472427, 1, 0, 0, 0, 3.52
M, 106818750, 7, -130.007828, 811.085632, -167.795197, 1, 0, 0, 0, 4.00
M, 106819792, 0, -313.148682, 818.576050, -181.385178, 1, 0, 0, 0, 4.00
M, 106819792, 1, -240.800247, 809.923950, -165.874619, 1, 0, 0, 0, 4.00
M, 106819792, 2, -316.126068, 816.993774, -223.999756, 1, 0, 0, 0, 4.00
M, 106819792, 3, -211.832809, 810.016235, -161.389130, 1, 0, 0, 0, 3.54
M, 106819792, 4, -268.247131, 816.424377, -175.030823, 1, 0, 0, 0, 4.00
M, 106819792, 5, -176.461060, 810.649353, -162.372543, 1, 0, 0, 0, 4.00
M, 106819792, 6, -152.801590, 811.588379, -163.473328, 1, 0, 0, 0, 4.00
M, 106819792, 7, -130.020157, 811.070984, -167.781189, 1, 0, 0, 0, 3.07
M, 106820833, 0, -313.148987, 818.576843, -181.391373, 1, 0, 0, 0, 3.57
M, 106820833, 1, -240.799240, 809.923828, -165.873734, 1, 0, 0, 0, 4.00
M, 106820833, 2, -316.126007, 816.992920, -223.999039, 1, 0, 0, 0, 4.00
M, 106820833, 3, -211.836060, 810.020752, -161.400070, 1, 0, 0, 0, 4.00
M, 106820833, 4, -268.273621, 816.404297, -174.984360, 1, 0, 0, 0, 3.37
M, 106820833, 5, -176.461624, 810.647095, -162.371414, 1, 0, 0, 0, 4.00
M, 106820833, 6, -152.802429, 811.586304, -163.472977, 1, 0, 0, 0, 4.00
M, 106820833, 7, -130.018082, 811.073059, -167.784286, 1, 0, 0, 0, 4.00
M, 106821875, 0, -313.149414, 818.574585, -181.390488, 1, 0, 0, 0, 4.00
M, 106821875, 1, -240.809631, 809.907959, -165.870987, 1, 0, 0, 0, 3.34
M, 106821875, 2, -316.125946, 816.991943, -223.998383, 1, 0, 0, 0, 4.00
M, 106821875, 3, -211.836060, 810.015686, -161.395813, 1, 0, 0, 0, 4.00
M, 106821875, 4, -268.268829, 816.407776, -174.993118, 1, 0, 0, 0, 4.00
M, 106821875, 5, -176.454987, 810.670105, -162.374283, 1, 0, 0, 0, 3.34
M, 106821875, 6, -152.803268, 811.584229, -163.472580, 1, 0, 0, 0, 4.00
M, 106821875, 7, -130.019363, 811.071350, -167.783340, 1, 0, 0, 0, 4.00
M, 106822917, 0, -313.149872, 818.573059, -181.391251, 1, 0, 0, 0, 4.00
M, 106822917, 1, -240.806717, 809.910522, -165.870392, 1, 0, 0, 0, 4.00
M, 106822917, 2, -316.134216, 816.994446, -224.006378, 1, 0, 0, 0, 3.55
M, 106822917, 3, -211.836060, 810.010681, -161.391571, 1, 0, 0, 0, 4.00
M, 106822917, 4, -268.271454, 816.405640, -174.988892, 1, 0, 0, 0, 4.00
M, 106822917, 5, -176.456711, 810.663574, -162.372513, 1, 0, 0, 0, 4.00
M, 106822917, 6, -152.797714, 811.602844, -163.455185, 1, 0, 0, 0, 3.52
M, 106822917, 7, -130.020645, 811.069580, -167.782349, 1, 0, 0, 0, 4.00
M, 106823958, 0, -313.150360, 818.571472, -181.392059, 1, 0, 0, 0, 4.00
M, 106823958, 1, -240.806915, 809.908875, -165.869263, 1, 0, 0, 0, 4.00
M, 106823958, 2, -316.132843, 816.993042, -224.004318, 1, 0, 0, 0, 4.00
M, 106823958, 3, -211.845001, 810.048950, -161.421494, 1, 0, 0, 0, 3.96
M, 106823958, 4, -268.274017, 816.403687, -174.984650, 1, 0, 0, 0, 4.00
M, 106823958, 5, -176.456528, 810.664063, -162.371841, 1, 0, 0, 0, 4.00
M, 106823958, 6, -152.799683, 811.597229, -163.457626, 1, 0, 0, 0, 4.00
M, 106823958, 7, -130.001602, 811.086853, -167.767670, 1, 0, 0, 0, 3.07
M, 106825000, 0, -313.152863, 818.564026, -181.391861, 1, 0, 0, 0, 3.57
M, 106825000, 1, -240.807129, 809.907043, -165.868118, 1, 0, 0, 0, 4.00
M, 106825000, 2, -316.133698, 816.992493, -224.004608, 1, 0, 0, 0, 4.00
M, 106825000, 3, -211.843475, 810.036865, -161.411545, 1, 0, 0, 0, 4.00
M, 106825000, 4, -268.277191, 816.389038, -174.991150, 1, 0, 0, 0, 3.37
M, 106825000, 5, -176.456299, 810.664612, -162.371155, 1, 0, 0, 0, 4.00
M, 106825000, 6, -152.799805, 811.597351, -163.455414, 1, 0, 0, 0, 4.00
M, 106825000, 7, -130.006241, 811.081909, -167.768982, 1, 0, 0, 0, 4.00
M, 106826042, 0, -313.152985, 818.563477, -181.392807, 1, 0, 0, 0, 4.00
M, 106826042, 1, -240.815353, 809.906738, -165.881409, 1, 0, 0, 0, 3.34
M, 106826042, 2, -316.134583, 816.991821, -224.004913, 1, 0, 0, 0, 4.00
M, 106826042, 3, -211.844406, 810.036560, -161.411041, 1, 0, 0, 0, 4.00
M, 106826042, 4, -268.279633, 816.389099, -174.985123, 1, 0, 0, 0, 4.00
M, 106826042, 5, -176.463806, 810.648376, -162.373947, 1, 0, 0, 0, 3.34
M, 106826042, 6, -152.800018, 811.597412, -163.453217, 1, 0, 0, 0, 4.00
M, 106826042, 7, -130.005356, 811.082153, -167.766556, 1, 0, 0, 0, 4.00
M, 106827083, 0, -313.153687, 818.561157, -181.393494, 1, 0, 0, 0, 4.00
M, 106827083, 1, -240.814255, 809.904846, -165.877899, 1, 0, 0, 0, 4.00
M, 106827083, 2, -316.129211, 816.989746, -224.006378, 1, 0, 0, 0, 3.55
M, 106827083, 3, -211.845383, 810.036194, -161.410507, 1, 0, 0, 0, 4.00
M, 106827083, 4, -268.282257, 816.385742, -174.982025, 1, 0, 0, 0, 4.00
M, 106827083, 5, -176.462311, 810.651733, -162.372726, 1, 0, 0, 0, 4.00
M, 106827083, 6, -152.801834, 811.589905, -163.464142, 1, 0, 0, 0, 3.52
M, 106827083, 7, -130.004456, 811.082397, -167.764145, 1, 0, 0, 0, 4.00
M, 106828125, 0, -313.154358, 818.558899, -181.394180, 1, 0, 0, 0, 4.00
M, 106828125, 1, -240.815384, 809.903076, -165.878372, 1, 0, 0, 0, 4.00
M, 106828125, 2, -316.131134, 816.989380, -224.006454, 1, 0, 0, 0, 4.00
M, 106828125, 3, -211.831284, 810.048401, -161.414047, 1, 0, 0, 0, 3.79
M, 106828125, 4, -268.284943, 816.382263, -174.978989, 1, 0, 0, 0, 4.00
M, 106828125, 5, -176.462936, 810.650391, -162.372406, 1, 0, 0, 0, 4.00
M, 106828125, 6, -152.801712, 811.591248, -163.459732, 1, 0, 0, 0, 4.00
M, 106828125, 7, -130.011047, 811.067322, -167.769745, 1, 0, 0, 0, 3.07
M, 106829167, 0, -313.136169, 818.584412, -181.387466, 1, 0, 0, 0, 3.57
M, 106829167, 1, -240.816483, 809.901489, -165.878799, 1, 0, 0, 0, 4.00
M, 106829167, 2, -316.131317, 816.988708, -224.006851, 1, 0, 0, 0, 4.00
M, 106829167, 3, -211.834747, 810.046082, -161.412857, 1, 0, 0, 0, 4.00
M, 106829167, 4, -268.262451, 816.412659, -175.014359, 1, 0, 0, 0, 3.32
M, 106829167, 5, -176.463562, 810.649109, -162.372101, 1, 0, 0, 0, 4.00
M, 106829167, 6, -152.802063, 811.590637, -163.458969, 1, 0, 0, 0, 4.00
M, 106829167, 7, -130.008896, 811.070129, -167.765961, 1, 0, 0, 0, 4.00
M, 106830208, 0, -313.139984, 818.577576, -181.389343, 1, 0, 0, 0, 4.00
M, 106830208, 1, -240.807907, 809.909790, -165.867233, 1, 0, 0, 0, 3.32
M, 106830208, 2, -316.131409, 816.988098, -224.007263, 1, 0, 0, 0, 4.00
M, 106830208, 3, -211.834091, 810.047119, -161.412796, 1, 0, 0, 0, 4.00
M, 106830208, 4, -268.269257, 816.403564, -175.004974, 1, 0, 0, 0, 4.00
M, 106830208, 5, -176.459000, 810.658752, -162.384644, 1, 0, 0, 0, 3.34
M, 106830208, 6, -152.802368, 811.589966, -163.458191, 1, 0, 0, 0, 4.00
M, 106830208, 7, -130.008774, 811.068726, -167.764359, 1, 0, 0, 0, 4.00
M, 106831250, 0, -313.138550, 818.578369, -181.389236, 1, 0, 0, 0, 4.00
M, 106831250, 1, -240.810654, 809.906311, -165.869675, 1, 0, 0, 0, 4.00
M, 106831250, 2, -316.134766, 816.991211, -223.998627, 1, 0, 0, 0, 3.55
M, 106831250, 3, -211.833435, 810.048157, -161.412674, 1, 0, 0, 0, 4.00
M, 106831250, 4, -268.269135, 816.403809, -175.006058, 1, 0, 0, 0, 4.00
M, 106831250, 5, -176.460526, 810.655518, -162.382263, 1, 0, 0, 0, 4.00
M, 106831250, 6, -152.809097, 811.576721, -163.472672, 1, 0, 0, 0, 3.52
M, 106831250, 7, -130.008713, 811.067261, -167.762833, 1, 0, 0, 0, 4.00
M, 106832292, 0, -313.137115, 818.579407, -181.389053, 1, 0, 0, 0, 4.00
M, 106832292, 1, -240.810715, 809.905701, -165.868835, 1, 0, 0, 0, 4.00
M, 106832292, 2, -316.134460, 816.989807, -224.000534, 1, 0, 0, 0, 4.00
M, 106832292, 3, -211.843063, 810.040710, -161.414291, 1, 0, 0, 0, 3.79
M, 106832292, 4, -268.269012, 816.404236, -175.007187, 1, 0, 0, 0, 4.00
M, 106832292, 5, -176.460617, 810.655396, -162.383362, 1, 0, 0, 0, 4.00
M, 106832292, 6, -152.808395, 811.578125, -163.469330, 1, 0, 0, 0, 4.00
M, 106832292, 7, -130.017059, 811.067261, -167.780396, 1, 0, 0, 0, 3.07
M, 106833333, 0, -313.131104, 818.586609, -181.383926, 1, 0, 0, 0, 3.57
M, 106833333, 1, -240.810760, 809.905151, -165.868011, 1, 0, 0, 0, 4.00
M, 106833333, 2, -316.135010, 816.989502, -223.999969, 1, 0, 0, 0, 4.00
M, 106833333, 3, -211.840683, 810.043274, -161.413925, 1, 0, 0, 0, 4.00
M, 106833333, 4, -268.250946, 816.412659, -175.011185, 1, 0, 0, 0, 3.32
M, 106833333, 5, -176.460709, 810.655212, -162.384476, 1, 0, 0, 0, 4.00
M, 106833333, 6, -152.809402, 811.576172, -163.470230, 1, 0, 0, 0, 4.00
M, 106833333, 7, -130.015518, 811.065735, -167.775650, 1, 0, 0, 0, 4.00
M, 106834375, 0, -313.130524, 818.586365, -181.384644, 1, 0, 0, 0, 4.00
M, 106834375, 1, -240.796707, 809.914246, -165.873642, 1, 0, 0, 0, 3.32
M, 106834375, 2, -316.135468, 816.989136, -223.999344, 1, 0, 0, 0, 4.00
M, 106834375, 3, -211.841095, 810.043396, -161.413986, 1, 0, 0, 0, 4.00
M, 106834375, 4, -268.253754, 816.411560, -175.011810, 1, 0, 0, 0, 4.00
M, 106834375, 5, -176.453873, 810.653992, -162.380066, 1, 0, 0, 0, 3.34
M, 106834375, 6, -152.810410, 811.574097, -163.471100, 1, 0, 0, 0, 4.00
M, 106834375, 7, -130.016342, 811.064575, -167.776123, 1, 0, 0, 0, 4.00
M, 106835417, 0, -313.128601, 818.587952, -181.383987, 1, 0, 0, 0, 4.00
M, 106835417, 1, -240.799179, 809.911926, -165.871765, 1, 0, 0, 0, 4.00
M, 106835417, 2, -316.119629, 816.988159, -224.001419, 1, 0, 0, 0, 3.55
M, 106835417, 3, -211.841537, 810.043518, -161.414078, 1, 0, 0, 0, 4.00
M, 106835417, 4, -268.251740, 816.412659, -175.013199, 1, 0, 0, 0, 4.00
M, 106835417, 5, -176.455093, 810.653992, -162.382050, 1, 0, 0, 0, 4.00
M, 106835417, 6, -152.791107, 811.599548, -163.467819, 1, 0, 0, 0, 3.52
M, 106835417, 7, -130.017151, 811.063293, -167.776657, 1, 0, 0, 0, 4.00
M, 106836458, 0, -313.126740, 818.589417, -181.383331, 1, 0, 0, 0, 4.00
M, 106836458, 1, -240.797714, 809.912415, -165.871582, 1, 0, 0, 0, 4.00
M, 106836458, 2, -316.122955, 816.987976, -224.000412, 1, 0, 0, 0, 4.00
M, 106836458, 3, -211.835159, 810.047668, -161.410263, 1, 0, 0, 0, 3.79
M, 106836458, 4, -268.249695, 816.413818, -175.014664, 1, 0, 0, 0, 4.00
M, 106836458, 5, -176.454407, 810.653748, -162.382568, 1, 0, 0, 0, 4.00
M, 106836458, 6, -152.795456, 811.593079, -163.469330, 1, 0, 0, 0, 4.00
M, 106836458, 7, -130.007324, 811.072144, -167.778519, 1, 0, 0, 0, 3.07
M, 106837500, 0, -313.137360, 818.582458, -181.394531, 1, 0, 0, 0, 3.57
M, 106837500, 1, -240.796280, 809.912842, -165.871460, 1, 0, 0, 0, 4.00
M, 106837500, 2, -316.121643, 816.987549, -224.000137, 1, 0, 0, 0, 4.00
M, 106837500, 3, -211.836716, 810.047119, -161.411011, 1, 0, 0, 0, 4.00
M, 106837500, 4, -268.239105, 816.433044, -175.017975, 1, 0, 0, 0, 3.32
M, 106837500, 5, -176.453735, 810.653503, -162.383072, 1, 0, 0, 0, 4.00
M, 106837500, 6, -152.794266, 811.593994, -163.469757, 1, 0, 0, 0, 4.00
M, 106837500, 7, -130.009949, 811.069153, -167.778870, 1, 0, 0, 0, 4.00
M, 106838542, 0, -313.133423, 818.585388, -181.391876, 1, 0, 0, 0, 4.00
M, 106838542, 1, -240.816193, 809.903809, -165.885773, 1, 0, 0, 0, 3.32
M, 106838542, 2, -316.120453, 816.987122, -223.999847, 1, 0, 0, 0, 4.00
M, 106838542, 3, -211.836441, 810.047607, -161.410706, 1, 0, 0, 0, 4.00
M, 106838542, 4, -268.238434, 816.431091, -175.019104, 1, 0, 0, 0, 4.00
M, 106838542, 5, -176.460815, 810.660706, -162.387695, 1, 0, 0, 0, 3.34
M, 106838542, 6, -152.793076, 811.595032, -163.470169, 1, 0, 0, 0, 4.00
M, 106838542, 7, -130.009583, 811.069031, -167.779526, 1, 0, 0, 0, 4.00
M, 106839583, 0, -313.132904, 818.585999, -181.392517, 1, 0, 0, 0, 4.00
M, 106839583, 1, -240.811127, 809.905823, -165.883209, 1, 0, 0, 0, 4.00
M, 106839583, 2, -316.126404, 816.999939, -224.010010, 1, 0, 0, 0, 3.55
M, 106839583, 3, -211.836182, 810.048157, -161.410416, 1, 0, 0, 0, 4.00
M, 106839583, 4, -268.235504, 816.434204, -175.020721, 1, 0, 0, 0, 4.00
M, 106839583, 5, -176.458847, 810.659302, -162.387482, 1, 0, 0, 0, 4.00
M, 106839583, 6, -152.799057, 811.590698, -163.483582, 1, 0, 0, 0, 3.52
M, 106839583, 7, -130.009232, 811.068848, -167.780182, 1, 0, 0, 0, 4.00
M, 106840625, 0, -313.132355, 818.586487, -181.393158, 1, 0, 0, 0, 4.00
M, 106840625, 1, -240.811966, 809.905396, -165.884628, 1, 0, 0, 0, 4.00
M, 106840625, 2, -316.123962, 816.997314, -224.008011, 1, 0, 0, 0, 4.00
M, 106840625, 3, -211.841751, 810.062195, -161.427017, 1, 0, 0, 0, 3.79
M, 106840625, 4, -268.232544, 816.437256, -175.022415, 1, 0, 0, 0, 4.00
M, 106840625, 5, -176.459030, 810.659790, -162.388428, 1, 0, 0, 0, 4.00
M, 106840625, 6, -152.796707, 811.592407, -163.481918, 1, 0, 0, 0, 4.00
M, 106840625, 7, -130.021210, 811.079224, -167.796982, 1, 0, 0, 0, 3.07
M, 106841667, 0, -313.124786, 818.599487, -181.380676, 1, 0, 0, 0, 3.57
M, 106841667, 1, -240.812851, 809.904846, -165.886063, 1, 0, 0, 0, 4.00
M, 106841667, 2, -316.123444, 816.998291, -224.008850, 1, 0, 0, 0, 4.00
M, 106841667, 3, -211.840469, 810.060547, -161.423889, 1, 0, 0, 0, 4.00
M, 106841667, 4, -268.224426, 816.436340, -175.012543, 1, 0, 0, 0, 3.60
M, 106841667, 5, -176.459213, 810.660400, -162.389389, 1, 0, 0, 0, 4.00
M, 106841667, 6, -152.796326, 811.592834, -163.483734, 1, 0, 0, 0, 4.00
M, 106841667, 7, -130.018829, 811.077454, -167.795029, 1, 0, 0, 0, 4.00
M, 106842708, 0, -313.125427, 818.598083, -181.383453, 1, 0, 0, 0, 4.00
M, 106842708, 1, -240.806534, 809.902710, -165.876083, 1, 0, 0, 0, 3.32
M, 106842708, 2, -316.123016, 816.999390, -224.009705, 1, 0, 0, 0, 4.00
M, 106842708, 3, -211.840820, 810.062500, -161.425400, 1, 0, 0, 0, 4.00
M, 106842708, 4, -268.222290, 816.440247, -175.016068, 1, 0, 0, 0, 4.00
M, 106842708, 5, -176.458771, 810.661560, -162.384079, 1, 0, 0, 0, 3.34
M, 106842708, 6, -152.795898, 811.593262, -163.485611, 1, 0, 0, 0, 4.00
M, 106842708, 7, -130.019775, 811.078491, -167.797409, 1, 0, 0, 0, 4.00
M, 106843750, 0, -313.124146, 818.599976, -181.382614, 1, 0, 0, 0, 4.00
M, 106843750, 1, -240.808563, 809.902405, -165.879395, 1, 0, 0, 0, 4.00
M, 106843750, 2, -316.115509, 817.010498, -224.007568, 1, 0, 0, 0, 3.55
M, 106843750, 3, -211.841187, 810.064697, -161.426956, 1, 0, 0, 0, 4.00
M, 106843750, 4, -268.218719, 816.442810, -175.016388, 1, 0, 0, 0, 4.00
M, 106843750, 5, -176.459061, 810.661987, -162.386078, 1, 0, 0, 0, 4.00
M, 106843750, 6, -152.790268, 811.603149, -163.480148, 1, 0, 0, 0, 3.52
M, 106843750, 7, -130.020782, 811.079529, -167.799850, 1, 0, 0, 0, 4.00
M, 106844792, 0, -313.122833, 818.601990, -181.381836, 1, 0, 0, 0, 4.00
M, 106844792, 1, -240.808685, 809.901672, -165.879623, 1, 0, 0, 0, 4.00
M, 106844792, 2, -316.116150, 817.009949, -224.008926, 1, 0, 0, 0, 4.00
M, 106844792, 3, -211.834625, 810.060059, -161.424423, 1, 0, 0, 0, 3.79
M, 106844792, 4, -268.215179, 816.445618, -175.016815, 1, 0, 0, 0, 4.00
M, 106844792, 5, -176.459213, 810.662598, -162.386383, 1, 0, 0, 0, 4.00
M, 106844792, 6, -152.790741, 811.601868, -163.483215, 1, 0, 0, 0, 4.00
M, 106844792, 7, -130.009018, 811.080322, -167.784866, 1, 0, 0, 0, 3.07
M, 106845833, 0, -313.131226, 818.601440, -181.384232, 1, 0, 0, 0, 3.57
M, 106845833, 1, -240.808746, 809.900879, -165.879807, 1, 0, 0, 0, 4.00
M, 106845833, 2, -316.114960, 817.012024, -224.009415, 1, 0, 0, 0, 4.00
M, 106845833, 3, -211.836060, 810.063171, -161.426559, 1, 0, 0, 0, 4.00
M, 106845833, 4, -268.242615, 816.434814, -175.029053, 1, 0, 0, 0, 3.32
M, 106845833, 5, -176.459274, 810.663269, -162.386612, 1, 0, 0, 0, 4.00
M, 106845833, 6, -152.789764, 811.603455, -163.484238, 1, 0, 0, 0, 4.00
M, 106845833, 7, -130.012115, 811.081421, -167.790161, 1, 0, 0, 0, 4.00
M, 106846875, 0, -313.128296, 818.603821, -181.382858, 1, 0, 0, 0, 4.00
M, 106846875, 1, -240.803787, 809.915283, -165.874863, 1, 0, 0, 0, 3.32
M, 106846875, 2, -316.113647, 817.014282, -224.009949, 1, 0, 0, 0, 4.00
M, 106846875, 3, -211.835663, 810.064575, -161.427643, 1, 0, 0, 0, 4.00
M, 106846875, 4, -268.233917, 816.439819, -175.027512, 1, 0, 0, 0, 4.00
M, 106846875, 5, -176.466965, 810.658691, -162.371414, 1, 0, 0, 0, 3.34
M, 106846875, 6, -152.788803, 811.604736, -163.485306, 1, 0, 0, 0, 4.00
M, 106846875, 7, -130.011734, 811.082397, -167.790665, 1, 0, 0, 0, 4.00
M, 106847917, 0, -313.128052, 818.605347, -181.382431, 1, 0, 0, 0, 4.00
M, 106847917, 1, -240.804718, 809.912109, -165.875931, 1, 0, 0, 0, 4.00
M, 106847917, 2, -316.126526, 817.002625, -224.012634, 1, 0, 0, 0, 3.55
M, 106847917, 3, -211.835251, 810.065796, -161.428711, 1, 0, 0, 0, 4.00
M, 106847917, 4, -268.233734, 816.441040, -175.029205, 1, 0, 0, 0, 4.00
M, 106847917, 5, -176.465836, 810.660156, -162.374252, 1, 0, 0, 0, 4.00
M, 106847917, 6, -152.797623, 811.599792, -163.475357, 1, 0, 0, 0, 3.52
M, 106847917, 7, -130.011337, 811.083374, -167.791214, 1, 0, 0, 0, 4.00
M, 106848958, 0, -313.127838, 818.606995, -181.381958, 1, 0, 0, 0, 4.00
M, 106848958, 1, -240.804214, 809.913086, -165.875549, 1, 0, 0, 0, 4.00
M, 106848958, 2, -316.122955, 817.007141, -224.012802, 1, 0, 0, 0, 4.00
M, 106848958, 3, -211.842789, 810.051636, -161.428024, 1, 0, 0, 0, 3.79
M, 106848958, 4, -268.233612, 816.442200, -175.030899, 1, 0, 0, 0, 4.00
M, 106848958, 5, -176.466721, 810.660217, -162.372787, 1, 0, 0, 0, 4.00
M, 106848958, 6, -152.795090, 811.602051, -163.478271, 1, 0, 0, 0, 4.00
M, 106848958, 7, -130.011765, 811.069458, -167.777908, 1, 0, 0, 0, 3.07
M, 106850000, 0, -313.127228, 818.604309, -181.381577, 1, 0, 0, 0, 3.57
M, 106850000, 1, -240.803726, 809.913940, -165.875183, 1, 0, 0, 0, 4.00
M, 106850000, 2, -316.123199, 817.007874, -224.013550, 1, 0, 0, 0, 4.00
M, 106850000, 3, -211.841034, 810.055542, -161.429367, 1, 0, 0, 0, 4.00
M, 106850000, 4, -268.238556, 816.455688, -175.013916, 1, 0, 0, 0, 3.32
M, 106850000, 5, -176.467682, 810.660278, -162.371353, 1, 0, 0, 0, 4.00
M, 106850000, 6, -152.795212, 811.602783, -163.478149, 1, 0, 0, 0, 4.00
M, 106850000, 7, -130.011215, 811.072937, -167.780716, 1, 0, 0, 0, 4.00
M, 106851042, 0, -313.126984, 818.606873, -181.381073, 1, 0, 0, 0, 4.00
M, 106851042, 1, -240.799652, 809.919678, -165.880585, 1, 0, 0, 0, 3.32
M, 106851042, 2, -316.123505, 817.008545, -224.014297, 1, 0, 0, 0, 4.00
M, 106851042, 3, -211.841476, 810.055298, -161.430283, 1, 0, 0, 0, 4.00
M, 106851042, 4, -268.237549, 816.454712, -175.018692, 1, 0, 0, 0, 4.00
M, 106851042, 5, -176.467194, 810.648743, -162.378067, 1, 0, 0, 0, 3.34
M, 106851042, 6, -152.795303, 811.603394, -163.477982, 1, 0, 0, 0, 4.00
M, 106851042, 7, -130.010864, 811.072327, -167.779739, 1, 0, 0, 0, 4.00
M, 106852083, 0, -313.126709, 818.608093, -181.380615, 1, 0, 0, 0, 4.00
M, 106852083, 1, -240.799744, 809.919922, -165.879242, 1, 0, 0, 0, 4.00
M, 106852083, 2, -316.114441, 817.003601, -224.001480, 1, 0, 0, 0, 3.55
M, 106852083, 3, -211.841965, 810.054932, -161.431183, 1, 0, 0, 0, 4.00
M, 106852083, 4, -268.237915, 816.457336, -175.018356, 1, 0, 0, 0, 4.00
M, 106852083, 5, -176.468369, 810.650635, -162.375290, 1, 0, 0, 0, 4.00
M, 106852083, 6, -152.800156, 811.600586, -163.472015, 1, 0, 0, 0, 3.52
M, 106852083, 7, -130.010574, 811.071716, -167.778748, 1, 0, 0, 0, 4.00
M, 106853125, 0, -313.126404, 818.609314, -181.380142, 1, 0, 0, 0, 4.00
M, 106853125, 1, -240.798843, 809.921387, -165.879501, 1, 0, 0, 0, 4.00
M, 106853125, 2, -316.116272, 817.005188, -224.004471, 1, 0, 0, 0, 4.00
M, 106853125, 3, -211.830963, 810.060303, -161.421021, 1, 0, 0, 0, 3.79
M, 106853125, 4, -268.238373, 816.459778, -175.018005, 1, 0, 0, 0, 4.00
M, 106853125, 5, -176.469131, 810.649353, -162.374756, 1, 0, 0, 0, 4.00
M, 106853125, 6, -152.799515, 811.601868, -163.472855, 1, 0, 0, 0, 4.00
M, 106853125, 7, -130.009705, 811.070557, -167.783752, 1, 0, 0, 0, 3.07
M, 106854167, 0, -313.137726, 818.597778, -181.391830, 1, 0, 0, 0, 3.57
M, 106854167, 1, -240.798004, 809.922791, -165.879776, 1, 0, 0, 0, 4.00
M, 106854167, 2, -316.115570, 817.005249, -224.003754, 1, 0, 0, 0, 4.00
M, 106854167, 3, -211.833313, 810.058838, -161.423737, 1, 0, 0, 0, 4.00
M, 106854167, 4, -268.231812, 816.441406, -175.010880, 1, 0, 0, 0, 3.32
M, 106854167, 5, -176.469940, 810.648010, -162.374252, 1, 0, 0, 0, 4.00
M, 106854167, 6, -152.800110, 811.602173, -163.472076, 1, 0, 0, 0, 4.00
M, 106854167, 7, -130.009491, 811.069946, -167.781784, 1, 0, 0, 0, 4.00
M, 106855208, 0, -313.135529, 818.601135, -181.389343, 1, 0, 0, 0, 4.00
M, 106855208, 1, -240.805038, 809.901672, -165.860428, 1, 0, 0, 0, 3.34
M, 106855208, 2, -316.114868, 817.005371, -224.003036, 1, 0, 0, 0, 4.00
M, 106855208, 3, -211.832565, 810.059143, -161.423431, 1, 0, 0, 0, 4.00
M, 106855208, 4, -268.233307, 816.447449, -175.011597, 1, 0, 0, 0, 4.00
M, 106855208, 5, -176.457932, 810.663940, -162.374939, 1, 0, 0, 0, 3.34
M, 106855208, 6, -152.800735, 811.602478, -163.471268, 1, 0, 0, 0, 4.00
M, 106855208, 7, -130.009140, 811.069336, -167.781494, 1, 0, 0, 0, 4.00
M, 106856250, 0, -313.136536, 818.601013, -181.390213, 1, 0, 0, 0, 4.00
M, 106856250, 1, -240.802841, 809.906799, -165.863953, 1, 0, 0, 0, 4.00
M, 106856250, 2, -316.130005, 816.999573, -224.001251, 1, 0, 0, 0, 3.55
M, 106856250, 3, -211.831772, 810.059265, -161.423111, 1, 0, 0, 0, 4.00
M, 106856250, 4, -268.232941, 816.447876, -175.010529, 1, 0, 0, 0, 4.00
M, 106856250, 5, -176.460815, 810.659912, -162.374191, 1, 0, 0, 0, 4.00
M, 106856250, 6, -152.792740, 811.605835, -163.467728, 1, 0, 0, 0, 3.52
M, 106856250, 7, -130.008713, 811.068604, -167.781128, 1, 0, 0, 0, 4.00
M, 106857292, 0, -313.137482, 818.600647, -181.391083, 1, 0, 0, 0, 4.00
M, 106857292, 1, -240.802841, 809.905701, -165.862045, 1, 0, 0, 0, 4.00
M, 106857292, 2, -316.126648, 817.000488, -224.000702, 1, 0, 0, 0, 4.00
M, 106857292, 3, -211.834869, 810.046631, -161.416901, 1, 0, 0, 0, 3.79
M, 106857292, 4, -268.232605, 816.448120, -175.009445, 1, 0, 0, 0, 4.00
M, 106857292, 5, -176.460220, 810.660461, -162.373795, 1, 0, 0, 0, 4.00
M, 106857292, 6, -152.794800, 811.605652, -163.467331, 1, 0, 0, 0, 4.00
M, 106857292, 7, -130.007141, 811.076172, -167.776031, 1, 0, 0, 0, 3.07
M, 106858333, 0, -313.139343, 818.590393, -181.392807, 1, 0, 0, 0, 3.57
M, 106858333, 1, -240.802841, 809.904663, -165.860199, 1, 0, 0, 0, 4.00
M, 106858333, 2, -316.127655, 817.000000, -223.999847, 1, 0, 0, 0, 4.00
M, 106858333, 3, -211.833466, 810.048950, -161.417557, 1, 0, 0, 0, 4.00
M, 106858333, 4, -268.233856, 816.448181, -175.014999, 1, 0, 0, 0, 3.32
M, 106858333, 5, -176.459595, 810.661255, -162.373383, 1, 0, 0, 0, 4.00
M, 106858333, 6, -152.794464, 811.606323, -163.466293, 1, 0, 0, 0, 4.00
M, 106858333, 7, -130.006989, 811.074036, -167.776550, 1, 0, 0, 0, 4.00
M, 106859375, 0, -313.140167, 818.591858, -181.393555, 1, 0, 0, 0, 4.00
M, 106859375, 1, -240.813507, 809.910583, -165.863022, 1, 0, 0, 0, 3.45
M, 106859375, 2, -316.128693, 816.999390, -223.998978, 1, 0, 0, 0, 4.00
M, 106859375, 3, -211.833084, 810.047729, -161.416580, 1, 0, 0, 0, 4.00
M, 106859375, 4, -268.233246, 816.448547, -175.012787, 1, 0, 0, 0, 4.00
M, 106859375, 5, -176.448578, 810.670349, -162.366409, 1, 0, 0, 0, 3.34
M, 106859375, 6, -152.794144, 811.606995, -163.465164, 1, 0, 0, 0, 4.00
M, 106859375, 7, -130.006454, 811.074280, -167.775650, 1, 0, 0, 0, 4.00
M, 106860417, 0, -313.141296, 818.590454, -181.394531, 1, 0, 0, 0, 4.00
M, 106860417, 1, -240.811783, 809.908447, -165.860382, 1, 0, 0, 0, 4.00
M, 106860417, 2, -316.123260, 817.004456, -224.006790, 1, 0, 0, 0, 3.55
M, 106860417, 3, -211.832687, 810.046570, -161.415604, 1, 0, 0, 0, 4.00
M, 106860417, 4, -268.233002, 816.448669, -175.012436, 1, 0, 0, 0, 4.00
M, 106860417, 5, -176.449677, 810.669678, -162.367126, 1, 0, 0, 0, 4.00
M, 106860417, 6, -152.799561, 811.604004, -163.464142, 1, 0, 0, 0, 3.52
M, 106860417, 7, -130.005920, 811.074646, -167.774811, 1, 0, 0, 0, 4.00
M, 106861458, 0, -313.142365, 818.589233, -181.395493, 1, 0, 0, 0, 4.00
M, 106861458, 1, -240.812912, 809.908203, -165.859009, 1, 0, 0, 0, 4.00
M, 106861458, 2, -316.125336, 817.002930, -224.004517, 1, 0, 0, 0, 4.00
M, 106861458, 3, -211.844162, 810.046875, -161.418243, 1, 0, 0, 0, 3.79
M, 106861458, 4, -268.232910, 816.448975, -175.012070, 1, 0, 0, 0, 4.00
M, 106861458, 5, -176.447952, 810.671204, -162.365997, 1, 0, 0, 0, 4.00
M, 106861458, 6, -152.798309, 811.605164, -163.463043, 1, 0, 0, 0, 4.00
M, 106861458, 7, -130.015274, 811.072632, -167.775528, 1, 0, 0, 0, 3.07
M, 106862500, 0, -313.137726, 818.589539, -181.381958, 1, 0, 0, 0, 3.57
M, 106862500, 1, -240.814041, 809.907959, -165.857635, 1, 0, 0, 0, 4.00
M, 106862500, 2, -316.125702, 817.002930, -224.004639, 1, 0, 0, 0, 4.00
M, 106862500, 3, -211.841812, 810.045471, -161.416672, 1, 0, 0, 0, 4.00
M, 106862500, 4, -268.232666, 816.443481, -175.017258, 1, 0, 0, 0, 3.32
M, 106862500, 5, -176.446152, 810.672913, -162.364853, 1, 0, 0, 0, 4.00
M, 106862500, 6, -152.798645, 811.605408, -163.462006, 1, 0, 0, 0, 4.00
M, 106862500, 7, -130.013123, 811.073242, -167.774429, 1, 0, 0, 0, 4.00
M, 106863542, 0, -313.139801, 818.587830, -181.385391, 1, 0, 0, 0, 4.00
M, 106863542, 1, -240.811905, 809.903870, -165.876404, 1, 0, 0, 0, 3.34
M, 106863542, 2, -316.126007, 817.002869, -224.004761, 1, 0, 0, 0, 4.00
M, 106863542, 3, -211.842697, 810.044617, -161.416107, 1, 0, 0, 0, 4.00
M, 106863542, 4, -268.232544, 816.444519, -175.015945, 1, 0, 0, 0, 4.00
M, 106863542, 5, -176.453903, 810.660278, -162.370285, 1, 0, 0, 0, 3.34
M, 106863542, 6, -152.798935, 811.605591, -163.460907, 1, 0, 0, 0, 4.00
M, 106863542, 7, -130.013702, 811.073181, -167.773773, 1, 0, 0, 0, 4.00
M, 106864583, 0, -313.140289, 818.586853, -181.384796, 1, 0, 0, 0, 4.00
M, 106864583, 1, -240.813599, 809.904358, -165.871704, 1, 0, 0, 0, 4.00
M, 106864583, 2, -316.118317, 817.014465, -224.000977, 1, 0, 0, 0, 3.55
M, 106864583, 3, -211.843628, 810.043640, -161.415543, 1, 0, 0, 0, 4.00
M, 106864583, 4, -268.232300, 816.444214, -175.016190, 1, 0, 0, 0, 4.00
M, 106864583, 5, -176.450592, 810.664124, -162.368073, 1, 0, 0, 0, 4.00
M, 106864583, 6, -152.802902, 811.604431, -163.470352, 1, 0, 0, 0, 3.52
M, 106864583, 7, -130.014267, 811.073120, -167.773087, 1, 0, 0, 0, 4.00
M, 106865625, 0, -313.140686, 818.585693, -181.384171, 1, 0, 0, 0, 4.00
M, 106865625, 1, -240.814377, 809.903625, -165.872528, 1, 0, 0, 0, 4.00
M, 106865625, 2, -316.119934, 817.012695, -224.001663, 1, 0, 0, 0, 4.00
M, 106865625, 3, -211.839340, 810.045166, -161.411957, 1, 0, 0, 0, 3.79
M, 106865625, 4, -268.232117, 816.443787, -175.016418, 1, 0, 0, 0, 4.00
M, 106865625, 5, -176.449921, 810.664124, -162.367661, 1, 0, 0, 0, 4.00
M, 106865625, 6, -152.802612, 811.605042, -163.467545, 1, 0, 0, 0, 4.00
M, 106865625, 7, -130.020340, 811.068787, -167.774582, 1, 0, 0, 0, 3.07
M, 106866667, 0, -313.132111, 818.584412, -181.378830, 1, 0, 0, 0, 3.57
M, 106866667, 1, -240.815170, 809.902771, -165.873367, 1, 0, 0, 0, 4.00
M, 106866667, 2, -316.119385, 817.013916, -224.001389, 1, 0, 0, 0, 4.00
M, 106866667, 3, -211.841187, 810.043518, -161.411926, 1, 0, 0, 0, 4.00
M, 106866667, 4, -268.227234, 816.438843, -175.011093, 1, 0, 0, 0, 3.32
M, 106866667, 5, -176.449173, 810.664063, -162.367279, 1, 0, 0, 0, 4.00
M, 106866667, 6, -152.803329, 811.605103, -163.467606, 1, 0, 0, 0, 4.00
M, 106866667, 7, -130.020050, 811.069397, -167.773560, 1, 0, 0, 0, 4.00
M, 106867708, 0, -313.134033, 818.583435, -181.379013, 1, 0, 0, 0, 4.00
M, 106867708, 1, -240.802063, 809.921143, -165.881180, 1, 0, 0, 0, 3.34
M, 106867708, 2, -316.118774, 817.015137, -224.001068, 1, 0, 0, 0, 4.00
M, 106867708, 3, -211.841537, 810.042786, -161.411041, 1, 0, 0, 0, 4.00
M, 106867708, 4, -268.227844, 816.439209, -175.012253, 1, 0, 0, 0, 4.00
M, 106867708, 5, -176.450027, 810.660034, -162.361588, 1, 0, 0, 0, 3.34
M, 106867708, 6, -152.804001, 811.605286, -163.467667, 1, 0, 0, 0, 4.00
M, 106867708, 7, -130.021210, 811.068970, -167.773148, 1, 0, 0, 0, 4.00
M, 106868750, 0, -313.133484, 818.582275, -181.377853, 1, 0, 0, 0, 4.00
M, 106868750, 1, -240.805099, 809.917542, -165.880814, 1, 0, 0, 0, 4.00
M, 106868750, 2, -316.106873, 816.989441, -223.995789, 1, 0, 0, 0, 3.55
M, 106868750, 3, -211.841904, 810.042053, -161.410172, 1, 0, 0, 0, 4.00
M, 106868750, 4, -268.227173, 816.438293, -175.011887, 1, 0, 0, 0, 4.00
M, 106868750, 5, -176.449081, 810.660706, -162.362061, 1, 0, 0, 0, 4.00
M, 106868750, 6, -152.798615, 811.600464, -163.456696, 1, 0, 0, 0, 3.52
M, 106868750, 7, -130.022369, 811.068481, -167.772675, 1, 0, 0, 0, 4.00
M, 106869792, 0, -313.132965, 818.581299, -181.376709, 1, 0, 0, 0, 4.00
M, 106869792, 1, -240.804382, 809.918945, -165.882431, 1, 0, 0, 0, 4.00
M, 106869792, 2, -316.108185, 816.995239, -223.996292, 1, 0, 0, 0, 4.00
M, 106869792, 3, -211.820831, 810.055786, -161.413574, 1, 0, 0, 0, 3.54
M, 106869792, 4, -268.226410, 816.437378, -175.011536, 1, 0, 0, 0, 4.00
M, 106869792, 5, -176.448547, 810.660339, -162.361099, 1, 0, 0, 0, 4.00
M, 106869792, 6, -152.800339, 811.601440, -163.458603, 1, 0, 0, 0, 4.00
M, 106869792, 7, -130.008011, 811.072266, -167.777740, 1, 0, 0, 0, 3.07
M, 106870833, 0, -313.134857, 818.573547, -181.380707, 1, 0, 0, 0, 3.57
M, 106870833, 1, -240.803619, 809.920349, -165.884003, 1, 0, 0, 0, 4.00
M, 106870833, 2, -316.106384, 816.993469, -223.995468, 1, 0, 0, 0, 4.00
M, 106870833, 3, -211.824738, 810.052673, -161.411957, 1, 0, 0, 0, 4.00
M, 106870833, 4, -268.228607, 816.426880, -175.018097, 1, 0, 0, 0, 3.32
M, 106870833, 5, -176.448013, 810.659851, -162.360092, 1, 0, 0, 0, 4.00
M, 106870833, 6, -152.800369, 811.601013, -163.457443, 1, 0, 0, 0, 4.00
M, 106870833, 7, -130.011734, 811.071045, -167.776428, 1, 0, 0, 0, 4.00
M, 106871875, 0, -313.133911, 818.573486, -181.378738, 1, 0, 0, 0, 4.00
M, 106871875, 1, -240.802307, 809.917297, -165.887939, 1, 0, 0, 0, 3.32
M, 106871875, 2, -316.104614, 816.991882, -223.994568, 1, 0, 0, 0, 4.00
M, 106871875, 3, -211.822708, 810.053528, -161.411545, 1, 0, 0, 0, 4.00
M, 106871875, 4, -268.227417, 816.427673, -175.016571, 1, 0, 0, 0, 4.00
M, 106871875, 5, -176.453400, 810.661072, -162.380417, 1, 0, 0, 0, 3.34
M, 106871875, 6, -152.800400, 811.600525, -163.456314, 1, 0, 0, 0, 4.00
M, 106871875, 7, -130.011215, 811.071045, -167.776581, 1, 0, 0, 0, 4.00
M, 106872917, 0, -313.133606, 818.571716, -181.378143, 1, 0, 0, 0, 4.00
M, 106872917, 1, -240.801712, 809.919556, -165.889099, 1, 0, 0, 0, 4.00
M, 106872917, 2, -316.116119, 816.995056, -224.010834, 1, 0, 0, 0, 3.55
M, 106872917, 3, -211.820740, 810.054321, -161.411102, 1, 0, 0, 0, 4.00
M, 106872917, 4, -268.226990, 816.425842, -175.016922, 1, 0, 0, 0, 4.00
M, 106872917, 5, -176.451874, 810.660278, -162.375916, 1, 0, 0, 0, 4.00
M, 106872917, 6, -152.799683, 811.599915, -163.475418, 1, 0, 0, 0, 3.52
M, 106872917, 7, -130.010681, 811.071045, -167.776718, 1, 0, 0, 0, 4.00
M, 106873958, 0, -313.133362, 818.569763, -181.377579, 1, 0, 0, 0, 4.00
M, 106873958, 1, -240.800903, 809.920410, -165.890945, 1, 0, 0, 0, 4.00
M, 106873958, 2, -316.112122, 816.992615, -224.007141, 1, 0, 0, 0, 4.00
M, 106873958, 3, -211.841843, 810.032166, -161.428741, 1, 0, 0, 0, 3.54
M, 106873958, 4, -268.226624, 816.423889, -175.017349, 1, 0, 0, 0, 4.00
M, 106873958, 5, -176.451996, 810.660095, -162.377289, 1, 0, 0, 0, 4.00
M, 106873958, 6, -152.799805, 811.599548, -163.470917, 1, 0, 0, 0, 4.00
M, 106873958, 7, -130.023209, 811.065918, -167.784058, 1, 0, 0, 0, 3.07
M, 106875000, 0, -313.121094, 818.577698, -181.385117, 1, 0, 0, 0, 3.57
M, 106875000, 1, -240.800064, 809.921326, -165.892807, 1, 0, 0, 0, 4.00
M, 106875000, 2, -316.111755, 816.991577, -224.008133, 1, 0, 0, 0, 4.00
M, 106875000, 3, -211.836029, 810.036926, -161.425308, 1, 0, 0, 0, 4.00
M, 106875000, 4, -268.220734, 816.435730, -175.011948, 1, 0, 0, 0, 3.32
M, 106875000, 5, -176.452118, 810.659790, -162.378632, 1, 0, 0, 0, 4.00
M, 106875000, 6, -152.799774, 811.599060, -163.472015, 1, 0, 0, 0, 4.00
M, 106875000, 7, -130.020554, 811.066711, -167.783035, 1, 0, 0, 0, 4.00
M, 106876042, 0, -313.122833, 818.574402, -181.383209, 1, 0, 0, 0, 4.00
M, 106876042, 1, -240.785583, 809.904297, -165.868118, 1, 0, 0, 0, 3.32
M, 106876042, 2, -316.111389, 816.990417, -224.009171, 1, 0, 0, 0, 4.00
M, 106876042, 3, -211.836563, 810.035034, -161.426834, 1, 0, 0, 0, 4.00
M, 106876042, 4, -268.221283, 816.431396, -175.013260, 1, 0, 0, 0, 4.00
M, 106876042, 5, -176.437729, 810.662720, -162.362625, 1, 0, 0, 0, 3.34
M, 106876042, 6, -152.799744, 811.598511, -163.473083, 1, 0, 0, 0, 4.00
M, 106876042, 7, -130.021439, 811.066101, -167.783997, 1, 0, 0, 0, 4.00
M, 106877083, 0, -313.121277, 818.573547, -181.383575, 1, 0, 0, 0, 4.00
M, 106877083, 1, -240.787109, 809.908081, -165.874374, 1, 0, 0, 0, 4.00
M, 106877083, 2, -316.108887, 816.998840, -224.000351, 1, 0, 0, 0, 3.98
M, 106877083, 3, -211.837067, 810.033447, -161.428345, 1, 0, 0, 0, 4.00
M, 106877083, 4, -268.220245, 816.430908, -175.013031, 1, 0, 0, 0, 4.00
M, 106877083, 5, -176.440231, 810.661926, -162.366821, 1, 0, 0, 0, 4.00
M, 106877083, 6, -152.799026, 811.601868, -163.474640, 1, 0, 0, 0, 3.52
M, 106877083, 7, -130.022339, 811.065552, -167.784943, 1, 0, 0, 0, 4.00
M, 106878125, 0, -313.119720, 818.572571, -181.383865, 1, 0, 0, 0, 4.00
M, 106878125, 1, -240.784805, 809.906982, -165.873367, 1, 0, 0, 0, 4.00
M, 106878125, 2, -316.108887, 816.996033, -224.003006, 1, 0, 0, 0, 4.00
M, 106878125, 3, -211.839096, 810.039978, -161.423401, 1, 0, 0, 0, 3.54
M, 106878125, 4, -268.219299, 816.430481, -175.012756, 1, 0, 0, 0, 4.00
M, 106878125, 5, -176.438766, 810.661987, -162.366287, 1, 0, 0, 0, 4.00
M, 106878125, 6, -152.799057, 811.600769, -163.475616, 1, 0, 0, 0, 4.00
M, 106878125, 7, -130.012985, 811.071045, -167.788651, 1, 0, 0, 0, 3.07
M, 106879167, 0, -313.136414, 818.577881, -181.394989, 1, 0, 0, 0, 3.57
M, 106879167, 1, -240.782516, 809.905823, -165.872299, 1, 0, 0, 0, 4.00
M, 106879167, 2, -316.108307, 816.995972, -224.002975, 1, 0, 0, 0, 4.00
M, 106879167, 3, -211.839401, 810.036987, -161.425995, 1, 0, 0, 0, 4.00
M, 106879167, 4, -268.229858, 816.432251, -175.021790, 1, 0, 0, 0, 3.32
M, 106879167, 5, -176.437271, 810.662109, -162.365753, 1, 0, 0, 0, 4.00
M, 106879167, 6, -152.798935, 811.600769, -163.476761, 1, 0, 0, 0, 4.00
M, 106879167, 7, -130.015579, 811.069519, -167.789124, 1, 0, 0, 0, 4.00
M, 106880208, 0, -313.131805, 818.575989, -181.393524, 1, 0, 0, 0, 4.00
M, 106880208, 1, -240.807434, 809.895447, -165.875397, 1, 0, 0, 0, 3.34
M, 106880208, 2, -316.107635, 816.995911, -224.002853, 1, 0, 0, 0, 4.00
M, 106880208, 3, -211.840103, 810.036011, -161.426865, 1, 0, 0, 0, 4.00
M, 106880208, 4, -268.226929, 816.431458, -175.020004, 1, 0, 0, 0, 4.00
M, 106880208, 5, -176.454269, 810.653015, -162.379196, 1, 0, 0, 0, 3.34
M, 106880208, 6, -152.798859, 811.600769, -163.477859, 1, 0, 0, 0, 4.00
M, 106880208, 7, -130.015335, 811.069641, -167.790344, 1, 0, 0, 0, 4.00
M, 106881250, 0, -313.132233, 818.575806, -181.395050, 1, 0, 0, 0, 4.00
M, 106881250, 1, -240.800629, 809.895874, -165.873672, 1, 0, 0, 0, 4.00
M, 106881250, 2, -316.123688, 817.004272, -224.015015, 1, 0, 0, 0, 3.55
M, 106881250, 3, -211.840820, 810.035278, -161.427750, 1, 0, 0, 0, 4.00
M, 106881250, 4, -268.227234, 816.431274, -175.020767, 1, 0, 0, 0, 4.00
M, 106881250, 5, -176.449738, 810.654846, -162.376297, 1, 0, 0, 0, 4.00
M, 106881250, 6, -152.792389, 811.606934, -163.474045, 1, 0, 0, 0, 3.52
M, 106881250, 7, -130.015091, 811.069763, -167.791565, 1, 0, 0, 0, 4.00
M, 106882292, 0, -313.132721, 818.575684, -181.396500, 1, 0, 0, 0, 4.00
M, 106882292, 1, -240.801285, 809.893860, -165.873077, 1, 0, 0, 0, 4.00
M, 106882292, 2, -316.120331, 817.002808, -224.012924, 1, 0, 0, 0, 4.00
M, 106882292, 3, -211.833130, 810.051758, -161.424484, 1, 0, 0, 0, 3.54
M, 106882292, 4, -268.227539, 816.430908, -175.021576, 1, 0, 0, 0, 4.00
M, 106882292, 5, -176.450211, 810.653931, -162.377258, 1, 0, 0, 0, 4.00
M, 106882292, 6, -152.793304, 811.605896, -163.475952, 1, 0, 0, 0, 4.00
M, 106882292, 7, -130.014267, 811.075195, -167.785965, 1, 0, 0, 0, 3.07
M, 106883333, 0, -313.133301, 818.571167, -181.390991, 1, 0, 0, 0, 3.57
M, 106883333, 1, -240.802002, 809.891785, -165.872467, 1, 0, 0, 0, 4.00
M, 106883333, 2, -316.121521, 817.003601, -224.014175, 1, 0, 0, 0, 4.00
M, 106883333, 3, -211.835251, 810.048035, -161.426025, 1, 0, 0, 0, 4.00
M, 106883333, 4, -268.217041, 816.440674, -175.025986, 1, 0, 0, 0, 3.32
M, 106883333, 5, -176.450775, 810.653015, -162.378204, 1, 0, 0, 0, 4.00
M, 106883333, 6, -152.792511, 811.606506, -163.476547, 1, 0, 0, 0, 4.00
M, 106883333, 7, -130.014145, 811.074402, -167.788345, 1, 0, 0, 0, 4.00
M, 106884375, 0, -313.133667, 818.571838, -181.393646, 1, 0, 0, 0, 4.00
M, 106884375, 1, -240.790024, 809.918579, -165.877365, 1, 0, 0, 0, 3.34
M, 106884375, 2, -316.122772, 817.004456, -224.015427, 1, 0, 0, 0, 4.00
M, 106884375, 3, -211.835098, 810.049011, -161.426437, 1, 0, 0, 0, 4.00
M, 106884375, 4, -268.219116, 816.438782, -175.026138, 1, 0, 0, 0, 4.00
M, 106884375, 5, -176.459152, 810.660400, -162.383453, 1, 0, 0, 0, 3.34
M, 106884375, 6, -152.791702, 811.607056, -163.477142, 1, 0, 0, 0, 4.00
M, 106884375, 7, -130.013901, 811.075012, -167.788818, 1, 0, 0, 0, 4.00
M, 106885417, 0, -313.134155, 818.571289, -181.394333, 1, 0, 0, 0, 4.00
M, 106885417, 1, -240.792862, 809.911682, -165.875931, 1, 0, 0, 0, 4.00
M, 106885417, 2, -316.115387, 816.995483, -224.006638, 1, 0, 0, 0, 3.55
M, 106885417, 3, -211.834930, 810.050110, -161.426865, 1, 0, 0, 0, 4.00
M, 106885417, 4, -268.218170, 816.439636, -175.027328, 1, 0, 0, 0, 4.00
M, 106885417, 5, -176.458374, 810.658142, -162.383698, 1, 0, 0, 0, 4.00
M, 106885417, 6, -152.806366, 811.589905, -163.483871, 1, 0, 0, 0, 3.52
M, 106885417, 7, -130.013611, 811.075623, -167.789307, 1, 0, 0, 0, 4.00
M, 106886458, 0, -313.134552, 818.570679, -181.395020, 1, 0, 0, 0, 4.00
M, 106886458, 1, -240.792114, 809.912781, -165.875870, 1, 0, 0, 0, 4.00
M, 106886458, 2, -316.118011, 816.997925, -224.009583, 1, 0, 0, 0, 4.00
M, 106886458, 3, -211.835373, 810.009460, -161.395325, 1, 0, 0, 0, 3.54
M, 106886458, 4, -268.217285, 816.440735, -175.028458, 1, 0, 0, 0, 4.00
M, 106886458, 5, -176.459778, 810.658142, -162.385193, 1, 0, 0, 0, 4.00
M, 106886458, 6, -152.802963, 811.593445, -163.483429, 1, 0, 0, 0, 4.00
M, 106886458, 7, -130.005768, 811.075012, -167.782745, 1, 0, 0, 0, 3.07
M, 106887500, 0, -313.137604, 818.581665, -181.383804, 1, 0, 0, 0, 3.57
M, 106887500, 1, -240.791397, 809.913879, -165.875900, 1, 0, 0, 0, 4.00
M, 106887500, 2, -316.118317, 816.997681, -224.009735, 1, 0, 0, 0, 4.00
M, 106887500, 3, -211.835068, 810.017395, -161.401001, 1, 0, 0, 0, 4.00
M, 106887500, 4, -268.212402, 816.446411, -175.017136, 1, 0, 0, 0, 3.32
M, 106887500, 5, -176.461182, 810.658020, -162.386612, 1, 0, 0, 0, 4.00
M, 106887500, 6, -152.803894, 811.592163, -163.484680, 1, 0, 0, 0, 4.00
M, 106887500, 7, -130.006760, 811.075806, -167.784409, 1, 0, 0, 0, 4.00
M, 106888542, 0, -313.137604, 818.579285, -181.386490, 1, 0, 0, 0, 4.00
M, 106888542, 1, -240.798584, 809.905151, -165.875458, 1, 0, 0, 0, 3.34
M, 106888542, 2, -316.118561, 816.997437, -224.009918, 1, 0, 0, 0, 4.00
M, 106888542, 3, -211.834930, 810.013855, -161.397888, 1, 0, 0, 0, 4.00
M, 106888542, 4, -268.212158, 816.446411, -175.020416, 1, 0, 0, 0, 4.00
M, 106888542, 5, -176.448120, 810.657654, -162.376068, 1, 0, 0, 0, 3.34
M, 106888542, 6, -152.804779, 811.590759, -163.485962, 1, 0, 0, 0, 4.00
M, 106888542, 7, -130.005615, 811.076416, -167.784119, 1, 0, 0, 0, 4.00
M, 106889583, 0, -313.138306, 818.579773, -181.385925, 1, 0, 0, 0, 4.00
M, 106889583, 1, -240.796585, 809.907837, -165.875549, 1, 0, 0, 0, 4.00
M, 106889583, 2, -316.126312, 816.997742, -224.020081, 1, 0, 0, 0, 3.55
M, 106889583, 3, -211.834778, 810.010498, -161.394791, 1, 0, 0, 0, 4.00
M, 106889583, 4, -268.210846, 816.447876, -175.020172, 1, 0, 0, 0, 4.00
M, 106889583, 5, -176.451874, 810.657837, -162.379471, 1, 0, 0, 0, 4.00
M, 106889583, 6, -152.785767, 811.605164, -163.462234, 1, 0, 0, 0, 3.52
M, 106889583, 7, -130.004547, 811.076904, -167.783875, 1, 0, 0, 0, 4.00
M, 106890625, 0, -313.139038, 818.580444, -181.385361, 1, 0, 0, 0, 4.00
M, 106890625, 1, -240.796753, 809.907837, -165.875519, 1, 0, 0, 0, 4.00
M, 106890625, 2, -316.125336, 816.997498, -224.018646, 1, 0, 0, 0, 4.00
M, 106890625, 3, -211.839752, 810.054382, -161.421356, 1, 0, 0, 0, 3.79
M, 106890625, 4, -268.209534, 816.449280, -175.020004, 1, 0, 0, 0, 4.00
M, 106890625, 5, -176.451706, 810.657837, -162.379608, 1, 0, 0, 0, 4.00
M, 106890625, 6, -152.789948, 811.601318, -163.467636, 1, 0, 0, 0, 4.00
M, 106890625, 7, -130.003357, 811.075562, -167.775711, 1, 0, 0, 0, 3.07
M, 106891667, 0, -313.136993, 818.585022, -181.381897, 1, 0, 0, 0, 3.57
M, 106891667, 1, -240.796875, 809.907898, -165.875458, 1, 0, 0, 0, 4.00
M, 106891667, 2, -316.126465, 816.997314, -224.019867, 1, 0, 0, 0, 4.00
M, 106891667, 3, -211.838806, 810.043030, -161.413391, 1, 0, 0, 0, 4.00
M, 106891667, 4, -268.215088, 816.440186, -175.015442, 1, 0, 0, 0, 3.32
M, 106891667, 5, -176.451523, 810.657776, -162.379761, 1, 0, 0, 0, 4.00
M, 106891667, 6, -152.788635, 811.601685, -163.466171, 1, 0, 0, 0, 4.00
M, 106891667, 7, -130.002258, 811.076294, -167.776718, 1, 0, 0, 0, 4.00
M, 106892708, 0, -313.138184, 818.584961, -181.381775, 1, 0, 0, 0, 4.00
M, 106892708, 1, -240.795471, 809.908081, -165.878525, 1, 0, 0, 0, 3.34
M, 106892708, 2, -316.127563, 816.997192, -224.021149, 1, 0, 0, 0, 4.00
M, 106892708, 3, -211.839188, 810.044922, -161.413513, 1, 0, 0, 0, 4.00
M, 106892708, 4, -268.212616, 816.443298, -175.015976, 1, 0, 0, 0, 4.00
M, 106892708, 5, -176.454987, 810.659302, -162.377533, 1, 0, 0, 0, 3.34
M, 106892708, 6, -152.787354, 811.602051, -163.464691, 1, 0, 0, 0, 4.00
M, 106892708, 7, -130.001175, 811.076599, -167.775620, 1, 0, 0, 0, 4.00
M, 106893750, 0, -313.138672, 818.586060, -181.380890, 1, 0, 0, 0, 4.00
M, 106893750, 1, -240.795868, 809.908081, -165.877960, 1, 0, 0, 0, 4.00
M, 106893750, 2, -316.120697, 816.996765, -224.008728, 1, 0, 0, 0, 3.55
M, 106893750, 3, -211.839630, 810.046509, -161.413696, 1, 0, 0, 0, 4.00
M, 106893750, 4, -268.212036, 816.443542, -175.015289, 1, 0, 0, 0, 4.00
M, 106893750, 5, -176.454178, 810.658997, -162.378036, 1, 0, 0, 0, 4.00
M, 106893750, 6, -152.801773, 811.599121, -163.466766, 1, 0, 0, 0, 3.52
M, 106893750, 7, -130.000076, 811.076843, -167.774490, 1, 0, 0, 0, 4.00
M, 106894792, 0, -313.139160, 818.587036, -181.380020, 1, 0, 0, 0, 4.00
M, 106894792, 1, -240.795868, 809.908142, -165.878250, 1, 0, 0, 0, 4.00
M, 106894792, 2, -316.123077, 816.996582, -224.012207, 1, 0, 0, 0, 4.00
M, 106894792, 3, -211.829620, 810.058533, -161.409790, 1, 0, 0, 0, 3.96
M, 106894792, 4, -268.211487, 816.443726, -175.014633, 1, 0, 0, 0, 4.00
M, 106894792, 5, -176.454391, 810.659180, -162.377914, 1, 0, 0, 0, 4.00
M, 106894792, 6, -152.797897, 811.600037, -163.464691, 1, 0, 0, 0, 4.00
M, 106894792, 7, -130.003448, 811.073059, -167.766357, 1, 0, 0, 0, 3.07
M, 106895833, 0, -313.133240, 818.584778, -181.384338, 1, 0, 0, 0, 3.57
M, 106895833, 1, -240.795868, 809.908203, -165.878555, 1, 0, 0, 0, 4.00
M, 106895833, 2, -316.123322, 816.996460, -224.011978, 1, 0, 0, 0, 4.00
M, 106895833, 3, -211.831772, 810.058533, -161.410583, 1, 0, 0, 0, 4.00
M, 106895833, 4, -268.217346, 816.446838, -175.016907, 1, 0, 0, 0, 3.32
M, 106895833, 5, -176.454559, 810.659363, -162.377792, 1, 0, 0, 0, 4.00
M, 106895833, 6, -152.798309, 811.599976, -163.463608, 1, 0, 0, 0, 4.00
M, 106895833, 7, -130.001602, 811.074036, -167.766357, 1, 0, 0, 0, 4.00
M, 106896875, 0, -313.134674, 818.586426, -181.382614, 1, 0, 0, 0, 4.00
M, 106896875, 1, -240.798935, 809.916687, -165.867706, 1, 0, 0, 0, 3.34
M, 106896875, 2, -316.123566, 816.996277, -224.011795, 1, 0, 0, 0, 4.00
M, 106896875, 3, -211.831055, 810.061340, -161.410294, 1, 0, 0, 0, 4.00
M, 106896875, 4, -268.215668, 816.446655, -175.015762, 1, 0, 0, 0, 4.00
M, 106896875, 5, -176.465179, 810.657898, -162.374817, 1, 0, 0, 0, 3.34
M, 106896875, 6, -152.798767, 811.599976, -163.462540, 1, 0, 0, 0, 4.00
M, 106896875, 7, -130.000977, 811.073914, -167.764481, 1, 0, 0, 0, 4.00
M, 106897917, 0, -313.134369, 818.587219, -181.382263, 1, 0, 0, 0, 4.00
M, 106897917, 1, -240.798401, 809.915344, -165.869827, 1, 0, 0, 0, 4.00
M, 106897917, 2, -316.111694, 817.011475, -224.001541, 1, 0, 0, 0, 3.55
M, 106897917, 3, -211.830338, 810.064148, -161.410049, 1, 0, 0, 0, 4.00
M, 106897917, 4, -268.215790, 816.447327, -175.015381, 1, 0, 0, 0, 4.00
M, 106897917, 5, -176.463623, 810.658325, -162.375137, 1, 0, 0, 0, 4.00
M, 106897917, 6, -152.800461, 811.596436, -163.466705, 1, 0, 0, 0, 3.52
M, 106897917, 7, -130.000320, 811.073792, -167.762543, 1, 0, 0, 0, 4.00
M, 106898958, 0, -313.134094, 818.587952, -181.381897, 1, 0, 0, 0, 4.00
M, 106898958, 1, -240.798721, 809.916138, -165.868896, 1, 0, 0, 0, 4.00
M, 106898958, 2, -316.113892, 817.008728, -224.002945, 1, 0, 0, 0, 4.00
M, 106898958, 3, -211.832245, 810.055786, -161.405640, 1, 0, 0, 0, 3.79
M, 106898958, 4, -268.215912, 816.447937, -175.014999, 1, 0, 0, 0, 4.00
M, 106898958, 5, -176.464935, 810.658264, -162.374695, 1, 0, 0, 0, 4.00
M, 106898958, 6, -152.800705, 811.596985, -163.464798, 1, 0, 0, 0, 4.00
M, 106898958, 7, -130.010269, 811.067688, -167.768494, 1, 0, 0, 0, 3.07
M, 106900000, 0, -313.122223, 818.600403, -181.376419, 1, 0, 0, 0, 3.57
M, 106900000, 1, -240.799088, 809.917053, -165.868011, 1, 0, 0, 0, 4.00
M, 106900000, 2, -316.112823, 817.010254, -224.001602, 1, 0, 0, 0, 4.00
M, 106900000, 3, -211.831085, 810.060425, -161.406036, 1, 0, 0, 0, 4.00
M, 106900000, 4, -268.203583, 816.459412, -175.002121, 1, 0, 0, 0, 3.32
M, 106900000, 5, -176.466309, 810.658264, -162.374252, 1, 0, 0, 0, 4.00
M, 106900000, 6, -152.801270, 811.596558, -163.464264, 1, 0, 0, 0, 4.00
M, 106900000, 7, -130.007858, 811.068604, -167.765274, 1, 0, 0, 0, 4.00
M, 106901042, 0, -313.123901, 818.599182, -181.376953, 1, 0, 0, 0, 4.00
M, 106901042, 1, -240.789124, 809.914551, -165.864365, 1, 0, 0, 0, 3.34
M, 106901042, 2, -316.111694, 817.011780, -224.000290, 1, 0, 0, 0, 4.00
M, 106901042, 3, -211.830688, 810.061951, -161.405289, 1, 0, 0, 0, 4.00
M, 106901042, 4, -268.205780, 816.458252, -175.003845, 1, 0, 0, 0, 4.00
M, 106901042, 5, -176.451279, 810.655823, -162.357529, 1, 0, 0, 0, 3.34
M, 106901042, 6, -152.801834, 811.596191, -163.463791, 1, 0, 0, 0, 4.00
M, 106901042, 7, -130.008423, 811.067749, -167.764267, 1, 0, 0, 0, 4.00
M, 106902083, 0, -313.122345, 818.601196, -181.376053, 1, 0, 0, 0, 4.00
M, 106902083, 1, -240.791153, 809.916138, -165.863892, 1, 0, 0, 0, 4.00
M, 106902083, 2, -316.094940, 817.016602, -223.993851, 1, 0, 0, 0, 3.55
M, 106902083, 3, -211.830276, 810.063538, -161.404541, 1, 0, 0, 0, 4.00
M, 106902083, 4, -268.204529, 816.460083, -175.002121, 1, 0, 0, 0, 4.00
M, 106902083, 5, -176.455368, 810.656189, -162.359787, 1, 0, 0, 0, 4.00
M, 106902083, 6, -152.797150, 811.615051, -163.460510, 1, 0, 0, 0, 3.52
M, 106902083, 7, -130.008926, 811.066956, -167.763199, 1, 0, 0, 0, 4.00
M, 106903125, 0, -313.120911, 818.603149, -181.375168, 1, 0, 0, 0, 4.00
M, 106903125, 1, -240.790359, 809.916748, -165.862671, 1, 0, 0, 0, 4.00
M, 106903125, 2, -316.096497, 817.017517, -223.993378, 1, 0, 0, 0, 4.00
M, 106903125, 3, -211.828934, 810.058289, -161.402298, 1, 0, 0, 0, 3.79
M, 106903125, 4, -268.203278, 816.461853, -175.000381, 1, 0, 0, 0, 4.00
M, 106903125, 5, -176.454956, 810.655884, -162.357590, 1, 0, 0, 0, 4.00
M, 106903125, 6, -152.798615, 811.611511, -163.460510, 1, 0, 0, 0, 4.00
M, 106903125, 7, -130.003616, 811.071838, -167.761520, 1, 0, 0, 0, 3.07
M, 106904167, 0, -313.133026, 818.590576, -181.384460, 1, 0, 0, 0, 3.57
M, 106904167, 1, -240.789581, 809.917297, -165.861481, 1, 0, 0, 0, 4.00
M, 106904167, 2, -316.093628, 817.019470, -223.991470, 1, 0, 0, 0, 4.00
M, 106904167, 3, -211.828659, 810.060913, -161.401825, 1, 0, 0, 0, 4.00
M, 106904167, 4, -268.209656, 816.455566, -175.011597, 1, 0, 0, 0, 3.32
M, 106904167, 5, -176.454498, 810.655518, -162.355377, 1, 0, 0, 0, 4.00
M, 106904167, 6, -152.798615, 811.613220, -163.459671, 1, 0, 0, 0, 4.00
M, 106904167, 7, -130.005142, 811.069946, -167.760605, 1, 0, 0, 0, 4.00
M, 106905208, 0, -313.129242, 818.595032, -181.381927, 1, 0, 0, 0, 4.00
M, 106905208, 1, -240.800522, 809.894470, -165.864426, 1, 0, 0, 0, 3.34
M, 106905208, 2, -316.090881, 817.021118, -223.989624, 1, 0, 0, 0, 4.00
M, 106905208, 3, -211.828125, 810.061829, -161.400879, 1, 0, 0, 0, 4.00
M, 106905208, 4, -268.207153, 816.458740, -175.007782, 1, 0, 0, 0, 4.00
M, 106905208, 5, -176.457962, 810.665344, -162.363068, 1, 0, 0, 0, 3.34
M, 106905208, 6, -152.798615, 811.614868, -163.458908, 1, 0, 0, 0, 4.00
M, 106905208, 7, -130.005020, 811.069763, -167.759491, 1, 0, 0, 0, 4.00
M, 106906250, 0, -313.129211, 818.595276, -181.382141, 1, 0, 0, 0, 4.00
M, 106906250, 1, -240.797775, 809.898926, -165.862518, 1, 0, 0, 0, 4.00
M, 106906250, 2, -316.107880, 817.012268, -224.004166, 1, 0, 0, 0, 3.55
M, 106906250, 3, -211.827591, 810.062744, -161.399979, 1, 0, 0, 0, 4.00
M, 106906250, 4, -268.206726, 816.459473, -175.007446, 1, 0, 0, 0, 4.00
M, 106906250, 5, -176.456894, 810.663330, -162.359192, 1, 0, 0, 0, 4.00
M, 106906250, 6, -152.804871, 811.594055, -163.461288, 1, 0, 0, 0, 3.52
M, 106906250, 7, -130.004898, 811.069580, -167.758362, 1, 0, 0, 0, 4.00
M, 106907292, 0, -313.129150, 818.595703, -181.382370, 1, 0, 0, 0, 4.00
M, 106907292, 1, -240.798248, 809.896973, -165.861740, 1, 0, 0, 0, 4.00
M, 106907292, 2, -316.101807, 817.015930, -223.999573, 1, 0, 0, 0, 4.00
M, 106907292, 3, -211.839996, 810.044922, -161.415421, 1, 0, 0, 0, 3.79
M, 106907292, 4, -268.206299, 816.460510, -175.007126, 1, 0, 0, 0, 4.00
M, 106907292, 5, -176.456833, 810.664246, -162.358063, 1, 0, 0, 0, 4.00
M, 106907292, 6, -152.803864, 811.599487, -163.459915, 1, 0, 0, 0, 4.00
M, 106907292, 7, -130.010086, 811.067688, -167.772369, 1, 0, 0, 0, 3.07
M, 106908333, 0, -313.121857, 818.605042, -181.376709, 1, 0, 0, 0, 3.57
M, 106908333, 1, -240.798782, 809.894897, -165.861008, 1, 0, 0, 0, 4.00
M, 106908333, 2, -316.101135, 817.016541, -223.999481, 1, 0, 0, 0, 4.00
M, 106908333, 3, -211.837311, 810.048828, -161.411835, 1, 0, 0, 0, 4.00
M, 106908333, 4, -268.193604, 816.466248, -175.005844, 1, 0, 0, 0, 3.32
M, 106908333, 5, -176.456802, 810.665100, -162.356873, 1, 0, 0, 0, 4.00
M, 106908333, 6, -152.804550, 811.598755, -163.459503, 1, 0, 0, 0, 4.00
M, 106908333, 7, -130.009109, 811.067688, -167.768768, 1, 0, 0, 0, 4.00
M, 106909375, 0, -313.123047, 818.603943, -181.377899, 1, 0, 0, 0, 4.00
M, 106909375, 1, -240.781860, 809.926880, -165.872711, 1, 0, 0, 0, 3.34
M, 106909375, 2, -316.100494, 817.017456, -223.999390, 1, 0, 0, 0, 4.00
M, 106909375, 3, -211.838165, 810.047607, -161.412674, 1, 0, 0, 0, 4.00
M, 106909375, 4, -268.195221, 816.466370, -175.005692, 1, 0, 0, 0, 4.00
M, 106909375, 5, -176.450684, 810.658325, -162.361526, 1, 0, 0, 0, 3.34
M, 106909375, 6, -152.805252, 811.597900, -163.459030, 1, 0, 0, 0, 4.00
M, 106909375, 7, -130.009613, 811.067383, -167.769333, 1, 0, 0, 0, 4.00
M, 106910417, 0, -313.122223, 818.605347, -181.377487, 1, 0, 0, 0, 4.00
M, 106910417, 1, -240.785263, 809.919067, -165.869919, 1, 0, 0, 0, 4.00
M, 106910417, 2, -316.101501, 817.010620, -223.999512, 1, 0, 0, 0, 3.55
M, 106910417, 3, -211.839035, 810.046570, -161.413544, 1, 0, 0, 0, 4.00
M, 106910417, 4, -268.193451, 816.467834, -175.005280, 1, 0, 0, 0, 4.00
M, 106910417, 5, -176.451736, 810.660400, -162.359436, 1, 0, 0, 0, 4.00
M, 106910417, 6, -152.784424, 811.616455, -163.458603, 1, 0, 0, 0, 3.52
M, 106910417, 7, -130.010086, 811.066956, -167.769867, 1, 0, 0, 0, 4.00
M, 106911458, 0, -313.121399, 818.606689, -181.377014, 1, 0, 0, 0, 4.00
M, 106911458, 1, -240.783798, 809.920959, -165.870514, 1, 0, 0, 0, 4.00
M, 106911458, 2, -316.100616, 817.012573, -223.999390, 1, 0, 0, 0, 4.00
M, 106911458, 3, -211.829620, 810.063049, -161.407730, 1, 0, 0, 0, 3.79
M, 106911458, 4, -268.191711, 816.469238, -175.004883, 1, 0, 0, 0, 4.00
M, 106911458, 5, -176.451050, 810.660339, -162.358963, 1, 0, 0, 0, 4.00
M, 106911458, 6, -152.788666, 811.612488, -163.458191, 1, 0, 0, 0, 4.00
M, 106911458, 7, -130.002762, 811.076965, -167.776840, 1, 0, 0, 0, 3.07
M, 106912500, 0, -313.122223, 818.593994, -181.382263, 1, 0, 0, 0, 3.57
M, 106912500, 1, -240.782425, 809.922668, -165.871109, 1, 0, 0, 0, 4.00
M, 106912500, 2, -316.100189, 817.012390, -223.999344, 1, 0, 0, 0, 4.00
M, 106912500, 3, -211.832184, 810.059082, -161.409698, 1, 0, 0, 0, 4.00
M, 106912500, 4, -268.205170, 816.455872, -175.020203, 1, 0, 0, 0, 3.60
M, 106912500, 5, -176.450394, 810.660339, -162.358490, 1, 0, 0, 0, 4.00
M, 106912500, 6, -152.787048, 811.613831, -163.457718, 1, 0, 0, 0, 4.00
M, 106912500, 7, -130.004517, 811.074951, -167.776337, 1, 0, 0, 0, 4.00
M, 106913542, 0, -313.121155, 818.597717, -181.380951, 1, 0, 0, 0, 4.00
M, 106913542, 1, -240.775696, 809.926941, -165.867401, 1, 0, 0, 0, 3.34
M, 106913542, 2, -316.099701, 817.012268, -223.999222, 1, 0, 0, 0, 4.00
M, 106913542, 3, -211.831940, 810.059692, -161.409882, 1, 0, 0, 0, 4.00
M, 106913542, 4, -268.200958, 816.459717, -175.017197, 1, 0, 0, 0, 4.00
M, 106913542, 5, -176.444855, 810.659729, -162.364975, 1, 0, 0, 0, 3.34
M, 106913542, 6, -152.785385, 811.615234, -163.457230, 1, 0, 0, 0, 4.00
M, 106913542, 7, -130.004135, 811.075623, -167.777618, 1, 0, 0, 0, 4.00
M, 106914583, 0, -313.120483, 818.597595, -181.381119, 1, 0, 0, 0, 4.00
M, 106914583, 1, -240.775116, 809.928284, -165.868652, 1, 0, 0, 0, 4.00
M, 106914583, 2, -316.104004, 817.009766, -224.011353, 1, 0, 0, 0, 3.55
M, 106914583, 3, -211.831741, 810.060425, -161.410049, 1, 0, 0, 0, 4.00
M, 106914583, 4, -268.200897, 816.459473, -175.018539, 1, 0, 0, 0, 4.00
M, 106914583, 5, -176.444931, 810.659790, -162.363312, 1, 0, 0, 0, 4.00
M, 106914583, 6, -152.791672, 811.611755, -163.474106, 1, 0, 0, 0, 3.52
M, 106914583, 7, -130.003769, 811.076294, -167.778809, 1, 0, 0, 0, 4.00
M, 106915625, 0, -313.119843, 818.597412, -181.381332, 1, 0, 0, 0, 4.00
M, 106915625, 1, -240.773163, 809.930298, -165.868835, 1, 0, 0, 0, 4.00
M, 106915625, 2, -316.102814, 817.010010, -224.009293, 1, 0, 0, 0, 4.00
M, 106915625, 3, -211.831375, 810.060364, -161.419418, 1, 0, 0, 0, 3.79
M, 106915625, 4, -268.200836, 816.459229, -175.019882, 1, 0, 0, 0, 4.00
M, 106915625, 5, -176.443741, 810.659729, -162.363556, 1, 0, 0, 0, 4.00
M, 106915625, 6, -152.788696, 811.614075, -163.470795, 1, 0, 0, 0, 4.00
M, 106915625, 7, -130.008896, 811.068237, -167.775955, 1, 0, 0, 0, 3.07
M, 106916667, 0, -313.129364, 818.591980, -181.375458, 1, 0, 0, 0, 3.57
M, 106916667, 1, -240.771133, 809.932312, -165.868958, 1, 0, 0, 0, 4.00
M, 106916667, 2, -316.102814, 817.009583, -224.010544, 1, 0, 0, 0, 4.00
M, 106916667, 3, -211.831177, 810.061218, -161.418045, 1, 0, 0, 0, 4.00
M, 106916667, 4, -268.217804, 816.446045, -175.026413, 1, 0, 0, 0, 3.32
M, 106916667, 5, -176.442520, 810.659668, -162.363785, 1, 0, 0, 0, 4.00
M, 106916667, 6, -152.787918, 811.614868, -163.472260, 1, 0, 0, 0, 4.00
M, 106916667, 7, -130.007614, 811.070557, -167.777863, 1, 0, 0, 0, 4.00
M, 106917708, 0, -313.126984, 818.592712, -181.376648, 1, 0, 0, 0, 4.00
M, 106917708, 1, -240.790924, 809.922546, -165.881989, 1, 0, 0, 0, 3.34
M, 106917708, 2, -316.102936, 817.009155, -224.011856, 1, 0, 0, 0, 4.00
M, 106917708, 3, -211.830933, 810.061829, -161.419235, 1, 0, 0, 0, 4.00
M, 106917708, 4, -268.214905, 816.447876, -175.026825, 1, 0, 0, 0, 4.00
M, 106917708, 5, -176.452591, 810.666321, -162.368378, 1, 0, 0, 0, 3.34
M, 106917708, 6, -152.787109, 811.615723, -163.473679, 1, 0, 0, 0, 4.00
M, 106917708, 7, -130.007797, 811.070313, -167.778687, 1, 0, 0, 0, 4.00
M, 106918750, 0, -313.127472, 818.592041, -181.376205, 1, 0, 0, 0, 4.00
M, 106918750, 1, -240.785370, 809.926514, -165.879990, 1, 0, 0, 0, 4.00
M, 106918750, 2, -316.100677, 817.009949, -223.997726, 1, 0, 0, 0, 3.55
M, 106918750, 3, -211.830688, 810.062500, -161.420395, 1, 0, 0, 0, 4.00
M, 106918750, 4, -268.216675, 816.446228, -175.028702, 1, 0, 0, 0, 4.00
M, 106918750, 5, -176.449493, 810.665222, -162.367905, 1, 0, 0, 0, 4.00
M, 106918750, 6, -152.806595, 811.604858, -163.483109, 1, 0, 0, 0, 3.52
M, 106918750, 7, -130.008057, 811.070068, -167.779465, 1, 0, 0, 0, 4.00
M, 106919792, 0, -313.127960, 818.591431, -181.375732, 1, 0, 0, 0, 4.00
M, 106919792, 1, -240.785736, 809.927246, -165.881531, 1, 0, 0, 0, 4.00
M, 106919792, 2, -316.101135, 817.009277, -224.001541, 1, 0, 0, 0, 4.00
M, 106919792, 3, -211.818985, 810.070251, -161.416138, 1, 0, 0, 0, 3.79
M, 106919792, 4, -268.218475, 816.444580, -175.030579, 1, 0, 0, 0, 4.00
M, 106919792, 5, -176.449554, 810.665710, -162.368668, 1, 0, 0, 0, 4.00
M, 106919792, 6, -152.802399, 811.607727, -163.483215, 1, 0, 0, 0, 4.00
M, 106919792, 7, -130.015396, 811.071594, -167.781464, 1, 0, 0, 0, 3.07
M, 106920833, 0, -313.125214, 818.596863, -181.378326, 1, 0, 0, 0, 3.57
M, 106920833, 1, -240.786087, 809.928101, -165.883057, 1, 0, 0, 0, 4.00
M, 106920833, 2, -316.100891, 817.009155, -224.001129, 1, 0, 0, 0, 4.00
M, 106920833, 3, -211.820618, 810.069702, -161.418167, 1, 0, 0, 0, 4.00
M, 106920833, 4, -268.202393, 816.458252, -175.022476, 1, 0, 0, 0, 3.32
M, 106920833, 5, -176.449585, 810.666382, -162.369385, 1, 0, 0, 0, 4.00
M, 106920833, 6, -152.803802, 811.607361, -163.485519, 1, 0, 0, 0, 4.00
M, 106920833, 7, -130.014404, 811.071167, -167.782028, 1, 0, 0, 0, 4.00
M, 106921875, 0, -313.126160, 818.595032, -181.377426, 1, 0, 0, 0, 4.00
M, 106921875, 1, -240.797714, 809.914673, -165.896347, 1, 0, 0, 0, 3.34
M, 106921875, 2, -316.100800, 817.008911, -224.000702, 1, 0, 0, 0, 4.00
M, 106921875, 3, -211.819122, 810.071045, -161.418732, 1, 0, 0, 0, 4.00
M, 106921875, 4, -268.207092, 816.454224, -175.025986, 1, 0, 0, 0, 4.00
M, 106921875, 5, -176.447952, 810.668518, -162.370193, 1, 0, 0, 0, 3.34
M, 106921875, 6, -152.805237, 811.606873, -163.487839, 1, 0, 0, 0, 4.00
M, 106921875, 7, -130.015427, 811.071167, -167.782990, 1, 0, 0, 0, 4.00
M, 106922917, 0, -313.126282, 818.594910, -181.377258, 1, 0, 0, 0, 4.00
M, 106922917, 1, -240.796219, 809.917725, -165.895935, 1, 0, 0, 0, 4.00
M, 106922917, 2, -316.113190, 817.000488, -224.014008, 1, 0, 0, 0, 3.55
M, 106922917, 3, -211.817581, 810.072693, -161.419296, 1, 0, 0, 0, 4.00
M, 106922917, 4, -268.206909, 816.454285, -175.026733, 1, 0, 0, 0, 4.00
M, 106922917, 5, -176.448212, 810.669006, -162.370911, 1, 0, 0, 0, 4.00
M, 106922917, 6, -152.794739, 811.613098, -163.473572, 1, 0, 0, 0, 3.52
M, 106922917, 7, -130.016342, 811.071228, -167.783875, 1, 0, 0, 0, 4.00
M, 106923958, 0, -313.126465, 818.594788, -181.377136, 1, 0, 0, 0, 4.00
M, 106923958, 1, -240.797836, 809.916931, -165.898727, 1, 0, 0, 0, 4.00
M, 106923958, 2, -316.110809, 817.001587, -224.011322, 1, 0, 0, 0, 4.00
M, 106923958, 3, -211.823624, 810.071716, -161.426117, 1, 0, 0, 0, 3.79
M, 106923958, 4, -268.206726, 816.454346, -175.027573, 1, 0, 0, 0, 4.00
M, 106923958, 5, -176.448059, 810.669861, -162.371658, 1, 0, 0, 0, 4.00
M, 106923958, 6, -152.798080, 811.611755, -163.478607, 1, 0, 0, 0, 4.00
M, 106923958, 7, -130.007401, 811.079651, -167.781250, 1, 0, 0, 0, 3.07
M, 106925000, 0, -313.128906, 818.584045, -181.392807, 1, 0, 0, 0, 3.57
M, 106925000, 1, -240.799377, 809.916199, -165.901535, 1, 0, 0, 0, 4.00
M, 106925000, 2, -316.112000, 817.000305, -224.012390, 1, 0, 0, 0, 4.00
M, 106925000, 3, -211.820892, 810.073547, -161.425644, 1, 0, 0, 0, 4.00
M, 106925000, 4, -268.217407, 816.451477, -175.024582, 1, 0, 0, 0, 3.32
M, 106925000, 5, -176.447922, 810.670593, -162.372406, 1, 0, 0, 0, 4.00
M, 106925000, 6, -152.798172, 811.612122, -163.479111, 1, 0, 0, 0, 4.00
M, 106925000, 7, -130.010025, 811.078308, -167.782745, 1, 0, 0, 0, 4.00
M, 106926042, 0, -313.128662, 818.585693, -181.390060, 1, 0, 0, 0, 4.00
M, 106926042, 1, -240.794556, 809.915649, -165.894531, 1, 0, 0, 0, 3.34
M, 106926042, 2, -316.113190, 816.999207, -224.013428, 1, 0, 0, 0, 4.00
M, 106926042, 3, -211.820206, 810.074768, -161.426865, 1, 0, 0, 0, 4.00
M, 106926042, 4, -268.215424, 816.451965, -175.025986, 1, 0, 0, 0, 4.00
M, 106926042, 5, -176.458771, 810.651550, -162.381973, 1, 0, 0, 0, 3.34
M, 106926042, 6, -152.798248, 811.612427, -163.479584, 1, 0, 0, 0, 4.00
M, 106926042, 7, -130.009949, 811.079285, -167.783279, 1, 0, 0, 0, 4.00
M, 106927083, 0, -313.129028, 818.584595, -181.391678, 1, 0, 0, 0, 4.00
M, 106927083, 1, -240.797241, 809.914917, -165.898972, 1, 0, 0, 0, 4.00
M, 106927083, 2, -316.097809, 817.018311, -224.019730, 1, 0, 0, 0, 3.55
M, 106927083, 3, -211.819550, 810.075806, -161.428177, 1, 0, 0, 0, 4.00
M, 106927083, 4, -268.216431, 816.451721, -175.026382, 1, 0, 0, 0, 4.00
M, 106927083, 5, -176.456802, 810.655457, -162.381226, 1, 0, 0, 0, 4.00
M, 106927083, 6, -152.796555, 811.595642, -163.488403, 1, 0, 0, 0, 3.52
M, 106927083, 7, -130.009857, 811.080139, -167.783813, 1, 0, 0, 0, 4.00
M, 106928125, 0, -313.129364, 818.583313, -181.393280, 1, 0, 0, 0, 4.00
M, 106928125, 1, -240.798096, 809.914063, -165.900696, 1, 0, 0, 0, 4.00
M, 106928125, 2, -316.101685, 817.013916, -224.019958, 1, 0, 0, 0, 4.00
M, 106928125, 3, -211.830597, 810.050720, -161.433395, 1, 0, 0, 0, 3.79
M, 106928125, 4, -268.217468, 816.451355, -175.026733, 1, 0, 0, 0, 4.00
M, 106928125, 5, -176.457840, 810.654175, -162.382919, 1, 0, 0, 0, 4.00
M, 106928125, 6, -152.796997, 811.598694, -163.487549, 1, 0, 0, 0, 4.00
M, 106928125, 7, -130.016205, 811.068726, -167.779144, 1, 0, 0, 0, 3.07
M, 106929167, 0, -313.128540, 818.575134, -181.388336, 1, 0, 0, 0, 3.57
M, 106929167, 1, -240.798965, 809.913391, -165.902420, 1, 0, 0, 0, 4.00
M, 106929167, 2, -316.101013, 817.014954, -224.021576, 1, 0, 0, 0, 4.00
M, 106929167, 3, -211.827957, 810.056396, -161.433990, 1, 0, 0, 0, 4.00
M, 106929167, 4, -268.221802, 816.444580, -175.029266, 1, 0, 0, 0, 3.32
M, 106929167, 5, -176.458847, 810.652832, -162.384613, 1, 0, 0, 0, 4.00
M, 106929167, 6, -152.796951, 811.597046, -163.488937, 1, 0, 0, 0, 4.00
M, 106929167, 7, -130.015060, 811.071594, -167.780533, 1, 0, 0, 0, 4.00
M, 106930208, 0, -313.129089, 818.575195, -181.391022, 1, 0, 0, 0, 4.00
M, 106930208, 1, -240.790619, 809.922180, -165.896072, 1, 0, 0, 0, 3.45
M, 106930208, 2, -316.100372, 817.016174, -224.023209, 1, 0, 0, 0, 4.00
M, 106930208, 3, -211.828583, 810.054688, -161.435684, 1, 0, 0, 0, 4.00
M, 106930208, 4, -268.222290, 816.445435, -175.029297, 1, 0, 0, 0, 4.00
M, 106930208, 5, -176.449554, 810.647461, -162.374481, 1, 0, 0, 0, 3.34
M, 106930208, 6, -152.796860, 811.595520, -163.490372, 1, 0, 0, 0, 4.00
M, 106930208, 7, -130.015671, 811.071167, -167.780502, 1, 0, 0, 0, 4.00
M, 106931250, 0, -313.129242, 818.573242, -181.391861, 1, 0, 0, 0, 4.00
M, 106931250, 1, -240.793060, 809.919678, -165.899170, 1, 0, 0, 0, 4.00
M, 106931250, 2, -316.116058, 816.992188, -224.013107, 1, 0, 0, 0, 3.55
M, 106931250, 3, -211.829178, 810.053101, -161.437347, 1, 0, 0, 0, 4.00
M, 106931250, 4, -268.223724, 816.444336, -175.029892, 1, 0, 0, 0, 4.00
M, 106931250, 5, -176.452332, 810.646729, -162.378159, 1, 0, 0, 0, 4.00
M, 106931250, 6, -152.810898, 811.586731, -163.479675, 1, 0, 0, 0, 3.52
M, 106931250, 7, -130.016235, 811.070679, -167.780472, 1, 0, 0, 0, 4.00
M, 106932292, 0, -313.129547, 818.571106, -181.392807, 1, 0, 0, 0, 4.00
M, 106932292, 1, -240.792999, 809.919922, -165.900070, 1, 0, 0, 0, 4.00
M, 106932292, 2, -316.112701, 816.997437, -224.016678, 1, 0, 0, 0, 4.00
M, 106932292, 3, -211.831970, 810.050476, -161.432938, 1, 0, 0, 0, 3.79
M, 106932292, 4, -268.225098, 816.443420, -175.030548, 1, 0, 0, 0, 4.00
M, 106932292, 5, -176.452240, 810.645081, -162.378571, 1, 0, 0, 0, 4.00
M, 106932292, 6, -152.808502, 811.586243, -163.483109, 1, 0, 0, 0, 4.00
M, 106932292, 7, -130.017273, 811.067017, -167.779190, 1, 0, 0, 0, 3.07
M, 106933333, 0, -313.128967, 818.574463, -181.383484, 1, 0, 0, 0, 3.57
M, 106933333, 1, -240.792892, 809.920105, -165.900879, 1, 0, 0, 0, 4.00
M, 106933333, 2, -316.113892, 816.995667, -224.017044, 1, 0, 0, 0, 4.00
M, 106933333, 3, -211.832245, 810.049011, -161.435623, 1, 0, 0, 0, 4.00
M, 106933333, 4, -268.206604, 816.453735, -175.024200, 1, 0, 0, 0, 3.32
M, 106933333, 5, -176.452179, 810.643188, -162.378983, 1, 0, 0, 0, 4.00
M, 106933333, 6, -152.809937, 811.583923, -163.483170, 1, 0, 0, 0, 4.00
M, 106933333, 7, -130.017776, 811.067200, -167.779343, 1, 0, 0, 0, 4.00
M, 106934375, 0, -313.129303, 818.571716, -181.386078, 1, 0, 0, 0, 4.00
M, 106934375, 1, -240.783707, 809.921448, -165.887680, 1, 0, 0, 0, 3.34
M, 106934375, 2, -316.114960, 816.994080, -224.017395, 1, 0, 0, 0, 4.00
M, 106934375, 3, -211.833023, 810.047180, -161.436630, 1, 0, 0, 0, 4.00
M, 106934375, 4, -268.211273, 816.450867, -175.025955, 1, 0, 0, 0, 4.00
M, 106934375, 5, -176.446152, 810.667908, -162.363342, 1, 0, 0, 0, 3.34
M, 106934375, 6, -152.811462, 811.581543, -163.483276, 1, 0, 0, 0, 4.00
M, 106934375, 7, -130.018402, 811.066467, -167.779175, 1, 0, 0, 0, 4.00
M, 106935417, 0, -313.129486, 818.570129, -181.385834, 1, 0, 0, 0, 4.00
M, 106935417, 1, -240.785141, 809.921570, -165.890900, 1, 0, 0, 0, 4.00
M, 106935417, 2, -316.094818, 817.008789, -223.998688, 1, 0, 0, 0, 3.55
M, 106935417, 3, -211.833908, 810.045288, -161.437653, 1, 0, 0, 0, 4.00
M, 106935417, 4, -268.210480, 816.451050, -175.025787, 1, 0, 0, 0, 4.00
M, 106935417, 5, -176.447021, 810.661804, -162.366348, 1, 0, 0, 0, 4.00
M, 106935417, 6, -152.780823, 811.609436, -163.460632, 1, 0, 0, 0, 3.52
M, 106935417, 7, -130.019028, 811.065796, -167.778992, 1, 0, 0, 0, 4.00
M, 106936458, 0, -313.129608, 818.568848, -181.385651, 1, 0, 0, 0, 4.00
M, 106936458, 1, -240.784058, 809.921814, -165.890213, 1, 0, 0, 0, 4.00
M, 106936458, 2, -316.099487, 817.004395, -224.002258, 1, 0, 0, 0, 4.00
M, 106936458, 3, -211.816681, 810.053162, -161.417175, 1, 0, 0, 0, 3.79
M, 106936458, 4, -268.209656, 816.451233, -175.025604, 1, 0, 0, 0, 4.00
M, 106936458, 5, -176.446274, 810.662903, -162.365036, 1, 0, 0, 0, 4.00
M, 106936458, 6, -152.787582, 811.602112, -163.464447, 1, 0, 0, 0, 4.00
M, 106936458, 7, -130.007111, 811.069336, -167.773331, 1, 0, 0, 0, 3.07
M, 106937500, 0, -313.128418, 818.585022, -181.384583, 1, 0, 0, 0, 3.57
M, 106937500, 1, -240.782990, 809.922180, -165.889526, 1, 0, 0, 0, 4.00
M, 106937500, 2, -316.098358, 817.004578, -224.000534, 1, 0, 0, 0, 4.00
M, 106937500, 3, -211.820496, 810.049866, -161.421738, 1, 0, 0, 0, 4.00
M, 106937500, 4, -268.224182, 816.453491, -175.028351, 1, 0, 0, 0, 3.32
M, 106937500, 5, -176.445587, 810.663879, -162.363663, 1, 0, 0, 0, 4.00
M, 106937500, 6, -152.785538, 811.603027, -163.462067, 1, 0, 0, 0, 4.00
M, 106937500, 7, -130.009888, 811.067749, -167.774048, 1, 0, 0, 0, 4.00
M, 106938542, 0, -313.128845, 818.580627, -181.384521, 1, 0, 0, 0, 4.00
M, 106938542, 1, -240.785492, 809.924744, -165.882904, 1, 0, 0, 0, 3.34
M, 106938542, 2, -316.097137, 817.004761, -223.998764, 1, 0, 0, 0, 4.00
M, 106938542, 3, -211.819366, 810.049194, -161.420395, 1, 0, 0, 0, 4.00
M, 106938542, 4, -268.220856, 816.453430, -175.027771, 1, 0, 0, 0, 4.00
M, 106938542, 5, -176.451797, 810.642639, -162.358276, 1, 0, 0, 0, 3.34
M, 106938542, 6, -152.783417, 811.604004, -163.459656, 1, 0, 0, 0, 4.00
M, 106938542, 7, -130.009171, 811.067383, -167.773270, 1, 0, 0, 0, 4.00
M, 106939583, 0, -313.128784, 818.581299, -181.384232, 1, 0, 0, 0, 4.00
M, 106939583, 1, -240.783768, 809.924805, -165.883209, 1, 0, 0, 0, 4.00
M, 106939583, 2, -316.115326, 817.004333, -224.011200, 1, 0, 0, 0, 3.55
M, 106939583, 3, -211.818237, 810.048462, -161.419052, 1, 0, 0, 0, 4.00
M, 106939583, 4, -268.221802, 816.453796, -175.027924, 1, 0, 0, 0, 4.00
M, 106939583, 5, -176.449921, 810.647461, -162.357620, 1, 0, 0, 0, 4.00
M, 106939583, 6, -152.789612, 811.602783, -163.463882, 1, 0, 0, 0, 3.52
M, 106939583, 7, -130.008484, 811.067139, -167.772491, 1, 0, 0, 0, 4.00
M, 106940625, 0, -313.128784, 818.581665, -181.383926, 1, 0, 0, 0, 4.00
M, 106940625, 1, -240.783112, 809.925354, -165.881897, 1, 0, 0, 0, 4.00
M, 106940625, 2, -316.110992, 817.004517, -224.007141, 1, 0, 0, 0, 4.00
M, 106940625, 3, -211.834183, 810.051758, -161.416199, 1, 0, 0, 0, 3.79
M, 106940625, 4, -268.222717, 816.454224, -175.028107, 1, 0, 0, 0, 4.00
M, 106940625, 5, -176.449966, 810.645996, -162.355865, 1, 0, 0, 0, 4.00
M, 106940625, 6, -152.786209, 811.604126, -163.460388, 1, 0, 0, 0, 4.00
M, 106940625, 7, -130.013733, 811.071716, -167.768143, 1, 0, 0, 0, 3.07
M, 106941667, 0, -313.138092, 818.580261, -181.380737, 1, 0, 0, 0, 3.57
M, 106941667, 1, -240.782425, 809.925903, -165.880585, 1, 0, 0, 0, 4.00
M, 106941667, 2, -316.111877, 817.004639, -224.006973, 1, 0, 0, 0, 4.00
M, 106941667, 3, -211.830215, 810.050354, -161.415115, 1, 0, 0, 0, 4.00
M, 106941667, 4, -268.216431, 816.452026, -175.025177, 1, 0, 0, 0, 3.32
M, 106941667, 5, -176.449997, 810.644531, -162.354019, 1, 0, 0, 0, 4.00
M, 106941667, 6, -152.785141, 811.604797, -163.458725, 1, 0, 0, 0, 4.00
M, 106941667, 7, -130.012054, 811.070557, -167.767960, 1, 0, 0, 0, 4.00
M, 106942708, 0, -313.136536, 818.581055, -181.380890, 1, 0, 0, 0, 4.00
M, 106942708, 1, -240.783585, 809.928833, -165.883408, 1, 0, 0, 0, 3.34
M, 106942708, 2, -316.112823, 817.004761, -224.006790, 1, 0, 0, 0, 4.00
M, 106942708, 3, -211.830933, 810.050110, -161.413635, 1, 0, 0, 0, 4.00
M, 106942708, 4, -268.218536, 816.452942, -175.025833, 1, 0, 0, 0, 4.00
M, 106942708, 5, -176.437820, 810.648865, -162.349365, 1, 0, 0, 0, 3.34
M, 106942708, 6, -152.783981, 811.605469, -163.457062, 1, 0, 0, 0, 4.00
M, 106942708, 7, -130.011993, 811.070679, -167.766830, 1, 0, 0, 0, 4.00
M, 106943750, 0, -313.137604, 818.581360, -181.380295, 1, 0, 0, 0, 4.00
M, 106943750, 1, -240.782578, 809.929199, -165.881409, 1, 0, 0, 0, 4.00
M, 106943750, 2, -316.097565, 817.017883, -223.991470, 1, 0, 0, 0, 3.55
M, 106943750, 3, -211.831711, 810.049988, -161.412140, 1, 0, 0, 0, 4.00
M, 106943750, 4, -268.218658, 816.453064, -175.025696, 1, 0, 0, 0, 4.00
M, 106943750, 5, -176.439835, 810.646606, -162.348053, 1, 0, 0, 0, 4.00
M, 106943750, 6, -152.792114, 811.608276, -163.458313, 1, 0, 0, 0, 3.52
M, 106943750, 7, -130.011932, 811.070923, -167.765640, 1, 0, 0, 0, 4.00
M, 106944792, 0, -313.138550, 818.581726, -181.379669, 1, 0, 0, 0, 4.00
M, 106944792, 1, -240.782043, 809.929993, -165.880524, 1, 0, 0, 0, 4.00
M, 106944792, 2, -316.101135, 817.015747, -223.993790, 1, 0, 0, 0, 4.00
M, 106944792, 3, -211.827713, 810.037903, -161.410080, 1, 0, 0, 0, 3.79
M, 106944792, 4, -268.218719, 816.453247, -175.025543, 1, 0, 0, 0, 4.00
M, 106944792, 5, -176.438507, 810.645874, -162.345901, 1, 0, 0, 0, 4.00
M, 106944792, 6, -152.789490, 811.608582, -163.456192, 1, 0, 0, 0, 4.00
M, 106944792, 7, -130.005020, 811.081848, -167.767960, 1, 0, 0, 0, 3.07
M, 106945833, 0, -313.148560, 818.580872, -181.383148, 1, 0, 0, 0, 3.57
M, 106945833, 1, -240.781555, 809.930847, -165.879623, 1, 0, 0, 0, 4.00
M, 106945833, 2, -316.100311, 817.017273, -223.991943, 1, 0, 0, 0, 4.00
M, 106945833, 3, -211.829269, 810.039551, -161.408676, 1, 0, 0, 0, 4.00
M, 106945833, 4, -268.231476, 816.450562, -175.019104, 1, 0, 0, 0, 3.32
M, 106945833, 5, -176.437195, 810.645203, -162.343765, 1, 0, 0, 0, 4.00
M, 106945833, 6, -152.789322, 811.609497, -163.454788, 1, 0, 0, 0, 4.00
M, 106945833, 7, -130.006042, 811.080383, -167.766205, 1, 0, 0, 0, 4.00
M, 106946875, 0, -313.147980, 818.581604, -181.381775, 1, 0, 0, 0, 4.00
M, 106946875, 1, -240.792938, 809.927124, -165.891495, 1, 0, 0, 0, 3.34
M, 106946875, 2, -316.099426, 817.018738, -223.990097, 1, 0, 0, 0, 4.00
M, 106946875, 3, -211.829498, 810.038025, -161.407135, 1, 0, 0, 0, 4.00
M, 106946875, 4, -268.229492, 816.451050, -175.019974, 1, 0, 0, 0, 4.00
M, 106946875, 5, -176.454712, 810.654968, -162.365097, 1, 0, 0, 0, 3.34
M, 106946875, 6, -152.789200, 811.610413, -163.453476, 1, 0, 0, 0, 4.00
M, 106946875, 7, -130.005203, 811.081787, -167.765427, 1, 0, 0, 0, 4.00
M, 106947917, 0, -313.149994, 818.581787, -181.381607, 1, 0, 0, 0, 4.00
M, 106947917, 1, -240.790497, 809.928650, -165.888504, 1, 0, 0, 0, 4.00
M, 106947917, 2, -316.102264, 817.006165, -224.010483, 1, 0, 0, 0, 3.98
M, 106947917, 3, -211.829681, 810.036499, -161.405579, 1, 0, 0, 0, 4.00
M, 106947917, 4, -268.230988, 816.450928, -175.019165, 1, 0, 0, 0, 4.00
M, 106947917, 5, -176.450302, 810.652466, -162.359131, 1, 0, 0, 0, 4.00
M, 106947917, 6, -152.803238, 811.582764, -163.474854, 1, 0, 0, 0, 3.52
M, 106947917, 7, -130.004364, 811.083252, -167.764618, 1, 0, 0, 0, 4.00
M, 106948958, 0, -313.152039, 818.581848, -181.381424, 1, 0, 0, 0, 4.00
M, 106948958, 1, -240.791306, 809.929016, -165.889038, 1, 0, 0, 0, 4.00
M, 106948958, 2, -316.100800, 817.010010, -224.004974, 1, 0, 0, 0, 4.00
M, 106948958, 3, -211.825150, 810.039246, -161.404480, 1, 0, 0, 0, 3.79
M, 106948958, 4, -268.232422, 816.450745, -175.018265, 1, 0, 0, 0, 4.00
M, 106948958, 5, -176.451050, 810.652832, -162.359589, 1, 0, 0, 0, 4.00
M, 106948958, 6, -152.800735, 811.588623, -163.469757, 1, 0, 0, 0, 4.00
M, 106948958, 7, -130.003265, 811.074280, -167.761230, 1, 0, 0, 0, 3.07
M, 106950000, 0, -313.142426, 818.578674, -181.385300, 1, 0, 0, 0, 3.57
M, 106950000, 1, -240.792114, 809.929321, -165.889587, 1, 0, 0, 0, 4.00
M, 106950000, 2, -316.100433, 817.009949, -224.005569, 1, 0, 0, 0, 4.00
M, 106950000, 3, -211.826187, 810.036926, -161.402878, 1, 0, 0, 0, 4.00
M, 106950000, 4, -268.236481, 816.469421, -175.007126, 1, 0, 0, 0, 3.32
M, 106950000, 5, -176.451828, 810.653259, -162.360062, 1, 0, 0, 0, 4.00
M, 106950000, 6, -152.802155, 811.586365, -163.470856, 1, 0, 0, 0, 4.00
M, 106950000, 7, -130.002518, 811.077393, -167.760834, 1, 0, 0, 0, 4.00
M, 106951042, 0, -313.146301, 818.579468, -181.384460, 1, 0, 0, 0, 4.00
M, 106951042, 1, -240.782074, 809.932922, -165.884155, 1, 0, 0, 0, 3.34
M, 106951042, 2, -316.099945, 817.009888, -224.006165, 1, 0, 0, 0, 4.00
M, 106951042, 3, -211.825897, 810.035767, -161.401352, 1, 0, 0, 0, 4.00
M, 106951042, 4, -268.237549, 816.466064, -175.007965, 1, 0, 0, 0, 4.00
M, 106951042, 5, -176.460907, 810.661865, -162.372971, 1, 0, 0, 0, 3.34
M, 106951042, 6, -152.803528, 811.584351, -163.471954, 1, 0, 0, 0, 4.00
M, 106951042, 7, -130.001663, 811.077576, -167.759796, 1, 0, 0, 0, 4.00
M, 106952083, 0, -313.147034, 818.579346, -181.384735, 1, 0, 0, 0, 4.00
M, 106952083, 1, -240.784714, 809.932617, -165.885651, 1, 0, 0, 0, 4.00
M, 106952083, 2, -316.103302, 817.012817, -224.016800, 1, 0, 0, 0, 3.55
M, 106952083, 3, -211.825592, 810.034729, -161.399857, 1, 0, 0, 0, 4.00
M, 106952083, 4, -268.239319, 816.468018, -175.005966, 1, 0, 0, 0, 4.00
M, 106952083, 5, -176.460312, 810.660767, -162.371414, 1, 0, 0, 0, 4.00
M, 106952083, 6, -152.790985, 811.606567, -163.472977, 1, 0, 0, 0, 3.52
M, 106952083, 7, -130.000854, 811.077759, -167.758728, 1, 0, 0, 0, 4.00
M, 106953125, 0, -313.147736, 818.579163, -181.384995, 1, 0, 0, 0, 4.00
M, 106953125, 1, -240.784302, 809.933228, -165.885498, 1, 0, 0, 0, 4.00
M, 106953125, 2, -316.102325, 817.012207, -224.015732, 1, 0, 0, 0, 4.00
M, 106953125, 3, -211.832184, 810.050415, -161.417648, 1, 0, 0, 0, 3.79
M, 106953125, 4, -268.241058, 816.469849, -175.003967, 1, 0, 0, 0, 4.00
M, 106953125, 5, -176.461960, 810.662231, -162.373169, 1, 0, 0, 0, 4.00
M, 106953125, 6, -152.794678, 811.600464, -163.474106, 1, 0, 0, 0, 4.00
M, 106953125, 7, -130.014297, 811.072632, -167.782562, 1, 0, 0, 0, 3.07
M, 106954167, 0, -313.139740, 818.580078, -181.380707, 1, 0, 0, 0, 3.57
M, 106954167, 1, -240.783951, 809.933899, -165.885376, 1, 0, 0, 0, 4.00
M, 106954167, 2, -316.102264, 817.012451, -224.017456, 1, 0, 0, 0, 4.00
M, 106954167, 3, -211.830750, 810.046509, -161.412979, 1, 0, 0, 0, 4.00
M, 106954167, 4, -268.220795, 816.467712, -175.024887, 1, 0, 0, 0, 3.32
M, 106954167, 5, -176.463562, 810.663513, -162.375000, 1, 0, 0, 0, 4.00
M, 106954167, 6, -152.794525, 811.601013, -163.475235, 1, 0, 0, 0, 4.00
M, 106954167, 7, -130.011078, 811.073792, -167.777374, 1, 0, 0, 0, 4.00
M, 106955208, 0, -313.141907, 818.579773, -181.381699, 1, 0, 0, 0, 4.00
M, 106955208, 1, -240.798187, 809.923950, -165.897156, 1, 0, 0, 0, 3.34
M, 106955208, 2, -316.102203, 817.012695, -224.019119, 1, 0, 0, 0, 4.00
M, 106955208, 3, -211.831192, 810.047241, -161.413544, 1, 0, 0, 0, 4.00
M, 106955208, 4, -268.226227, 816.470215, -175.019165, 1, 0, 0, 0, 4.00
M, 106955208, 5, -176.447083, 810.657532, -162.373947, 1, 0, 0, 0, 3.34
M, 106955208, 6, -152.794434, 811.601440, -163.476303, 1, 0, 0, 0, 4.00
M, 106955208, 7, -130.011795, 811.073547, -167.779022, 1, 0, 0, 0, 4.00
M, 106956250, 0, -313.141663, 818.579773, -181.381454, 1, 0, 0, 0, 4.00
M, 106956250, 1, -240.795425, 809.926208, -165.895065, 1, 0, 0, 0, 4.00
M, 106956250, 2, -316.112579, 817.023010, -224.021393, 1, 0, 0, 0, 3.55
M, 106956250, 3, -211.831619, 810.047974, -161.414108, 1, 0, 0, 0, 4.00
M, 106956250, 4, -268.225616, 816.471558, -175.019699, 1, 0, 0, 0, 4.00
M, 106956250, 5, -176.451706, 810.660095, -162.376251, 1, 0, 0, 0, 4.00
M, 106956250, 6, -152.788544, 811.613586, -163.467789, 1, 0, 0, 0, 3.52
M, 106956250, 7, -130.012482, 811.073181, -167.780655, 1, 0, 0, 0, 4.00
M, 106957292, 0, -313.141418, 818.579651, -181.381210, 1, 0, 0, 0, 4.00
M, 106957292, 1, -240.796646, 809.925842, -165.896194, 1, 0, 0, 0, 4.00
M, 106957292, 2, -316.110931, 817.021606, -224.022964, 1, 0, 0, 0, 4.00
M, 106957292, 3, -211.844528, 810.036987, -161.423492, 1, 0, 0, 0, 3.79
M, 106957292, 4, -268.224976, 816.473083, -175.020233, 1, 0, 0, 0, 4.00
M, 106957292, 5, -176.451401, 810.660461, -162.377701, 1, 0, 0, 0, 4.00
M, 106957292, 6, -152.789368, 811.612122, -163.470490, 1, 0, 0, 0, 4.00
M, 106957292, 7, -130.009460, 811.078491, -167.776810, 1, 0, 0, 0, 3.07
M, 106958333, 0, -313.142181, 818.588318, -181.387085, 1, 0, 0, 0, 3.57
M, 106958333, 1, -240.797806, 809.925354, -165.897354, 1, 0, 0, 0, 4.00
M, 106958333, 2, -316.112000, 817.023010, -224.024734, 1, 0, 0, 0, 4.00
M, 106958333, 3, -211.842880, 810.039856, -161.422623, 1, 0, 0, 0, 4.00
M, 106958333, 4, -268.213837, 816.472107, -175.040085, 1, 0, 0, 0, 3.32
M, 106958333, 5, -176.451050, 810.661011, -162.379227, 1, 0, 0, 0, 4.00
M, 106958333, 6, -152.788666, 811.613892, -163.470581, 1, 0, 0, 0, 4.00
M, 106958333, 7, -130.010773, 811.077332, -167.779343, 1, 0, 0, 0, 4.00
M, 106959375, 0, -313.141785, 818.586792, -181.385803, 1, 0, 0, 0, 4.00
M, 106959375, 1, -240.797211, 809.926758, -165.908203, 1, 0, 0, 0, 3.34
M, 106959375, 2, -316.113129, 817.024292, -224.026489, 1, 0, 0, 0, 4.00
M, 106959375, 3, -211.844635, 810.039368, -161.424179, 1, 0, 0, 0, 4.00
M, 106959375, 4, -268.214905, 816.473938, -175.037399, 1, 0, 0, 0, 4.00
M, 106959375, 5, -176.450684, 810.667847, -162.375137, 1, 0, 0, 0, 3.34
M, 106959375, 6, -152.787949, 811.615540, -163.470642, 1, 0, 0, 0, 4.00
M, 106959375, 7, -130.011108, 811.077576, -167.780426, 1, 0, 0, 0, 4.00
M, 106960417, 0, -313.141602, 818.587708, -181.386246, 1, 0, 0, 0, 4.00
M, 106960417, 1, -240.798721, 809.926086, -165.907761, 1, 0, 0, 0, 4.00
M, 106960417, 2, -316.122711, 817.012329, -224.021240, 1, 0, 0, 0, 3.55
M, 106960417, 3, -211.846451, 810.038818, -161.425735, 1, 0, 0, 0, 4.00
M, 106960417, 4, -268.213104, 816.474976, -175.040054, 1, 0, 0, 0, 4.00
M, 106960417, 5, -176.450333, 810.667358, -162.377563, 1, 0, 0, 0, 4.00
M, 106960417, 6, -152.793427, 811.608215, -163.482773, 1, 0, 0, 0, 3.52
M, 106960417, 7, -130.011429, 811.077759, -167.781494, 1, 0, 0, 0, 4.00
M, 106961458, 0, -313.141479, 818.588562, -181.386673, 1, 0, 0, 0, 4.00
M, 106961458, 1, -240.799744, 809.925781, -165.910019, 1, 0, 0, 0, 4.00
M, 106961458, 2, -316.122437, 817.015869, -224.024185, 1, 0, 0, 0, 4.00
M, 106961458, 3, -211.836777, 810.046875, -161.425247, 1, 0, 0, 0, 3.79
M, 106961458, 4, -268.211304, 816.476196, -175.042709, 1, 0, 0, 0, 4.00
M, 106961458, 5, -176.449997, 810.668518, -162.378448, 1, 0, 0, 0, 4.00
M, 106961458, 6, -152.791641, 811.611572, -163.480835, 1, 0, 0, 0, 4.00
M, 106961458, 7, -130.019806, 811.076965, -167.793655, 1, 0, 0, 0, 3.07
M, 106962500, 0, -313.142792, 818.584595, -181.391739, 1, 0, 0, 0, 3.57
M, 106962500, 1, -240.800812, 809.925476, -165.912262, 1, 0, 0, 0, 4.00
M, 106962500, 2, -316.124512, 817.015747, -224.025208, 1, 0, 0, 0, 4.00
M, 106962500, 3, -211.840469, 810.044983, -161.427094, 1, 0, 0, 0, 4.00
M, 106962500, 4, -268.212585, 816.481506, -175.042114, 1, 0, 0, 0, 3.32
M, 106962500, 5, -176.449677, 810.669800, -162.379349, 1, 0, 0, 0, 4.00
M, 106962500, 6, -152.791550, 811.612305, -163.482178, 1, 0, 0, 0, 4.00
M, 106962500, 7, -130.018799, 811.077393, -167.792877, 1, 0, 0, 0, 4.00
M, 106963542, 0, -313.142365, 818.586487, -181.391434, 1, 0, 0, 0, 4.00
M, 106963542, 1, -240.791901, 809.928406, -165.903229, 1, 0, 0, 0, 3.34
M, 106963542, 2, -316.126526, 817.015747, -224.026215, 1, 0, 0, 0, 4.00
M, 106963542, 3, -211.841003, 810.045288, -161.428406, 1, 0, 0, 0, 4.00
M, 106963542, 4, -268.210236, 816.481934, -175.045273, 1, 0, 0, 0, 4.00
M, 106963542, 5, -176.460342, 810.664307, -162.389542, 1, 0, 0, 0, 3.34
M, 106963542, 6, -152.791458, 811.613159, -163.483582, 1, 0, 0, 0, 4.00
M, 106963542, 7, -130.019958, 811.077576, -167.795074, 1, 0, 0, 0, 4.00
M, 106964583, 0, -313.142426, 818.586792, -181.392334, 1, 0, 0, 0, 4.00
M, 106964583, 1, -240.794586, 809.927612, -165.907349, 1, 0, 0, 0, 4.00
M, 106964583, 2, -316.119446, 817.017090, -224.022308, 1, 0, 0, 0, 3.55
M, 106964583, 3, -211.841599, 810.045654, -161.429779, 1, 0, 0, 0, 4.00
M, 106964583, 4, -268.208771, 816.483826, -175.047470, 1, 0, 0, 0, 4.00
M, 106964583, 5, -176.458206, 810.666382, -162.388916, 1, 0, 0, 0, 4.00
M, 106964583, 6, -152.795868, 811.605225, -163.484558, 1, 0, 0, 0, 3.52
M, 106964583, 7, -130.021118, 811.077759, -167.797348, 1, 0, 0, 0, 4.00
M, 106965625, 0, -313.142487, 818.587219, -181.393280, 1, 0, 0, 0, 4.00
M, 106965625, 1, -240.794495, 809.927734, -165.908325, 1, 0, 0, 0, 4.00
M, 106965625, 2, -316.123077, 817.016602, -224.024185, 1, 0, 0, 0, 4.00
M, 106965625, 3, -211.826050, 810.059753, -161.416016, 1, 0, 0, 0, 3.96
M, 106965625, 4, -268.207275, 816.485413, -175.049744, 1, 0, 0, 0, 4.00
M, 106965625, 5, -176.459091, 810.666931, -162.390854, 1, 0, 0, 0, 4.00
M, 106965625, 6, -152.795090, 811.607422, -163.486023, 1, 0, 0, 0, 4.00
M, 106965625, 7, -130.013672, 811.084595, -167.785187, 1, 0, 0, 0, 3.07
M, 106966667, 0, -313.134796, 818.594849, -181.386078, 1, 0, 0, 0, 3.57
M, 106966667, 1, -240.794434, 809.927856, -165.909332, 1, 0, 0, 0, 4.00
M, 106966667, 2, -316.124146, 817.016602, -224.024643, 1, 0, 0, 0, 4.00
M, 106966667, 3, -211.829269, 810.057800, -161.419830, 1, 0, 0, 0, 4.00
M, 106966667, 4, -268.215851, 816.467957, -175.034775, 1, 0, 0, 0, 3.32
M, 106966667, 5, -176.459930, 810.667358, -162.392761, 1, 0, 0, 0, 4.00
M, 106966667, 6, -152.795517, 811.607239, -163.487366, 1, 0, 0, 0, 4.00
M, 106966667, 7, -130.016296, 811.083618, -167.789841, 1, 0, 0, 0, 4.00
M, 106967708, 0, -313.136169, 818.593872, -181.388367, 1, 0, 0, 0, 4.00
M, 106967708, 1, -240.780197, 809.940674, -165.896790, 1, 0, 0, 0, 3.34
M, 106967708, 2, -316.125153, 817.016602, -224.025085, 1, 0, 0, 0, 4.00
M, 106967708, 3, -211.828033, 810.059814, -161.419525, 1, 0, 0, 0, 4.00
M, 106967708, 4, -268.212677, 816.472839, -175.039902, 1, 0, 0, 0, 4.00
M, 106967708, 5, -176.456741, 810.657593, -162.386475, 1, 0, 0, 0, 3.34
M, 106967708, 6, -152.795929, 811.607056, -163.488708, 1, 0, 0, 0, 4.00
M, 106967708, 7, -130.016556, 811.084412, -167.790558, 1, 0, 0, 0, 4.00
M, 106968750, 0, -313.135345, 818.595154, -181.388428, 1, 0, 0, 0, 4.00
M, 106968750, 1, -240.782486, 809.938721, -165.900009, 1, 0, 0, 0, 4.00
M, 106968750, 2, -316.100677, 817.016663, -224.009949, 1, 0, 0, 0, 3.55
M, 106968750, 3, -211.826813, 810.061646, -161.419235, 1, 0, 0, 0, 4.00
M, 106968750, 4, -268.212341, 816.472473, -175.040298, 1, 0, 0, 0, 4.00
M, 106968750, 5, -176.458313, 810.659607, -162.389709, 1, 0, 0, 0, 4.00
M, 106968750, 6, -152.799988, 811.601624, -163.480301, 1, 0, 0, 0, 3.52
M, 106968750, 7, -130.016861, 811.085205, -167.791214, 1, 0, 0, 0, 4.00
M, 106969792, 0, -313.134491, 818.596313, -181.388458, 1, 0, 0, 0, 4.00
M, 106969792, 1, -240.780869, 809.940308, -165.899536, 1, 0, 0, 0, 4.00
M, 106969792, 2, -316.105927, 817.016724, -224.012985, 1, 0, 0, 0, 4.00
M, 106969792, 3, -211.824173, 810.057495, -161.419647, 1, 0, 0, 0, 3.79
M, 106969792, 4, -268.212036, 816.471924, -175.040710, 1, 0, 0, 0, 4.00
M, 106969792, 5, -176.458740, 810.659058, -162.390732, 1, 0, 0, 0, 4.00
M, 106969792, 6, -152.799805, 811.602295, -163.483215, 1, 0, 0, 0, 4.00
M, 106969792, 7, -130.005447, 811.088989, -167.781021, 1, 0, 0, 0, 3.07
M, 106970833, 0, -313.137543, 818.596252, -181.392624, 1, 0, 0, 0, 3.57
M, 106970833, 1, -240.779236, 809.941711, -165.899063, 1, 0, 0, 0, 4.00
M, 106970833, 2, -316.104248, 817.016663, -224.011703, 1, 0, 0, 0, 4.00
M, 106970833, 3, -211.823212, 810.060364, -161.419235, 1, 0, 0, 0, 4.00
M, 106970833, 4, -268.213715, 816.468750, -175.028351, 1, 0, 0, 0, 3.32
M, 106970833, 5, -176.459122, 810.658447, -162.391739, 1, 0, 0, 0, 4.00
M, 106970833, 6, -152.800583, 811.601563, -163.483459, 1, 0, 0, 0, 4.00
M, 106970833, 7, -130.007614, 811.089355, -167.783463, 1, 0, 0, 0, 4.00
M, 106971875, 0, -313.136108, 818.597595, -181.392029, 1, 0, 0, 0, 4.00
M, 106971875, 1, -240.788651, 809.928711, -165.894104, 1, 0, 0, 0, 3.34
M, 106971875, 2, -316.102509, 817.016785, -224.010483, 1, 0, 0, 0, 4.00
M, 106971875, 3, -211.821838, 810.061523, -161.418991, 1, 0, 0, 0, 4.00
M, 106971875, 4, -268.212982, 816.468750, -175.030853, 1, 0, 0, 0, 4.00
M, 106971875, 5, -176.466309, 810.665405, -162.379852, 1, 0, 0, 0, 3.34
M, 106971875, 6, -152.801437, 811.600769, -163.483765, 1, 0, 0, 0, 4.00
M, 106971875, 7, -130.006577, 811.090515, -167.782990, 1, 0, 0, 0, 4.00
M, 106972917, 0, -313.135681, 818.598572, -181.392517, 1, 0, 0, 0, 4.00
M, 106972917, 1, -240.785263, 809.932495, -165.894409, 1, 0, 0, 0, 4.00
M, 106972917, 2, -316.110321, 817.016113, -224.019730, 1, 0, 0, 0, 3.55
M, 106972917, 3, -211.820435, 810.062866, -161.418762, 1, 0, 0, 0, 4.00
M, 106972917, 4, -268.212799, 816.468018, -175.029892, 1, 0, 0, 0, 4.00
M, 106972917, 5, -176.465652, 810.663330, -162.383011, 1, 0, 0, 0, 4.00
M, 106972917, 6, -152.811340, 811.588745, -163.481522, 1, 0, 0, 0, 3.52
M, 106972917, 7, -130.005554, 811.091797, -167.782471, 1, 0, 0, 0, 4.00
M, 106973958, 0, -313.135345, 818.599548, -181.393051, 1, 0, 0, 0, 4.00
M, 106973958, 1, -240.784897, 809.932373, -165.893448, 1, 0, 0, 0, 4.00
M, 106973958, 2, -316.106934, 817.016418, -224.016678, 1, 0, 0, 0, 4.00
M, 106973958, 3, -211.833405, 810.044189, -161.415176, 1, 0, 0, 0, 3.79
M, 106973958, 4, -268.212616, 816.467285, -175.028885, 1, 0, 0, 0, 4.00
M, 106973958, 5, -176.466812, 810.663513, -162.382629, 1, 0, 0, 0, 4.00
M, 106973958, 6, -152.810715, 811.589844, -163.482208, 1, 0, 0, 0, 4.00
M, 106973958, 7, -130.010864, 811.078247, -167.778931, 1, 0, 0, 0, 3.07
M, 106975000, 0, -313.130676, 818.595276, -181.390427, 1, 0, 0, 0, 3.57
M, 106975000, 1, -240.784485, 809.932251, -165.892502, 1, 0, 0, 0, 4.00
M, 106975000, 2, -316.106262, 817.016418, -224.016617, 1, 0, 0, 0, 4.00
M, 106975000, 3, -211.829681, 810.048645, -161.415482, 1, 0, 0, 0, 4.00
M, 106975000, 4, -268.197845, 816.485107, -175.026230, 1, 0, 0, 0, 3.32
M, 106975000, 5, -176.467972, 810.663696, -162.382263, 1, 0, 0, 0, 4.00
M, 106975000, 6, -152.812500, 811.587708, -163.482239, 1, 0, 0, 0, 4.00
M, 106975000, 7, -130.008743, 811.081909, -167.778931, 1, 0, 0, 0, 4.00
M, 106976042, 0, -313.131042, 818.597168, -181.391403, 1, 0, 0, 0, 4.00
M, 106976042, 1, -240.784546, 809.928467, -165.892029, 1, 0, 0, 0, 3.34
M, 106976042, 2, -316.105499, 817.016479, -224.016510, 1, 0, 0, 0, 4.00
M, 106976042, 3, -211.829865, 810.047668, -161.414886, 1, 0, 0, 0, 4.00
M, 106976042, 4, -268.200226, 816.481201, -175.025543, 1, 0, 0, 0, 4.00
M, 106976042, 5, -176.449677, 810.665649, -162.368256, 1, 0, 0, 0, 3.34
M, 106976042, 6, -152.814316, 811.585815, -163.482208, 1, 0, 0, 0, 4.00
M, 106976042, 7, -130.008392, 811.081543, -167.778091, 1, 0, 0, 0, 4.00
M, 106977083, 0, -313.130219, 818.597473, -181.391556, 1, 0, 0, 0, 4.00
M, 106977083, 1, -240.784027, 809.928955, -165.890945, 1, 0, 0, 0, 4.00
M, 106977083, 2, -316.098358, 817.017761, -223.998749, 1, 0, 0, 0, 3.55
M, 106977083, 3, -211.830093, 810.046753, -161.414291, 1, 0, 0, 0, 4.00
M, 106977083, 4, -268.198456, 816.482483, -175.024353, 1, 0, 0, 0, 4.00
M, 106977083, 5, -176.454025, 810.665588, -162.370102, 1, 0, 0, 0, 4.00
M, 106977083, 6, -152.789429, 811.605713, -163.467072, 1, 0, 0, 0, 3.52
M, 106977083, 7, -130.008057, 811.081177, -167.777267, 1, 0, 0, 0, 4.00
M, 106978125, 0, -313.129364, 818.597839, -181.391739, 1, 0, 0, 0, 4.00
M, 106978125, 1, -240.783707, 809.928528, -165.890060, 1, 0, 0, 0, 4.00
M, 106978125, 2, -316.098633, 817.017578, -224.001541, 1, 0, 0, 0, 4.00
M, 106978125, 3, -211.813461, 810.055786, -161.403885, 1, 0, 0, 0, 3.79
M, 106978125, 4, -268.196716, 816.483826, -175.023224, 1, 0, 0, 0, 4.00
M, 106978125, 5, -176.453079, 810.665894, -162.368195, 1, 0, 0, 0, 4.00
M, 106978125, 6, -152.795670, 811.600098, -163.469574, 1, 0, 0, 0, 4.00
M, 106978125, 7, -130.000671, 811.081421, -167.766296, 1, 0, 0, 0, 3.07
M, 106979167, 0, -313.135925, 818.598694, -181.390839, 1, 0, 0, 0, 3.57
M, 106979167, 1, -240.783356, 809.928040, -165.889160, 1, 0, 0, 0, 4.00
M, 106979167, 2, -316.097198, 817.017639, -223.999512, 1, 0, 0, 0, 4.00
M, 106979167, 3, -211.816391, 810.053345, -161.404861, 1, 0, 0, 0, 4.00
M, 106979167, 4, -268.213165, 816.468689, -175.025269, 1, 0, 0, 0, 3.32
M, 106979167, 5, -176.452118, 810.666138, -162.366348, 1, 0, 0, 0, 4.00
M, 106979167, 6, -152.794525, 811.600525, -163.467911, 1, 0, 0, 0, 4.00
M, 106979167, 7, -130.001511, 811.080933, -167.767120, 1, 0, 0, 0, 4.00
M, 106980208, 0, -313.133911, 818.599060, -181.391174, 1, 0, 0, 0, 4.00
M, 106980208, 1, -240.786209, 809.924072, -165.901794, 1, 0, 0, 0, 3.34
M, 106980208, 2, -316.095795, 817.017883, -223.997467, 1, 0, 0, 0, 4.00
M, 106980208, 3, -211.814743, 810.053406, -161.403198, 1, 0, 0, 0, 4.00
M, 106980208, 4, -268.208466, 816.472656, -175.023575, 1, 0, 0, 0, 4.00
M, 106980208, 5, -176.443451, 810.653015, -162.363693, 1, 0, 0, 0, 3.34
M, 106980208, 6, -152.793427, 811.600891, -163.466232, 1, 0, 0, 0, 4.00
M, 106980208, 7, -130.000412, 811.080505, -167.765182, 1, 0, 0, 0, 4.00
M, 106981250, 0, -313.133850, 818.599548, -181.391205, 1, 0, 0, 0, 4.00
M, 106981250, 1, -240.785309, 809.924133, -165.898636, 1, 0, 0, 0, 4.00
M, 106981250, 2, -316.113312, 817.011841, -224.012390, 1, 0, 0, 0, 3.55
M, 106981250, 3, -211.813110, 810.053589, -161.401535, 1, 0, 0, 0, 4.00
M, 106981250, 4, -268.208649, 816.472168, -175.022736, 1, 0, 0, 0, 4.00
M, 106981250, 5, -176.443741, 810.655640, -162.361938, 1, 0, 0, 0, 4.00
M, 106981250, 6, -152.807846, 811.588745, -163.478012, 1, 0, 0, 0, 3.52
M, 106981250, 7, -129.999329, 811.080139, -167.763260, 1, 0, 0, 0, 4.00
M, 106982292, 0, -313.133789, 818.600159, -181.391251, 1, 0, 0, 0, 4.00
M, 106982292, 1, -240.785309, 809.923340, -165.899200, 1, 0, 0, 0, 4.00
M, 106982292, 2, -316.108765, 817.012939, -224.007568, 1, 0, 0, 0, 4.00
M, 106982292, 3, -211.830399, 810.046326, -161.411011, 1, 0, 0, 0, 3.79
M, 106982292, 4, -268.208862, 816.471741, -175.021912, 1, 0, 0, 0, 4.00
M, 106982292, 5, -176.441925, 810.654663, -162.359970, 1, 0, 0, 0, 4.00
M, 106982292, 6, -152.804184, 811.591187, -163.474106, 1, 0, 0, 0, 4.00
M, 106982292, 7, -130.006760, 811.079651, -167.772369, 1, 0, 0, 0, 3.07
M, 106983333, 0, -313.132538, 818.582825, -181.384369, 1, 0, 0, 0, 3.57
M, 106983333, 1, -240.785309, 809.922546, -165.899780, 1, 0, 0, 0, 4.00
M, 106983333, 2, -316.109436, 817.012451, -224.007355, 1, 0, 0, 0, 4.00
M, 106983333, 3, -211.825623, 810.047668, -161.407486, 1, 0, 0, 0, 4.00
M, 106983333, 4, -268.222656, 816.476990, -175.041367, 1, 0, 0, 0, 3.60
M, 106983333, 5, -176.440109, 810.653503, -162.358002, 1, 0, 0, 0, 4.00
M, 106983333, 6, -152.804749, 811.590149, -163.473923, 1, 0, 0, 0, 4.00
M, 106983333, 7, -130.004227, 811.079468, -167.768555, 1, 0, 0, 0, 4.00
M, 106984375, 0, -313.132721, 818.586243, -181.385559, 1, 0, 0, 0, 4.00
M, 106984375, 1, -240.776581, 809.929993, -165.893570, 1, 0, 0, 0, 3.34
M, 106984375, 2, -316.110077, 817.011780, -224.007141, 1, 0, 0, 0, 4.00
M, 106984375, 3, -211.826050, 810.047119, -161.407074, 1, 0, 0, 0, 4.00
M, 106984375, 4, -268.220673, 816.475525, -175.037231, 1, 0, 0, 0, 4.00
M, 106984375, 5, -176.453186, 810.653503, -162.362061, 1, 0, 0, 0, 3.34
M, 106984375, 6, -152.805405, 811.589050, -163.473740, 1, 0, 0, 0, 4.00
M, 106984375, 7, -130.004013, 811.079163, -167.767838, 1, 0, 0, 0, 4.00
M, 106985417, 0, -313.132538, 818.584839, -181.384827, 1, 0, 0, 0, 4.00
M, 106985417, 1, -240.777985, 809.927795, -165.895218, 1, 0, 0, 0, 4.00
M, 106985417, 2, -316.103882, 817.007385, -224.010452, 1, 0, 0, 0, 3.55
M, 106985417, 3, -211.826492, 810.046387, -161.406662, 1, 0, 0, 0, 4.00
M, 106985417, 4, -268.222412, 816.475586, -175.038651, 1, 0, 0, 0, 4.00
M, 106985417, 5, -176.448990, 810.652039, -162.359131, 1, 0, 0, 0, 4.00
M, 106985417, 6, -152.804871, 811.585999, -163.471542, 1, 0, 0, 0, 3.52
M, 106985417, 7, -130.003830, 811.078857, -167.767090, 1, 0, 0, 0, 4.00
M, 106986458, 0, -313.132355, 818.583374, -181.384140, 1, 0, 0, 0, 4.00
M, 106986458, 1, -240.777023, 809.927856, -165.895065, 1, 0, 0, 0, 4.00
M, 106986458, 2, -316.105682, 817.007507, -224.009674, 1, 0, 0, 0, 4.00
M, 106986458, 3, -211.815201, 810.049561, -161.412140, 1, 0, 0, 0, 3.79
M, 106986458, 4, -268.224182, 816.475708, -175.040054, 1, 0, 0, 0, 4.00
M, 106986458, 5, -176.448807, 810.651123, -162.357834, 1, 0, 0, 0, 4.00
M, 106986458, 6, -152.805649, 811.585327, -163.471695, 1, 0, 0, 0, 4.00
M, 106986458, 7, -130.012177, 811.070313, -167.783936, 1, 0, 0, 0, 3.07
M, 106987500, 0, -313.138794, 818.581299, -181.390579, 1, 0, 0, 0, 3.57
M, 106987500, 1, -240.776047, 809.927917, -165.894882, 1, 0, 0, 0, 4.00
M, 106987500, 2, -316.105560, 817.006714, -224.009888, 1, 0, 0, 0, 4.00
M, 106987500, 3, -211.817581, 810.048096, -161.410706, 1, 0, 0, 0, 4.00
M, 106987500, 4, -268.202332, 816.473206, -175.032639, 1, 0, 0, 0, 3.32
M, 106987500, 5, -176.448669, 810.650085, -162.356522, 1, 0, 0, 0, 4.00
M, 106987500, 6, -152.806152, 811.584045, -163.471298, 1, 0, 0, 0, 4.00
M, 106987500, 7, -130.010574, 811.071472, -167.780304, 1, 0, 0, 0, 4.00
M, 106988542, 0, -313.137604, 818.579956, -181.388702, 1, 0, 0, 0, 4.00
M, 106988542, 1, -240.785370, 809.927673, -165.903564, 1, 0, 0, 0, 3.34
M, 106988542, 2, -316.105438, 817.005737, -224.010071, 1, 0, 0, 0, 4.00
M, 106988542, 3, -211.816742, 810.047852, -161.410919, 1, 0, 0, 0, 4.00
M, 106988542, 4, -268.207916, 816.473816, -175.035492, 1, 0, 0, 0, 4.00
M, 106988542, 5, -176.453369, 810.650696, -162.371536, 1, 0, 0, 0, 3.34
M, 106988542, 6, -152.806595, 811.582886, -163.470856, 1, 0, 0, 0, 4.00
M, 106988542, 7, -130.011337, 811.070068, -167.781494, 1, 0, 0, 0, 4.00
M, 106989583, 0, -313.138184, 818.578430, -181.388748, 1, 0, 0, 0, 4.00
M, 106989583, 1, -240.782730, 809.927673, -165.901917, 1, 0, 0, 0, 4.00
M, 106989583, 2, -316.110809, 817.008118, -224.021332, 1, 0, 0, 0, 3.55
M, 106989583, 3, -211.815857, 810.047607, -161.411133, 1, 0, 0, 0, 4.00
M, 106989583, 4, -268.207092, 816.473572, -175.035950, 1, 0, 0, 0, 4.00
M, 106989583, 5, -176.452362, 810.649536, -162.367538, 1, 0, 0, 0, 4.00
M, 106989583, 6, -152.795013, 811.596008, -163.471176, 1, 0, 0, 0, 3.52
M, 106989583, 7, -130.012115, 811.068848, -167.782623, 1, 0, 0, 0, 4.00
M, 106990625, 0, -313.138672, 818.577026, -181.388870, 1, 0, 0, 0, 4.00
M, 106990625, 1, -240.782928, 809.927856, -165.902756, 1, 0, 0, 0, 4.00
M, 106990625, 2, -316.109833, 817.006409, -224.019730, 1, 0, 0, 0, 4.00
M, 106990625, 3, -211.833191, 810.042175, -161.424240, 1, 0, 0, 0, 3.79
M, 106990625, 4, -268.206207, 816.473389, -175.036362, 1, 0, 0, 0, 4.00
M, 106990625, 5, -176.452713, 810.648621, -162.368027, 1, 0, 0, 0, 4.00
M, 106990625, 6, -152.797455, 811.592468, -163.470581, 1, 0, 0, 0, 4.00
M, 106990625, 7, -129.998169, 811.078796, -167.780624, 1, 0, 0, 0, 3.07
M, 106991667, 0, -313.140228, 818.580811, -181.394531, 1, 0, 0, 0, 3.57
M, 106991667, 1, -240.783081, 809.927917, -165.903534, 1, 0, 0, 0, 4.00
M, 106991667, 2, -316.110321, 817.005676, -224.021149, 1, 0, 0, 0, 4.00
M, 106991667, 3, -211.829376, 810.042664, -161.422333, 1, 0, 0, 0, 4.00
M, 106991667, 4, -268.219421, 816.468567, -175.046402, 1, 0, 0, 0, 3.32
M, 106991667, 5, -176.453079, 810.647766, -162.368469, 1, 0, 0, 0, 4.00
M, 106991667, 6, -152.796585, 811.592834, -163.470291, 1, 0, 0, 0, 4.00
M, 106991667, 7, -130.001328, 811.075684, -167.782333, 1, 0, 0, 0, 4.00
M, 106992708, 0, -313.140686, 818.578308, -181.393707, 1, 0, 0, 0, 4.00
M, 106992708, 1, -240.791519, 809.941162, -165.906540, 1, 0, 0, 0, 3.34
M, 106992708, 2, -316.110809, 817.005188, -224.022583, 1, 0, 0, 0, 4.00
M, 106992708, 3, -211.830521, 810.041931, -161.423889, 1, 0, 0, 0, 4.00
M, 106992708, 4, -268.216278, 816.469360, -175.045212, 1, 0, 0, 0, 4.00
M, 106992708, 5, -176.474945, 810.636108, -162.388107, 1, 0, 0, 0, 3.34
M, 106992708, 6, -152.795776, 811.593140, -163.469986, 1, 0, 0, 0, 4.00
M, 106992708, 7, -130.000488, 811.075684, -167.783157, 1, 0, 0, 0, 4.00
M, 106993750, 0, -313.141296, 818.577271, -181.394394, 1, 0, 0, 0, 4.00
M, 106993750, 1, -240.790268, 809.939087, -165.906952, 1, 0, 0, 0, 4.00
M, 106993750, 2, -316.127136, 816.998901, -224.020370, 1, 0, 0, 0, 3.55
M, 106993750, 3, -211.831589, 810.041016, -161.425522, 1, 0, 0, 0, 4.00
M, 106993750, 4, -268.216919, 816.468628, -175.046738, 1, 0, 0, 0, 4.00
M, 106993750, 5, -176.471786, 810.637024, -162.385422, 1, 0, 0, 0, 4.00
M, 106993750, 6, -152.800278, 811.604553, -163.482361, 1, 0, 0, 0, 3.52
M, 106993750, 7, -129.999603, 811.075684, -167.783966, 1, 0, 0, 0, 4.00
M, 106994792, 0, -313.141998, 818.576416, -181.395065, 1, 0, 0, 0, 4.00
M, 106994792, 1, -240.791336, 809.940674, -165.907974, 1, 0, 0, 0, 4.00
M, 106994792, 2, -316.125061, 816.999146, -224.022400, 1, 0, 0, 0, 4.00
M, 106994792, 3, -211.835938, 810.056946, -161.426682, 1, 0, 0, 0, 3.79
M, 106994792, 4, -268.217651, 816.468140, -175.048187, 1, 0, 0, 0, 4.00
M, 106994792, 5, -176.474533, 810.634949, -162.388046, 1, 0, 0, 0, 4.00
M, 106994792, 6, -152.798553, 811.603088, -163.479950, 1, 0, 0, 0, 4.00
M, 106994792, 7, -130.018219, 811.078369, -167.784653, 1, 0, 0, 0, 3.07
M, 106995833, 0, -313.141785, 818.587341, -181.388214, 1, 0, 0, 0, 3.57
M, 106995833, 1, -240.792404, 809.942078, -165.909012, 1, 0, 0, 0, 4.00
M, 106995833, 2, -316.127258, 816.997925, -224.023422, 1, 0, 0, 0, 4.00
M, 106995833, 3, -211.836533, 810.053345, -161.428345, 1, 0, 0, 0, 4.00
M, 106995833, 4, -268.218933, 816.481384, -175.047714, 1, 0, 0, 0, 3.32
M, 106995833, 5, -176.477219, 810.632874, -162.390610, 1, 0, 0, 0, 4.00
M, 106995833, 6, -152.798309, 811.604492, -163.481018, 1, 0, 0, 0, 4.00
M, 106995833, 7, -130.014175, 811.077820, -167.785522, 1, 0, 0, 0, 4.00
M, 106996875, 0, -313.142609, 818.584290, -181.390152, 1, 0, 0, 0, 4.00
M, 106996875, 1, -240.797653, 809.944092, -165.917831, 1, 0, 0, 0, 3.34
M, 106996875, 2, -316.129517, 816.996643, -224.024429, 1, 0, 0, 0, 4.00
M, 106996875, 3, -211.838028, 810.054321, -161.429962, 1, 0, 0, 0, 4.00
M, 106996875, 4, -268.219604, 816.478394, -175.049500, 1, 0, 0, 0, 4.00
M, 106996875, 5, -176.463440, 810.659485, -162.383850, 1, 0, 0, 0, 3.34
M, 106996875, 6, -152.798080, 811.606140, -163.482086, 1, 0, 0, 0, 4.00
M, 106996875, 7, -130.015457, 811.078064, -167.786346, 1, 0, 0, 0, 4.00
M, 106997917, 0, -313.143219, 818.584595, -181.390030, 1, 0, 0, 0, 4.00
M, 106997917, 1, -240.798035, 809.945496, -165.917603, 1, 0, 0, 0, 4.00
M, 106997917, 2, -316.108429, 817.020996, -224.023239, 1, 0, 0, 0, 3.55
M, 106997917, 3, -211.839569, 810.055237, -161.431519, 1, 0, 0, 0, 4.00
M, 106997917, 4, -268.220367, 816.479065, -175.050812, 1, 0, 0, 0, 4.00
M, 106997917, 5, -176.468811, 810.652832, -162.387924, 1, 0, 0, 0, 4.00
M, 106997917, 6, -152.811905, 811.591248, -163.492935, 1, 0, 0, 0, 3.52
M, 106997917, 7, -130.016708, 811.078369, -167.787155, 1, 0, 0, 0, 4.00
M, 106998958, 0, -313.143799, 818.584839, -181.389893, 1, 0, 0, 0, 4.00
M, 106998958, 1, -240.799561, 809.947021, -165.919449, 1, 0, 0, 0, 4.00
M, 106998958, 2, -316.114502, 817.015625, -224.024582, 1, 0, 0, 0, 4.00
M, 106998958, 3, -211.841415, 810.052673, -161.428345, 1, 0, 0, 0, 3.79
M, 106998958, 4, -268.221161, 816.479858, -175.052063, 1, 0, 0, 0, 4.00
M, 106998958, 5, -176.469696, 810.653870, -162.389481, 1, 0, 0, 0, 4.00
M, 106998958, 6, -152.809311, 811.595459, -163.492401, 1, 0, 0, 0, 4.00
M, 106998958, 7, -130.016022, 811.074036, -167.786377, 1, 0, 0, 0, 3.07
M, 107000000, 0, -313.142670, 818.582214, -181.393875, 1, 0, 0, 0, 3.57
M, 107000000, 1, -240.801117, 809.948425, -165.921356, 1, 0, 0, 0, 4.00
M, 107000000, 2, -316.114136, 817.017151, -224.025360, 1, 0, 0, 0, 4.00
M, 107000000, 3, -211.842789, 810.054321, -161.430710, 1, 0, 0, 0, 4.00
M, 107000000, 4, -268.209290, 816.478271, -175.041428, 1, 0, 0, 0, 3.32
M, 107000000, 5, -176.470596, 810.655090, -162.390991, 1, 0, 0, 0, 4.00
M, 107000000, 6, -152.810593, 811.595276, -163.494553, 1, 0, 0, 0, 4.00
M, 107000000, 7, -130.017624, 811.075012, -167.787445, 1, 0, 0, 0, 4.00
M, 107001042, 0, -313.143494, 818.582947, -181.393051, 1, 0, 0, 0, 4.00
M, 107001042, 1, -240.775238, 809.962463, -165.911270, 1, 0, 0, 0, 3.45
M, 107001042, 2, -316.113831, 817.018738, -224.026123, 1, 0, 0, 0, 4.00
M, 107001042, 3, -211.844345, 810.054932, -161.431747, 1, 0, 0, 0, 4.00
M, 107001042, 4, -268.212158, 816.479431, -175.044678, 1, 0, 0, 0, 4.00
M, 107001042, 5, -176.459152, 810.662720, -162.387146, 1, 0, 0, 0, 3.34
M, 107001042, 6, -152.811874, 811.595032, -163.496689, 1, 0, 0, 0, 4.00
M, 107001042, 7, -130.018707, 811.074829, -167.788101, 1, 0, 0, 0, 4.00
M, 107002083, 0, -313.143921, 818.583008, -181.393402, 1, 0, 0, 0, 4.00
M, 107002083, 1, -240.781326, 809.961914, -165.915146, 1, 0, 0, 0, 4.00
M, 107002083, 2, -316.119263, 817.006409, -224.020676, 1, 0, 0, 0, 3.55
M, 107002083, 3, -211.845886, 810.055542, -161.432816, 1, 0, 0, 0, 4.00
M, 107002083, 4, -268.211487, 816.479980, -175.044647, 1, 0, 0, 0, 4.00
M, 107002083, 5, -176.462067, 810.662781, -162.389603, 1, 0, 0, 0, 4.00
M, 107002083, 6, -152.803864, 811.604980, -163.488174, 1, 0, 0, 0, 3.52
M, 107002083, 7, -130.019806, 811.074524, -167.788757, 1, 0, 0, 0, 4.00
M, 107003125, 0, -313.144287, 818.583008, -181.393707, 1, 0, 0, 0, 4.00
M, 107003125, 1, -240.779861, 809.964783, -165.915741, 1, 0, 0, 0, 4.00
M, 107003125, 2, -316.117950, 817.010376, -224.022461, 1, 0, 0, 0, 4.00
M, 107003125, 3, -211.841064, 810.048706, -161.424423, 1, 0, 0, 0, 3.79
M, 107003125, 4, -268.210907, 816.480591, -175.044617, 1, 0, 0, 0, 4.00
M, 107003125, 5, -176.461594, 810.664612, -162.390518, 1, 0, 0, 0, 4.00
M, 107003125, 6, -152.806656, 811.603027, -163.492050, 1, 0, 0, 0, 4.00
M, 107003125, 7, -130.013611, 811.068970, -167.784943, 1, 0, 0, 0, 3.07
M, 107004167, 0, -313.150940, 818.581543, -181.389023, 1, 0, 0, 0, 3.57
M, 107004167, 1, -240.778397, 809.967651, -165.916336, 1, 0, 0, 0, 4.00
M, 107004167, 2, -316.118195, 817.010498, -224.022522, 1, 0, 0, 0, 4.00
M, 107004167, 3, -211.843628, 810.050537, -161.427048, 1, 0, 0, 0, 4.00
M, 107004167, 4, -268.216980, 816.481445, -175.037933, 1, 0, 0, 0, 3.32
M, 107004167, 5, -176.461182, 810.666321, -162.391510, 1, 0, 0, 0, 4.00
M, 107004167, 6, -152.806931, 811.604004, -163.492996, 1, 0, 0, 0, 4.00
M, 107004167, 7, -130.015869, 811.069580, -167.786316, 1, 0, 0, 0, 4.00
M, 107005208, 0, -313.150238, 818.581787, -181.390152, 1, 0, 0, 0, 4.00
M, 107005208, 1, -240.791641, 809.944153, -165.922775, 1, 0, 0, 0, 3.34
M, 107005208, 2, -316.118561, 817.010620, -224.022614, 1, 0, 0, 0, 4.00
M, 107005208, 3, -211.844467, 810.050232, -161.427048, 1, 0, 0, 0, 4.00
M, 107005208, 4, -268.215240, 816.481934, -175.039017, 1, 0, 0, 0, 4.00
M, 107005208, 5, -176.468781, 810.659973, -162.380600, 1, 0, 0, 0, 3.34
M, 107005208, 6, -152.807190, 811.604858, -163.493988, 1, 0, 0, 0, 4.00
M, 107005208, 7, -130.016144, 811.068787, -167.786438, 1, 0, 0, 0, 4.00
M, 107006250, 0, -313.151306, 818.581543, -181.389954, 1, 0, 0, 0, 4.00
M, 107006250, 1, -240.787796, 809.951294, -165.922455, 1, 0, 0, 0, 4.00
M, 107006250, 2, -316.108521, 817.009888, -224.009644, 1, 0, 0, 0, 3.55
M, 107006250, 3, -211.845322, 810.049988, -161.427048, 1, 0, 0, 0, 4.00
M, 107006250, 4, -268.215363, 816.482422, -175.038269, 1, 0, 0, 0, 4.00
M, 107006250, 5, -176.466995, 810.663147, -162.383514, 1, 0, 0, 0, 4.00
M, 107006250, 6, -152.809555, 811.595032, -163.490143, 1, 0, 0, 0, 3.52
M, 107006250, 7, -130.016403, 811.067810, -167.786621, 1, 0, 0, 0, 4.00
M, 107007292, 0, -313.152435, 818.581360, -181.389771, 1, 0, 0, 0, 4.00
M, 107007292, 1, -240.787933, 809.951416, -165.923676, 1, 0, 0, 0, 4.00
M, 107007292, 2, -316.110565, 817.010010, -224.011917, 1, 0, 0, 0, 4.00
M, 107007292, 3, -211.839218, 810.048279, -161.427048, 1, 0, 0, 0, 3.79
M, 107007292, 4, -268.215485, 816.483032, -175.037521, 1, 0, 0, 0, 4.00
M, 107007292, 5, -176.467377, 810.664063, -162.383163, 1, 0, 0, 0, 4.00
M, 107007292, 6, -152.809464, 811.597656, -163.491928, 1, 0, 0, 0, 4.00
M, 107007292, 7, -130.011017, 811.072693, -167.782333, 1, 0, 0, 0, 3.07
M, 107008333, 0, -313.137604, 818.596558, -181.382111, 1, 0, 0, 0, 3.57
M, 107008333, 1, -240.788086, 809.951355, -165.924927, 1, 0, 0, 0, 4.00
M, 107008333, 2, -316.109741, 817.010010, -224.010605, 1, 0, 0, 0, 4.00
M, 107008333, 3, -211.841187, 810.048340, -161.427048, 1, 0, 0, 0, 4.00
M, 107008333, 4, -268.199768, 816.486328, -175.037399, 1, 0, 0, 0, 3.32
M, 107008333, 5, -176.467758, 810.665222, -162.382797, 1, 0, 0, 0, 4.00
M, 107008333, 6, -152.809998, 811.597290, -163.492340, 1, 0, 0, 0, 4.00
M, 107008333, 7, -130.012268, 811.070862, -167.783218, 1, 0, 0, 0, 4.00
M, 107009375, 0, -313.141357, 818.593689, -181.383118, 1, 0, 0, 0, 4.00
M, 107009375, 1, -240.776886, 809.946167, -165.906891, 1, 0, 0, 0, 3.34
M, 107009375, 2, -316.108948, 817.009949, -224.009323, 1, 0, 0, 0, 4.00
M, 107009375, 3, -211.841248, 810.048035, -161.427048, 1, 0, 0, 0, 4.00
M, 107009375, 4, -268.202484, 816.486511, -175.036514, 1, 0, 0, 0, 4.00
M, 107009375, 5, -176.455780, 810.666077, -162.370697, 1, 0, 0, 0, 3.34
M, 107009375, 6, -152.810471, 811.596985, -163.492783, 1, 0, 0, 0, 4.00
M, 107009375, 7, -130.011932, 811.070557, -167.782867, 1, 0, 0, 0, 4.00
M, 107010417, 0, -313.140656, 818.595215, -181.382050, 1, 0, 0, 0, 4.00
M, 107010417, 1, -240.778931, 809.946960, -165.911331, 1, 0, 0, 0, 4.00
M, 107010417, 2, -316.090179, 817.030762, -224.002014, 1, 0, 0, 0, 3.55
M, 107010417, 3, -211.841309, 810.047668, -161.427048, 1, 0, 0, 0, 4.00
M, 107010417, 4, -268.200897, 816.487366, -175.035828, 1, 0, 0, 0, 4.00
M, 107010417, 5, -176.458252, 810.666992, -162.372314, 1, 0, 0, 0, 4.00
M, 107010417, 6, -152.794769, 811.616699, -163.484741, 1, 0, 0, 0, 3.52
M, 107010417, 7, -130.011581, 811.070374, -167.782562, 1, 0, 0, 0, 4.00
M, 107011458, 0, -313.139984, 818.596619, -181.381042, 1, 0, 0, 0, 4.00
M, 107011458, 1, -240.777863, 809.946350, -165.910477, 1, 0, 0, 0, 4.00
M, 107011458, 2, -316.092316, 817.027283, -224.001724, 1, 0, 0, 0, 4.00
M, 107011458, 3, -211.835556, 810.043823, -161.410355, 1, 0, 0, 0, 3.79
M, 107011458, 4, -268.199219, 816.488342, -175.035141, 1, 0, 0, 0, 4.00
M, 107011458, 5, -176.457367, 810.667908, -162.370697, 1, 0, 0, 0, 4.00
M, 107011458, 6, -152.797958, 811.613037, -163.486557, 1, 0, 0, 0, 4.00
M, 107011458, 7, -130.010086, 811.073730, -167.776245, 1, 0, 0, 0, 3.07
M, 107012500, 0, -313.148315, 818.595642, -181.386307, 1, 0, 0, 0, 3.57
M, 107012500, 1, -240.776794, 809.945862, -165.909607, 1, 0, 0, 0, 4.00
M, 107012500, 2, -316.089569, 817.029297, -223.999756, 1, 0, 0, 0, 4.00
M, 107012500, 3, -211.836655, 810.043762, -161.413147, 1, 0, 0, 0, 4.00
M, 107012500, 4, -268.206787, 816.480713, -175.030792, 1, 0, 0, 0, 3.32
M, 107012500, 5, -176.456467, 810.668701, -162.369095, 1, 0, 0, 0, 4.00
M, 107012500, 6, -152.796738, 811.614868, -163.486145, 1, 0, 0, 0, 4.00
M, 107012500, 7, -130.009857, 811.072937, -167.776901, 1, 0, 0, 0, 4.00
M, 107013542, 0, -313.146179, 818.597595, -181.384232, 1, 0, 0, 0, 4.00
M, 107013542, 1, -240.792938, 809.946594, -165.903732, 1, 0, 0, 0, 3.34
M, 107013542, 2, -316.086853, 817.031616, -223.997757, 1, 0, 0, 0, 4.00
M, 107013542, 3, -211.836121, 810.042908, -161.411362, 1, 0, 0, 0, 4.00
M, 107013542, 4, -268.203674, 816.482788, -175.030670, 1, 0, 0, 0, 4.00
M, 107013542, 5, -176.462433, 810.666016, -162.371063, 1, 0, 0, 0, 3.34
M, 107013542, 6, -152.795456, 811.616760, -163.485672, 1, 0, 0, 0, 4.00
M, 107013542, 7, -130.009399, 811.073181, -167.775894, 1, 0, 0, 0, 4.00
M, 107014583, 0, -313.146545, 818.598755, -181.383865, 1, 0, 0, 0, 4.00
M, 107014583, 1, -240.788986, 809.945923, -165.903671, 1, 0, 0, 0, 4.00
M, 107014583, 2, -316.113434, 817.014099, -224.002533, 1, 0, 0, 0, 3.55
M, 107014583, 3, -211.835556, 810.042114, -161.409576, 1, 0, 0, 0, 4.00
M, 107014583, 4, -268.203094, 816.482727, -175.029602, 1, 0, 0, 0, 4.00
M, 107014583, 5, -176.460373, 810.667603, -162.368851, 1, 0, 0, 0, 4.00
M, 107014583, 6, -152.813126, 811.591003, -163.472946, 1, 0, 0, 0, 3.52
M, 107014583, 7, -130.008896, 811.073364, -167.774933, 1, 0, 0, 0, 4.00
M, 107015625, 0, -313.146851, 818.600037, -181.383575, 1, 0, 0, 0, 4.00
M, 107015625, 1, -240.789749, 809.945557, -165.902252, 1, 0, 0, 0, 4.00
M, 107015625, 2, -316.105804, 817.019714, -223.999451, 1, 0, 0, 0, 4.00
M, 107015625, 3, -211.840652, 810.039551, -161.408630, 1, 0, 0, 0, 3.79
M, 107015625, 4, -268.202484, 816.482605, -175.028519, 1, 0, 0, 0, 4.00
M, 107015625, 5, -176.460190, 810.668152, -162.367599, 1, 0, 0, 0, 4.00
M, 107015625, 6, -152.808746, 811.597412, -163.474487, 1, 0, 0, 0, 4.00
M, 107015625, 7, -130.023209, 811.061584, -167.770401, 1, 0, 0, 0, 3.07
M, 107016667, 0, -313.143677, 818.597900, -181.389587, 1, 0, 0, 0, 3.57
M, 107016667, 1, -240.790558, 809.945190, -165.900848, 1, 0, 0, 0, 4.00
M, 107016667, 2, -316.106201, 817.019775, -223.998199, 1, 0, 0, 0, 4.00
M, 107016667, 3, -211.839157, 810.039063, -161.406662, 1, 0, 0, 0, 4.00
M, 107016667, 4, -268.221741, 816.503296, -175.009445, 1, 0, 0, 0, 3.32
M, 107016667, 5, -176.460052, 810.668579, -162.366379, 1, 0, 0, 0, 4.00
M, 107016667, 6, -152.809616, 811.596130, -163.472702, 1, 0, 0, 0, 4.00
M, 107016667, 7, -130.020279, 811.063843, -167.769989, 1, 0, 0, 0, 4.00
M, 107017708, 0, -313.144501, 818.599731, -181.388153, 1, 0, 0, 0, 4.00
M, 107017708, 1, -240.781555, 809.934937, -165.891541, 1, 0, 0, 0, 3.34
M, 107017708, 2, -316.106628, 817.019775, -223.997009, 1, 0, 0, 0, 4.00
M, 107017708, 3, -211.839249, 810.037903, -161.404922, 1, 0, 0, 0, 4.00
M, 107017708, 4, -268.217804, 816.499695, -175.011261, 1, 0, 0, 0, 4.00
M, 107017708, 5, -176.464005, 810.660461, -162.368561, 1, 0, 0, 0, 3.34
M, 107017708, 6, -152.810410, 811.594971, -163.470886, 1, 0, 0, 0, 4.00
M, 107017708, 7, -130.021408, 811.062683, -167.768616, 1, 0, 0, 0, 4.00
M, 107018750, 0, -313.144470, 818.600647, -181.388519, 1, 0, 0, 0, 4.00
M, 107018750, 1, -240.783981, 809.936035, -165.891434, 1, 0, 0, 0, 4.00
M, 107018750, 2, -316.113312, 817.012207, -224.001389, 1, 0, 0, 0, 3.98
M, 107018750, 3, -211.839310, 810.036987, -161.403259, 1, 0, 0, 0, 4.00
M, 107018750, 4, -268.219299, 816.502014, -175.008255, 1, 0, 0, 0, 4.00
M, 107018750, 5, -176.463150, 810.662292, -162.366760, 1, 0, 0, 0, 4.00
M, 107018750, 6, -152.814651, 811.589600, -163.474396, 1, 0, 0, 0, 3.52
M, 107018750, 7, -130.022614, 811.061462, -167.767273, 1, 0, 0, 0, 4.00
M, 107019792, 0, -313.144409, 818.601501, -181.388870, 1, 0, 0, 0, 4.00
M, 107019792, 1, -240.783676, 809.934692, -165.889130, 1, 0, 0, 0, 4.00
M, 107019792, 2, -316.112701, 817.013428, -223.999222, 1, 0, 0, 0, 4.00
M, 107019792, 3, -211.842224, 810.040955, -161.405945, 1, 0, 0, 0, 3.79
M, 107019792, 4, -268.220917, 816.504211, -175.005157, 1, 0, 0, 0, 4.00
M, 107019792, 5, -176.463409, 810.661987, -162.365875, 1, 0, 0, 0, 4.00
M, 107019792, 6, -152.814880, 811.589172, -163.471725, 1, 0, 0, 0, 4.00
M, 107019792, 7, -130.017120, 811.066467, -167.767548, 1, 0, 0, 0, 3.07
M, 107020833, 0, -313.137360, 818.597290, -181.389297, 1, 0, 0, 0, 3.57
M, 107020833, 1, -240.783386, 809.933167, -165.886841, 1, 0, 0, 0, 4.00
M, 107020833, 2, -316.113831, 817.012756, -223.998627, 1, 0, 0, 0, 4.00
M, 107020833, 3, -211.841782, 810.039246, -161.403503, 1, 0, 0, 0, 4.00
M, 107020833, 4, -268.207855, 816.498352, -175.016953, 1, 0, 0, 0, 3.32
M, 107020833, 5, -176.463684, 810.661499, -162.365005, 1, 0, 0, 0, 4.00
M, 107020833, 6, -152.816025, 811.587585, -163.470474, 1, 0, 0, 0, 4.00
M, 107020833, 7, -130.019333, 811.064331, -167.765900, 1, 0, 0, 0, 4.00
M, 107021875, 0, -313.138428, 818.599121, -181.389587, 1, 0, 0, 0, 4.00
M, 107021875, 1, -240.787521, 809.934204, -165.902130, 1, 0, 0, 0, 3.34
M, 107021875, 2, -316.114960, 817.011902, -223.998032, 1, 0, 0, 0, 4.00
M, 107021875, 3, -211.842194, 810.038757, -161.402252, 1, 0, 0, 0, 4.00
M, 107021875, 4, -268.211792, 816.501953, -175.011444, 1, 0, 0, 0, 4.00
M, 107021875, 5, -176.457520, 810.663635, -162.366089, 1, 0, 0, 0, 3.34
M, 107021875, 6, -152.817276, 811.585876, -163.469238, 1, 0, 0, 0, 4.00
M, 107021875, 7, -130.019745, 811.063843, -167.764679, 1, 0, 0, 0, 4.00
M, 107022917, 0, -313.137604, 818.599365, -181.389969, 1, 0, 0, 0, 4.00
M, 107022917, 1, -240.786514, 809.932495, -165.896973, 1, 0, 0, 0, 4.00
M, 107022917, 2, -316.119385, 817.011963, -224.005951, 1, 0, 0, 0, 3.55
M, 107022917, 3, -211.842560, 810.038147, -161.401047, 1, 0, 0, 0, 4.00
M, 107022917, 4, -268.211792, 816.503174, -175.010010, 1, 0, 0, 0, 4.00
M, 107022917, 5, -176.458832, 810.662964, -162.364883, 1, 0, 0, 0, 4.00
M, 107022917, 6, -152.790894, 811.608765, -163.464859, 1, 0, 0, 0, 3.52
M, 107022917, 7, -130.020157, 811.063416, -167.763519, 1, 0, 0, 0, 4.00
M, 107023958, 0, -313.136780, 818.599670, -181.390305, 1, 0, 0, 0, 4.00
M, 107023958, 1, -240.786682, 809.931213, -165.896561, 1, 0, 0, 0, 4.00
M, 107023958, 2, -316.119965, 817.010986, -224.003860, 1, 0, 0, 0, 4.00
M, 107023958, 3, -211.831146, 810.055420, -161.411606, 1, 0, 0, 0, 3.79
M, 107023958, 4, -268.211731, 816.504578, -175.008560, 1, 0, 0, 0, 4.00
M, 107023958, 5, -176.458374, 810.662720, -162.364227, 1, 0, 0, 0, 4.00
M, 107023958, 6, -152.796585, 811.603210, -163.464142, 1, 0, 0, 0, 4.00
M, 107023958, 7, -130.008896, 811.074097, -167.765045, 1, 0, 0, 0, 3.07
M, 107025000, 0, -313.143219, 818.596069, -181.386246, 1, 0, 0, 0, 3.57
M, 107025000, 1, -240.786865, 809.930237, -165.896194, 1, 0, 0, 0, 4.00
M, 107025000, 2, -316.121399, 817.010437, -224.004166, 1, 0, 0, 0, 4.00
M, 107025000, 3, -211.833435, 810.052246, -161.408386, 1, 0, 0, 0, 4.00
M, 107025000, 4, -268.210724, 816.488586, -175.027512, 1, 0, 0, 0, 3.32
M, 107025000, 5, -176.457932, 810.662659, -162.363556, 1, 0, 0, 0, 4.00
M, 107025000, 6, -152.794769, 811.604248, -163.462540, 1, 0, 0, 0, 4.00
M, 107025000, 7, -130.011215, 811.071777, -167.763367, 1, 0, 0, 0, 4.00
M, 107026042, 0, -313.141174, 818.597229, -181.387329, 1, 0, 0, 0, 4.00
M, 107026042, 1, -240.789108, 809.936951, -165.903641, 1, 0, 0, 0, 3.34
M, 107026042, 2, -316.122833, 817.009766, -224.004471, 1, 0, 0, 0, 4.00
M, 107026042, 3, -211.832474, 810.053772, -161.408447, 1, 0, 0, 0, 4.00
M, 107026042, 4, -268.210846, 816.492798, -175.022675, 1, 0, 0, 0, 4.00
M, 107026042, 5, -176.447433, 810.671143, -162.363190, 1, 0, 0, 0, 3.34
M, 107026042, 6, -152.792953, 811.605408, -163.460983, 1, 0, 0, 0, 4.00
M, 107026042, 7, -130.010391, 811.072449, -167.762482, 1, 0, 0, 0, 4.00
M, 107027083, 0, -313.141174, 818.597046, -181.387207, 1, 0, 0, 0, 4.00
M, 107027083, 1, -240.788925, 809.934509, -165.901947, 1, 0, 0, 0, 4.00
M, 107027083, 2, -316.102112, 817.031433, -224.012451, 1, 0, 0, 0, 3.55
M, 107027083, 3, -211.831558, 810.055237, -161.408478, 1, 0, 0, 0, 4.00
M, 107027083, 4, -268.210724, 816.492188, -175.023453, 1, 0, 0, 0, 4.00
M, 107027083, 5, -176.448669, 810.669739, -162.362473, 1, 0, 0, 0, 4.00
M, 107027083, 6, -152.799362, 811.601990, -163.467361, 1, 0, 0, 0, 3.52
M, 107027083, 7, -130.009521, 811.073242, -167.761581, 1, 0, 0, 0, 4.00
M, 107028125, 0, -313.141174, 818.596924, -181.387085, 1, 0, 0, 0, 4.00
M, 107028125, 1, -240.789368, 809.934265, -165.902451, 1, 0, 0, 0, 4.00
M, 107028125, 2, -316.107330, 817.027039, -224.011551, 1, 0, 0, 0, 4.00
M, 107028125, 3, -211.847763, 810.029785, -161.419617, 1, 0, 0, 0, 3.79
M, 107028125, 4, -268.210602, 816.491638, -175.024292, 1, 0, 0, 0, 4.00
M, 107028125, 5, -176.447174, 810.670654, -162.361877, 1, 0, 0, 0, 4.00
M, 107028125, 6, -152.796143, 811.604004, -163.464478, 1, 0, 0, 0, 4.00
M, 107028125, 7, -130.021301, 811.074341, -167.765579, 1, 0, 0, 0, 3.07
M, 107029167, 0, -313.134857, 818.590454, -181.387985, 1, 0, 0, 0, 3.57
M, 107029167, 1, -240.789780, 809.933960, -165.902939, 1, 0, 0, 0, 4.00
M, 107029167, 2, -316.106323, 817.028870, -224.012634, 1, 0, 0, 0, 4.00
M, 107029167, 3, -211.843979, 810.035706, -161.417862, 1, 0, 0, 0, 4.00
M, 107029167, 4, -268.201843, 816.489807, -175.038986, 1, 0, 0, 0, 3.32
M, 107029167, 5, -176.445557, 810.671509, -162.361221, 1, 0, 0, 0, 4.00
M, 107029167, 6, -152.795212, 811.604553, -163.463760, 1, 0, 0, 0, 4.00
M, 107029167, 7, -130.018372, 811.074890, -167.763916, 1, 0, 0, 0, 4.00
M, 107030208, 0, -313.135925, 818.591309, -181.387711, 1, 0, 0, 0, 4.00
M, 107030208, 1, -240.786652, 809.939087, -165.901031, 1, 0, 0, 0, 3.34
M, 107030208, 2, -316.105377, 817.030701, -224.013824, 1, 0, 0, 0, 4.00
M, 107030208, 3, -211.844940, 810.034180, -161.419113, 1, 0, 0, 0, 4.00
M, 107030208, 4, -268.203094, 816.489441, -175.037430, 1, 0, 0, 0, 4.00
M, 107030208, 5, -176.454742, 810.666077, -162.373749, 1, 0, 0, 0, 3.34
M, 107030208, 6, -152.794266, 811.605225, -163.463043, 1, 0, 0, 0, 4.00
M, 107030208, 7, -130.018906, 811.075623, -167.763550, 1, 0, 0, 0, 4.00
M, 107031250, 0, -313.135223, 818.590515, -181.387680, 1, 0, 0, 0, 4.00
M, 107031250, 1, -240.787643, 809.937988, -165.901917, 1, 0, 0, 0, 4.00
M, 107031250, 2, -316.104065, 817.026611, -224.019669, 1, 0, 0, 0, 3.55
M, 107031250, 3, -211.845886, 810.032776, -161.420364, 1, 0, 0, 0, 4.00
M, 107031250, 4, -268.202026, 816.488831, -175.039734, 1, 0, 0, 0, 4.00
M, 107031250, 5, -176.451462, 810.667908, -162.370941, 1, 0, 0, 0, 4.00
M, 107031250, 6, -152.797714, 811.603943, -163.473145, 1, 0, 0, 0, 3.52
M, 107031250, 7, -130.019455, 811.076355, -167.763199, 1, 0, 0, 0, 4.00
M, 107032292, 0, -313.134491, 818.589661, -181.387680, 1, 0, 0, 0, 4.00
M, 107032292, 1, -240.787674, 809.938232, -165.902100, 1, 0, 0, 0, 4.00
M, 107032292, 2, -316.103180, 817.029175, -224.020020, 1, 0, 0, 0, 4.00
M, 107032292, 3, -211.839508, 810.055237, -161.428467, 1, 0, 0, 0, 3.79
M, 107032292, 4, -268.200897, 816.488159, -175.042053, 1, 0, 0, 0, 4.00
M, 107032292, 5, -176.451111, 810.668030, -162.371780, 1, 0, 0, 0, 4.00
M, 107032292, 6, -152.796051, 811.604736, -163.470642, 1, 0, 0, 0, 4.00
M, 107032292, 7, -130.014496, 811.079956, -167.782028, 1, 0, 0, 0, 3.07
M, 107033333, 0, -313.135986, 818.592468, -181.384933, 1, 0, 0, 0, 3.57
M, 107033333, 1, -240.787704, 809.938538, -165.902344, 1, 0, 0, 0, 4.00
M, 107033333, 2, -316.102203, 817.030396, -224.021744, 1, 0, 0, 0, 4.00
M, 107033333, 3, -211.841721, 810.049805, -161.428619, 1, 0, 0, 0, 4.00
M, 107033333, 4, -268.201080, 816.486267, -175.032639, 1, 0, 0, 0, 3.32
M, 107033333, 5, -176.450745, 810.668152, -162.372543, 1, 0, 0, 0, 4.00
M, 107033333, 6, -152.795639, 811.605103, -163.471115, 1, 0, 0, 0, 4.00
M, 107033333, 7, -130.015930, 811.080261, -167.778519, 1, 0, 0, 0, 4.00
M, 107034375, 0, -313.134857, 818.591003, -181.385391, 1, 0, 0, 0, 4.00
M, 107034375, 1, -240.774826, 809.951050, -165.899384, 1, 0, 0, 0, 3.34
M, 107034375, 2, -316.101257, 817.031494, -224.023422, 1, 0, 0, 0, 4.00
M, 107034375, 3, -211.841843, 810.050903, -161.430618, 1, 0, 0, 0, 4.00
M, 107034375, 4, -268.199768, 816.485840, -175.036865, 1, 0, 0, 0, 4.00
M, 107034375, 5, -176.446274, 810.673950, -162.371475, 1, 0, 0, 0, 3.34
M, 107034375, 6, -152.795181, 811.605408, -163.471603, 1, 0, 0, 0, 4.00
M, 107034375, 7, -130.015900, 811.081238, -167.780243, 1, 0, 0, 0, 4.00
M, 107035417, 0, -313.134369, 818.590576, -181.385056, 1, 0, 0, 0, 4.00
M, 107035417, 1, -240.776978, 809.949341, -165.900131, 1, 0, 0, 0, 4.00
M, 107035417, 2, -316.094116, 817.019836, -224.008133, 1, 0, 0, 0, 3.55
M, 107035417, 3, -211.842010, 810.052002, -161.432648, 1, 0, 0, 0, 4.00
M, 107035417, 4, -268.198792, 816.484985, -175.037888, 1, 0, 0, 0, 4.00
M, 107035417, 5, -176.446640, 810.673035, -162.372665, 1, 0, 0, 0, 4.00
M, 107035417, 6, -152.789993, 811.614624, -163.476425, 1, 0, 0, 0, 3.52
M, 107035417, 7, -130.015839, 811.082275, -167.781967, 1, 0, 0, 0, 4.00
M, 107036458, 0, -313.134033, 818.590088, -181.384766, 1, 0, 0, 0, 4.00
M, 107036458, 1, -240.775604, 809.950989, -165.899979, 1, 0, 0, 0, 4.00
M, 107036458, 2, -316.094177, 817.023071, -224.012604, 1, 0, 0, 0, 4.00
M, 107036458, 3, -211.825989, 810.068237, -161.415359, 1, 0, 0, 0, 3.96
M, 107036458, 4, -268.197845, 816.484314, -175.038895, 1, 0, 0, 0, 4.00
M, 107036458, 5, -176.445801, 810.673889, -162.373230, 1, 0, 0, 0, 4.00
M, 107036458, 6, -152.790329, 811.613586, -163.476196, 1, 0, 0, 0, 4.00
M, 107036458, 7, -130.007355, 811.087402, -167.786407, 1, 0, 0, 0, 3.07
M, 107037500, 0, -313.143311, 818.582336, -181.385452, 1, 0, 0, 0, 3.57
M, 107037500, 1, -240.774261, 809.952576, -165.899887, 1, 0, 0, 0, 4.00
M, 107037500, 2, -316.092560, 817.022827, -224.012390, 1, 0, 0, 0, 4.00
M, 107037500, 3, -211.828812, 810.067017, -161.420547, 1, 0, 0, 0, 4.00
M, 107037500, 4, -268.203217, 816.499512, -175.035553, 1, 0, 0, 0, 3.32
M, 107037500, 5, -176.444992, 810.674561, -162.373856, 1, 0, 0, 0, 4.00
M, 107037500, 6, -152.789322, 811.614929, -163.477081, 1, 0, 0, 0, 4.00
M, 107037500, 7, -130.008667, 811.087830, -167.787689, 1, 0, 0, 0, 4.00
M, 107038542, 0, -313.141296, 818.582947, -181.384995, 1, 0, 0, 0, 4.00
M, 107038542, 1, -240.789581, 809.931396, -165.915512, 1, 0, 0, 0, 3.34
M, 107038542, 2, -316.090881, 817.022522, -224.012207, 1, 0, 0, 0, 4.00
M, 107038542, 3, -211.827179, 810.069824, -161.420456, 1, 0, 0, 0, 4.00
M, 107038542, 4, -268.201172, 816.496033, -175.037308, 1, 0, 0, 0, 4.00
M, 107038542, 5, -176.459305, 810.664795, -162.385010, 1, 0, 0, 0, 3.34
M, 107038542, 6, -152.788361, 811.616272, -163.478043, 1, 0, 0, 0, 4.00
M, 107038542, 7, -130.007675, 811.089355, -167.789719, 1, 0, 0, 0, 4.00
M, 107039583, 0, -313.141846, 818.581787, -181.384827, 1, 0, 0, 0, 4.00
M, 107039583, 1, -240.785461, 809.936646, -165.912766, 1, 0, 0, 0, 4.00
M, 107039583, 2, -316.109802, 817.018799, -224.019012, 1, 0, 0, 0, 3.55
M, 107039583, 3, -211.825562, 810.072632, -161.420364, 1, 0, 0, 0, 4.00
M, 107039583, 4, -268.200958, 816.496887, -175.037827, 1, 0, 0, 0, 4.00
M, 107039583, 5, -176.455933, 810.667358, -162.383850, 1, 0, 0, 0, 4.00
M, 107039583, 6, -152.811066, 811.593506, -163.493744, 1, 0, 0, 0, 3.52
M, 107039583, 7, -130.006699, 811.090820, -167.791779, 1, 0, 0, 0, 4.00
M, 107040625, 0, -313.142487, 818.580566, -181.384613, 1, 0, 0, 0, 4.00
M, 107040625, 1, -240.785919, 809.935669, -165.914322, 1, 0, 0, 0, 4.00
M, 107040625, 2, -316.104706, 817.019043, -224.017700, 1, 0, 0, 0, 4.00
M, 107040625, 3, -211.844940, 810.050903, -161.424423, 1, 0, 0, 0, 3.79
M, 107040625, 4, -268.200653, 816.497803, -175.038391, 1, 0, 0, 0, 4.00
M, 107040625, 5, -176.456833, 810.666931, -162.385666, 1, 0, 0, 0, 4.00
M, 107040625, 6, -152.806183, 811.598877, -163.492218, 1, 0, 0, 0, 4.00
M, 107040625, 7, -130.028503, 811.066956, -167.796600, 1, 0, 0, 0, 3.07
M, 107041667, 0, -313.135468, 818.582825, -181.380264, 1, 0, 0, 0, 3.57
M, 107041667, 1, -240.786392, 809.934875, -165.915924, 1, 0, 0, 0, 4.00
M, 107041667, 2, -316.105316, 817.018372, -224.018234, 1, 0, 0, 0, 4.00
M, 107041667, 3, -211.839844, 810.057739, -161.423645, 1, 0, 0, 0, 4.00
M, 107041667, 4, -268.196533, 816.497192, -175.029510, 1, 0, 0, 0, 3.32
M, 107041667, 5, -176.457626, 810.666504, -162.387390, 1, 0, 0, 0, 4.00
M, 107041667, 6, -152.807785, 811.597534, -163.494781, 1, 0, 0, 0, 4.00
M, 107041667, 7, -130.023743, 811.072754, -167.798187, 1, 0, 0, 0, 4.00
M, 107042708, 0, -313.137299, 818.581055, -181.380768, 1, 0, 0, 0, 4.00
M, 107042708, 1, -240.777542, 809.950867, -165.908356, 1, 0, 0, 0, 3.34
M, 107042708, 2, -316.105927, 817.017883, -224.018829, 1, 0, 0, 0, 4.00
M, 107042708, 3, -211.840500, 810.057861, -161.423996, 1, 0, 0, 0, 4.00
M, 107042708, 4, -268.196960, 816.498413, -175.031616, 1, 0, 0, 0, 4.00
M, 107042708, 5, -176.452774, 810.662048, -162.374817, 1, 0, 0, 0, 3.34
M, 107042708, 6, -152.809402, 811.596252, -163.497345, 1, 0, 0, 0, 4.00
M, 107042708, 7, -130.025223, 811.071472, -167.800507, 1, 0, 0, 0, 4.00
M, 107043750, 0, -313.137054, 818.580200, -181.380112, 1, 0, 0, 0, 4.00
M, 107043750, 1, -240.779541, 809.947144, -165.911453, 1, 0, 0, 0, 4.00
M, 107043750, 2, -316.097809, 817.015137, -224.015305, 1, 0, 0, 0, 3.55
M, 107043750, 3, -211.841156, 810.057983, -161.424332, 1, 0, 0, 0, 4.00
M, 107043750, 4, -268.196228, 816.499207, -175.031143, 1, 0, 0, 0, 4.00
M, 107043750, 5, -176.454529, 810.662415, -162.378922, 1, 0, 0, 0, 4.00
M, 107043750, 6, -152.790863, 811.609070, -163.473740, 1, 0, 0, 0, 3.52
M, 107043750, 7, -130.026718, 811.070129, -167.802826, 1, 0, 0, 0, 4.00
M, 107044792, 0, -313.136780, 818.579407, -181.379425, 1, 0, 0, 0, 4.00
M, 107044792, 1, -240.778992, 809.948181, -165.912079, 1, 0, 0, 0, 4.00
M, 107044792, 2, -316.099823, 817.014893, -224.016556, 1, 0, 0, 0, 4.00
M, 107044792, 3, -211.824615, 810.049500, -161.423111, 1, 0, 0, 0, 3.79
M, 107044792, 4, -268.195587, 816.500000, -175.030670, 1, 0, 0, 0, 4.00
M, 107044792, 5, -176.454742, 810.661560, -162.379105, 1, 0, 0, 0, 4.00
M, 107044792, 6, -152.795807, 811.605469, -163.480606, 1, 0, 0, 0, 4.00
M, 107044792, 7, -130.008362, 811.075012, -167.785904, 1, 0, 0, 0, 3.07
M, 107045833, 0, -313.148560, 818.566772, -181.391739, 1, 0, 0, 0, 3.57
M, 107045833, 1, -240.778458, 809.949097, -165.912674, 1, 0, 0, 0, 4.00
M, 107045833, 2, -316.099487, 817.013977, -224.016647, 1, 0, 0, 0, 4.00
M, 107045833, 3, -211.828125, 810.050903, -161.423737, 1, 0, 0, 0, 4.00
M, 107045833, 4, -268.196014, 816.488525, -175.037582, 1, 0, 0, 0, 3.32
M, 107045833, 5, -176.454926, 810.660828, -162.379288, 1, 0, 0, 0, 4.00
M, 107045833, 6, -152.795212, 811.605713, -163.480301, 1, 0, 0, 0, 4.00
M, 107045833, 7, -130.013153, 811.072754, -167.791443, 1, 0, 0, 0, 4.00
M, 107046875, 0, -313.146362, 818.567749, -181.388931, 1, 0, 0, 0, 4.00
M, 107046875, 1, -240.783768, 809.934631, -165.911636, 1, 0, 0, 0, 3.34
M, 107046875, 2, -316.099121, 817.013123, -224.016769, 1, 0, 0, 0, 4.00
M, 107046875, 3, -211.826935, 810.050110, -161.423935, 1, 0, 0, 0, 4.00
M, 107046875, 4, -268.195160, 816.491211, -175.035889, 1, 0, 0, 0, 4.00
M, 107046875, 5, -176.466187, 810.639465, -162.379410, 1, 0, 0, 0, 3.51
M, 107046875, 6, -152.794617, 811.606018, -163.480011, 1, 0, 0, 0, 4.00
M, 107046875, 7, -130.012451, 811.072205, -167.791656, 1, 0, 0, 0, 4.00
M, 107047917, 0, -313.147491, 818.565552, -181.389709, 1, 0, 0, 0, 4.00
M, 107047917, 1, -240.782242, 809.938232, -165.912506, 1, 0, 0, 0, 4.00
M, 107047917, 2, -316.095184, 817.014893, -224.009415, 1, 0, 0, 0, 3.55
M, 107047917, 3, -211.825745, 810.049316, -161.424118, 1, 0, 0, 0, 4.00
M, 107047917, 4, -268.194641, 816.490540, -175.036209, 1, 0, 0, 0, 4.00
M, 107047917, 5, -176.464600, 810.641968, -162.379578, 1, 0, 0, 0, 4.00
M, 107047917, 6, -152.805496, 811.584778, -163.474106, 1, 0, 0, 0, 3.52
M, 107047917, 7, -130.011795, 811.071716, -167.791870, 1, 0, 0, 0, 4.00
M, 107048958, 0, -313.148499, 818.563477, -181.390488, 1, 0, 0, 0, 4.00
M, 107048958, 1, -240.782303, 809.937561, -165.912918, 1, 0, 0, 0, 4.00
M, 107048958, 2, -316.095367, 817.013550, -224.010757, 1, 0, 0, 0, 4.00
M, 107048958, 3, -211.832596, 810.040649, -161.416550, 1, 0, 0, 0, 3.79
M, 107048958, 4, -268.194031, 816.489868, -175.036514, 1, 0, 0, 0, 4.00
M, 107048958, 5, -176.466034, 810.638916, -162.379761, 1, 0, 0, 0, 4.00
M, 107048958, 6, -152.803024, 811.588501, -163.474731, 1, 0, 0, 0, 4.00
M, 107048958, 7, -130.019455, 811.071350, -167.775589, 1, 0, 0, 0, 3.07
M, 107050000, 0, -313.138184, 818.589417, -181.383087, 1, 0, 0, 0, 3.57
M, 107050000, 1, -240.782394, 809.936829, -165.913300, 1, 0, 0, 0, 4.00
M, 107050000, 2, -316.094635, 817.013123, -224.010071, 1, 0, 0, 0, 4.00
M, 107050000, 3, -211.830032, 810.041016, -161.418015, 1, 0, 0, 0, 4.00
M, 107050000, 4, -268.203094, 816.492493, -175.018860, 1, 0, 0, 0, 3.32
M, 107050000, 5, -176.467468, 810.635620, -162.380005, 1, 0, 0, 0, 4.00
M, 107050000, 6, -152.803680, 811.586365, -163.473801, 1, 0, 0, 0, 4.00
M, 107050000, 7, -130.017365, 811.070740, -167.778534, 1, 0, 0, 0, 4.00
M, 107051042, 0, -313.141174, 818.582642, -181.385208, 1, 0, 0, 0, 4.00
M, 107051042, 1, -240.770294, 809.949463, -165.903168, 1, 0, 0, 0, 3.34
M, 107051042, 2, -316.093872, 817.012512, -224.009415, 1, 0, 0, 0, 4.00
M, 107051042, 3, -211.829712, 810.039551, -161.417358, 1, 0, 0, 0, 4.00
M, 107051042, 4, -268.200958, 816.491455, -175.022141, 1, 0, 0, 0, 4.00
M, 107051042, 5, -176.456375, 810.652893, -162.376602, 1, 0, 0, 0, 3.34
M, 107051042, 6, -152.804337, 811.584351, -163.472855, 1, 0, 0, 0, 4.00
M, 107051042, 7, -130.017624, 811.070190, -167.776993, 1, 0, 0, 0, 4.00
M, 107052083, 0, -313.140991, 818.583557, -181.385025, 1, 0, 0, 0, 4.00
M, 107052083, 1, -240.772415, 809.946411, -165.905319, 1, 0, 0, 0, 4.00
M, 107052083, 2, -316.094757, 817.015137, -223.993225, 1, 0, 0, 0, 3.55
M, 107052083, 3, -211.829376, 810.037964, -161.416733, 1, 0, 0, 0, 4.00
M, 107052083, 4, -268.201355, 816.491211, -175.020477, 1, 0, 0, 0, 4.00
M, 107052083, 5, -176.459930, 810.646423, -162.377380, 1, 0, 0, 0, 4.00
M, 107052083, 6, -152.803741, 811.592896, -163.468979, 1, 0, 0, 0, 3.52
M, 107052083, 7, -130.017838, 811.069702, -167.775406, 1, 0, 0, 0, 4.00
M, 107053125, 0, -313.140808, 818.584534, -181.384903, 1, 0, 0, 0, 4.00
M, 107053125, 1, -240.771164, 809.947266, -165.904602, 1, 0, 0, 0, 4.00
M, 107053125, 2, -316.093811, 817.013794, -223.995102, 1, 0, 0, 0, 4.00
M, 107053125, 3, -211.817932, 810.051636, -161.402603, 1, 0, 0, 0, 3.79
M, 107053125, 4, -268.201843, 816.490967, -175.018860, 1, 0, 0, 0, 4.00
M, 107053125, 5, -176.460022, 810.645447, -162.377197, 1, 0, 0, 0, 4.00
M, 107053125, 6, -152.804611, 811.589050, -163.468567, 1, 0, 0, 0, 4.00
M, 107053125, 7, -130.018799, 811.070557, -167.774704, 1, 0, 0, 0, 3.07
M, 107054167, 0, -313.134033, 818.591675, -181.385056, 1, 0, 0, 0, 3.57
M, 107054167, 1, -240.769882, 809.948120, -165.903824, 1, 0, 0, 0, 4.00
M, 107054167, 2, -316.093262, 817.013550, -223.992783, 1, 0, 0, 0, 4.00
M, 107054167, 3, -211.819489, 810.047607, -161.404160, 1, 0, 0, 0, 4.00
M, 107054167, 4, -268.199860, 816.484863, -175.028290, 1, 0, 0, 0, 3.60
M, 107054167, 5, -176.460083, 810.644531, -162.377014, 1, 0, 0, 0, 4.00
M, 107054167, 6, -152.805145, 811.588013, -163.467331, 1, 0, 0, 0, 4.00
M, 107054167, 7, -130.018906, 811.069946, -167.773026, 1, 0, 0, 0, 4.00
M, 107055208, 0, -313.134979, 818.591614, -181.384888, 1, 0, 0, 0, 4.00
M, 107055208, 1, -240.774918, 809.938293, -165.897507, 1, 0, 0, 0, 3.34
M, 107055208, 2, -316.092682, 817.013367, -223.990402, 1, 0, 0, 0, 4.00
M, 107055208, 3, -211.817871, 810.047607, -161.402069, 1, 0, 0, 0, 4.00
M, 107055208, 4, -268.200836, 816.485535, -175.024826, 1, 0, 0, 0, 4.00
M, 107055208, 5, -176.466309, 810.643677, -162.374817, 1, 0, 0, 0, 3.34
M, 107055208, 6, -152.805649, 811.587097, -163.466080, 1, 0, 0, 0, 4.00
M, 107055208, 7, -130.019211, 811.069519, -167.771515, 1, 0, 0, 0, 4.00
M, 107056250, 0, -313.134094, 818.593201, -181.384766, 1, 0, 0, 0, 4.00
M, 107056250, 1, -240.772644, 809.940735, -165.897659, 1, 0, 0, 0, 4.00
M, 107056250, 2, -316.101074, 817.019409, -224.008987, 1, 0, 0, 0, 3.55
M, 107056250, 3, -211.816391, 810.047607, -161.399918, 1, 0, 0, 0, 4.00
M, 107056250, 4, -268.201019, 816.484741, -175.024414, 1, 0, 0, 0, 4.00
M, 107056250, 5, -176.465317, 810.642883, -162.374908, 1, 0, 0, 0, 4.00
M, 107056250, 6, -152.798828, 811.594971, -163.455978, 1, 0, 0, 0, 3.52
M, 107056250, 7, -130.019562, 811.069092, -167.770050, 1, 0, 0, 0, 4.00
M, 107057292, 0, -313.133118, 818.594910, -181.384644, 1, 0, 0, 0, 4.00
M, 107057292, 1, -240.772079, 809.940369, -165.896317, 1, 0, 0, 0, 4.00
M, 107057292, 2, -316.099060, 817.018250, -224.003159, 1, 0, 0, 0, 4.00
M, 107057292, 3, -211.839035, 810.027344, -161.402542, 1, 0, 0, 0, 3.79
M, 107057292, 4, -268.201233, 816.483826, -175.023987, 1, 0, 0, 0, 4.00
M, 107057292, 5, -176.466034, 810.641968, -162.374451, 1, 0, 0, 0, 4.00
M, 107057292, 6, -152.800522, 811.592651, -163.456223, 1, 0, 0, 0, 4.00
M, 107057292, 7, -130.003677, 811.082458, -167.765366, 1, 0, 0, 0, 3.07
M, 107058333, 0, -313.142487, 818.578369, -181.379639, 1, 0, 0, 0, 3.57
M, 107058333, 1, -240.771515, 809.939941, -165.894943, 1, 0, 0, 0, 4.00
M, 107058333, 2, -316.099487, 817.018555, -224.003036, 1, 0, 0, 0, 4.00
M, 107058333, 3, -211.833557, 810.030579, -161.399689, 1, 0, 0, 0, 4.00
M, 107058333, 4, -268.210724, 816.477112, -175.032730, 1, 0, 0, 0, 3.32
M, 107058333, 5, -176.466782, 810.640930, -162.374039, 1, 0, 0, 0, 4.00
M, 107058333, 6, -152.800278, 811.592651, -163.454010, 1, 0, 0, 0, 4.00
M, 107058333, 7, -130.006638, 811.079834, -167.764389, 1, 0, 0, 0, 4.00
M, 107059375, 0, -313.139862, 818.583008, -181.380356, 1, 0, 0, 0, 4.00
M, 107059375, 1, -240.777084, 809.935486, -165.898102, 1, 0, 0, 0, 3.34
M, 107059375, 2, -316.099823, 817.019043, -224.002945, 1, 0, 0, 0, 4.00
M, 107059375, 3, -211.834686, 810.028259, -161.398071, 1, 0, 0, 0, 4.00
M, 107059375, 4, -268.209412, 816.477234, -175.030792, 1, 0, 0, 0, 4.00
M, 107059375, 5, -176.463379, 810.649536, -162.367188, 1, 0, 0, 0, 3.34
M, 107059375, 6, -152.800018, 811.592590, -163.451813, 1, 0, 0, 0, 4.00
M, 107059375, 7, -130.005203, 811.080811, -167.762573, 1, 0, 0, 0, 4.00
M, 107060417, 0, -313.140106, 818.582581, -181.379761, 1, 0, 0, 0, 4.00
M, 107060417, 1, -240.775543, 809.935730, -165.895981, 1, 0, 0, 0, 4.00
M, 107060417, 2, -316.096252, 817.022278, -224.004105, 1, 0, 0, 0, 3.55
M, 107060417, 3, -211.835754, 810.026123, -161.396469, 1, 0, 0, 0, 4.00
M, 107060417, 4, -268.210602, 816.475586, -175.031387, 1, 0, 0, 0, 4.00
M, 107060417, 5, -176.464783, 810.647156, -162.367783, 1, 0, 0, 0, 4.00
M, 107060417, 6, -152.800522, 811.585022, -163.465164, 1, 0, 0, 0, 3.52
M, 107060417, 7, -130.003769, 811.081909, -167.760742, 1, 0, 0, 0, 4.00
M, 107061458, 0, -313.140350, 818.582214, -181.379105, 1, 0, 0, 0, 4.00
M, 107061458, 1, -240.775665, 809.934875, -165.895126, 1, 0, 0, 0, 4.00
M, 107061458, 2, -316.097321, 817.022461, -224.003815, 1, 0, 0, 0, 4.00
M, 107061458, 3, -211.829468, 810.051697, -161.401703, 1, 0, 0, 0, 3.79
M, 107061458, 4, -268.211853, 816.474121, -175.031921, 1, 0, 0, 0, 4.00
M, 107061458, 5, -176.465057, 810.647339, -162.366684, 1, 0, 0, 0, 4.00
M, 107061458, 6, -152.800110, 811.586304, -163.460358, 1, 0, 0, 0, 4.00
M, 107061458, 7, -130.010956, 811.079102, -167.772308, 1, 0, 0, 0, 3.07
M, 107062500, 0, -313.140106, 818.592285, -181.383896, 1, 0, 0, 0, 3.57
M, 107062500, 1, -240.775772, 809.933960, -165.894226, 1, 0, 0, 0, 4.00
M, 107062500, 2, -316.097260, 817.023132, -224.003845, 1, 0, 0, 0, 4.00
M, 107062500, 3, -211.831818, 810.044861, -161.398972, 1, 0, 0, 0, 4.00
M, 107062500, 4, -268.195099, 816.484619, -175.030106, 1, 0, 0, 0, 3.32
M, 107062500, 5, -176.465347, 810.647522, -162.365509, 1, 0, 0, 0, 4.00
M, 107062500, 6, -152.799927, 811.585449, -163.459854, 1, 0, 0, 0, 4.00
M, 107062500, 7, -130.008087, 811.080811, -167.768295, 1, 0, 0, 0, 4.00
M, 107063542, 0, -313.140472, 818.590210, -181.382370, 1, 0, 0, 0, 4.00
M, 107063542, 1, -240.769821, 809.953796, -165.900604, 1, 0, 0, 0, 3.34
M, 107063542, 2, -316.097198, 817.023865, -224.003922, 1, 0, 0, 0, 4.00
M, 107063542, 3, -211.832031, 810.045715, -161.398102, 1, 0, 0, 0, 4.00
M, 107063542, 4, -268.199341, 816.481262, -175.031113, 1, 0, 0, 0, 4.00
M, 107063542, 5, -176.466599, 810.646240, -162.362656, 1, 0, 0, 0, 3.34
M, 107063542, 6, -152.799713, 811.584717, -163.459381, 1, 0, 0, 0, 4.00
M, 107063542, 7, -130.007584, 811.081482, -167.767899, 1, 0, 0, 0, 4.00
M, 107064583, 0, -313.140594, 818.591125, -181.382324, 1, 0, 0, 0, 4.00
M, 107064583, 1, -240.770920, 809.949463, -165.898575, 1, 0, 0, 0, 4.00
M, 107064583, 2, -316.104614, 817.016724, -224.008453, 1, 0, 0, 0, 3.55
M, 107064583, 3, -211.832367, 810.046631, -161.397232, 1, 0, 0, 0, 4.00
M, 107064583, 4, -268.198608, 816.481079, -175.031448, 1, 0, 0, 0, 4.00
M, 107064583, 5, -176.466690, 810.646545, -162.361786, 1, 0, 0, 0, 4.00
M, 107064583, 6, -152.811554, 811.586731, -163.475266, 1, 0, 0, 0, 3.52
M, 107064583, 7, -130.007080, 811.082153, -167.767548, 1, 0, 0, 0, 4.00
M, 107065625, 0, -313.140808, 818.591858, -181.382263, 1, 0, 0, 0, 4.00
M, 107065625, 1, -240.770386, 809.950806, -165.898499, 1, 0, 0, 0, 4.00
M, 107065625, 2, -316.103424, 817.018738, -224.007736, 1, 0, 0, 0, 4.00
M, 107065625, 3, -211.828186, 810.041138, -161.400223, 1, 0, 0, 0, 3.79
M, 107065625, 4, -268.197845, 816.480896, -175.031738, 1, 0, 0, 0, 4.00
M, 107065625, 5, -176.467087, 810.646606, -162.360474, 1, 0, 0, 0, 4.00
M, 107065625, 6, -152.809341, 811.585510, -163.472046, 1, 0, 0, 0, 4.00
M, 107065625, 7, -130.004135, 811.085022, -167.777832, 1, 0, 0, 0, 3.07
M, 107066667, 0, -313.142914, 818.586548, -181.385483, 1, 0, 0, 0, 3.57
M, 107066667, 1, -240.769821, 809.952209, -165.898407, 1, 0, 0, 0, 4.00
M, 107066667, 2, -316.104126, 817.018616, -224.008286, 1, 0, 0, 0, 4.00
M, 107066667, 3, -211.829239, 810.042908, -161.398727, 1, 0, 0, 0, 4.00
M, 107066667, 4, -268.200897, 816.489441, -175.040955, 1, 0, 0, 0, 3.32
M, 107066667, 5, -176.467438, 810.646606, -162.359131, 1, 0, 0, 0, 4.00
M, 107066667, 6, -152.810471, 811.584900, -163.473328, 1, 0, 0, 0, 4.00
M, 107066667, 7, -130.004044, 811.085327, -167.775711, 1, 0, 0, 0, 4.00
M, 107067708, 0, -313.142731, 818.588318, -181.384903, 1, 0, 0, 0, 4.00
M, 107067708, 1, -240.770050, 809.960388, -165.904663, 1, 0, 0, 0, 3.34
M, 107067708, 2, -316.104828, 817.018555, -224.008759, 1, 0, 0, 0, 4.00
M, 107067708, 3, -211.829086, 810.043091, -161.398315, 1, 0, 0, 0, 4.00
M, 107067708, 4, -268.199524, 816.487793, -175.039795, 1, 0, 0, 0, 4.00
M, 107067708, 5, -176.457458, 810.660889, -162.375168, 1, 0, 0, 0, 3.34
M, 107067708, 6, -152.811584, 811.584412, -163.474579, 1, 0, 0, 0, 4.00
M, 107067708, 7, -130.003265, 811.086243, -167.776489, 1, 0, 0, 0, 4.00
M, 107068750, 0, -313.143097, 818.588440, -181.385208, 1, 0, 0, 0, 4.00
M, 107068750, 1, -240.769379, 809.960693, -165.903534, 1, 0, 0, 0, 4.00
M, 107068750, 2, -316.083496, 817.047546, -224.006729, 1, 0, 0, 0, 3.55
M, 107068750, 3, -211.828842, 810.043213, -161.397888, 1, 0, 0, 0, 4.00
M, 107068750, 4, -268.199219, 816.488586, -175.041061, 1, 0, 0, 0, 4.00
M, 107068750, 5, -176.459564, 810.658508, -162.371002, 1, 0, 0, 0, 4.00
M, 107068750, 6, -152.791763, 811.609619, -163.473984, 1, 0, 0, 0, 3.52
M, 107068750, 7, -130.002518, 811.087158, -167.777313, 1, 0, 0, 0, 4.00
M, 107069792, 0, -313.143494, 818.588623, -181.385529, 1, 0, 0, 0, 4.00
M, 107069792, 1, -240.768951, 809.962769, -165.904160, 1, 0, 0, 0, 4.00
M, 107069792, 2, -316.087921, 817.042664, -224.007675, 1, 0, 0, 0, 4.00
M, 107069792, 3, -211.823547, 810.056030, -161.406982, 1, 0, 0, 0, 3.79
M, 107069792, 4, -268.198914, 816.489319, -175.042328, 1, 0, 0, 0, 4.00
M, 107069792, 5, -176.458832, 810.659973, -162.371536, 1, 0, 0, 0, 4.00
M, 107069792, 6, -152.796341, 811.604858, -163.475586, 1, 0, 0, 0, 4.00
M, 107069792, 7, -130.007401, 811.087585, -167.784180, 1, 0, 0, 0, 3.07
M, 107070833, 0, -313.145111, 818.589539, -181.386307, 1, 0, 0, 0, 3.57
M, 107070833, 1, -240.768478, 809.964966, -165.904724, 1, 0, 0, 0, 4.00
M, 107070833, 2, -316.086365, 817.045654, -224.007980, 1, 0, 0, 0, 4.00
M, 107070833, 3, -211.824219, 810.053955, -161.404984, 1, 0, 0, 0, 4.00
M, 107070833, 4, -268.212585, 816.489380, -175.043549, 1, 0, 0, 0, 3.32
M, 107070833, 5, -176.458084, 810.661560, -162.372131, 1, 0, 0, 0, 4.00
M, 107070833, 6, -152.795212, 811.607056, -163.476669, 1, 0, 0, 0, 4.00
M, 107070833, 7, -130.005737, 811.088501, -167.783966, 1, 0, 0, 0, 4.00
M, 107071875, 0, -313.145294, 818.589478, -181.386551, 1, 0, 0, 0, 4.00
M, 107071875, 1, -240.770004, 809.966248, -165.915359, 1, 0, 0, 0, 3.45
M, 107071875, 2, -316.084625, 817.048645, -224.008224, 1, 0, 0, 0, 4.00
M, 107071875, 3, -211.823456, 810.055603, -161.405579, 1, 0, 0, 0, 4.00
M, 107071875, 4, -268.209961, 816.490295, -175.044861, 1, 0, 0, 0, 4.00
M, 107071875, 5, -176.467850, 810.658386, -162.378448, 1, 0, 0, 0, 3.34
M, 107071875, 6, -152.794022, 811.609375, -163.477737, 1, 0, 0, 0, 4.00
M, 107071875, 7, -130.005554, 811.089294, -167.785431, 1, 0, 0, 0, 4.00
M, 107072917, 0, -313.145813, 818.589661, -181.386932, 1, 0, 0, 0, 4.00
M, 107072917, 1, -240.769287, 809.968445, -165.914352, 1, 0, 0, 0, 4.00
M, 107072917, 2, -316.090607, 817.044922, -224.010483, 1, 0, 0, 0, 3.55
M, 107072917, 3, -211.822708, 810.057129, -161.406174, 1, 0, 0, 0, 4.00
M, 107072917, 4, -268.211212, 816.490967, -175.046112, 1, 0, 0, 0, 4.00
M, 107072917, 5, -176.465347, 810.660767, -162.378067, 1, 0, 0, 0, 4.00
M, 107072917, 6, -152.795746, 811.611511, -163.475647, 1, 0, 0, 0, 3.52
M, 107072917, 7, -130.005447, 811.090210, -167.786880, 1, 0, 0, 0, 4.00
M, 107073958, 0, -313.146301, 818.589905, -181.387268, 1, 0, 0, 0, 4.00
M, 107073958, 1, -240.769043, 809.970459, -165.916046, 1, 0, 0, 0, 4.00
M, 107073958, 2, -316.087799, 817.048950, -224.010422, 1, 0, 0, 0, 4.00
M, 107073958, 3, -211.840225, 810.053406, -161.425797, 1, 0, 0, 0, 3.79
M, 107073958, 4, -268.212402, 816.491699, -175.047424, 1, 0, 0, 0, 4.00
M, 107073958, 5, -176.465744, 810.661926, -162.379227, 1, 0, 0, 0, 4.00
M, 107073958, 6, -152.794083, 811.613892, -163.477264, 1, 0, 0, 0, 4.00
M, 107073958, 7, -130.014771, 811.083801, -167.787781, 1, 0, 0, 0, 3.07
M, 107075000, 0, -313.134033, 818.596558, -181.379517, 1, 0, 0, 0, 3.57
M, 107075000, 1, -240.768753, 809.972473, -165.917709, 1, 0, 0, 0, 4.00
M, 107075000, 2, -316.086945, 817.051208, -224.010895, 1, 0, 0, 0, 4.00
M, 107075000, 3, -211.836502, 810.055664, -161.423279, 1, 0, 0, 0, 4.00
M, 107075000, 4, -268.199524, 816.496643, -175.043839, 1, 0, 0, 0, 3.32
M, 107075000, 5, -176.466156, 810.662903, -162.380478, 1, 0, 0, 0, 4.00
M, 107075000, 6, -152.793243, 811.616150, -163.478012, 1, 0, 0, 0, 4.00
M, 107075000, 7, -130.013077, 811.085754, -167.789337, 1, 0, 0, 0, 4.00
M, 107076042, 0, -313.136658, 818.595703, -181.381180, 1, 0, 0, 0, 4.00
M, 107076042, 1, -240.762161, 809.979248, -165.910675, 1, 0, 0, 0, 3.34
M, 107076042, 2, -316.086121, 817.053589, -224.011383, 1, 0, 0, 0, 4.00
M, 107076042, 3, -211.837784, 810.056580, -161.425964, 1, 0, 0, 0, 4.00
M, 107076042, 4, -268.203033, 816.496460, -175.045898, 1, 0, 0, 0, 4.00
M, 107076042, 5, -176.457489, 810.678223, -162.376251, 1, 0, 0, 0, 3.34
M, 107076042, 6, -152.792419, 811.618408, -163.478745, 1, 0, 0, 0, 4.00
M, 107076042, 7, -130.013962, 811.085754, -167.790726, 1, 0, 0, 0, 4.00
M, 107077083, 0, -313.135742, 818.596680, -181.380676, 1, 0, 0, 0, 4.00
M, 107077083, 1, -240.762939, 809.980469, -165.913834, 1, 0, 0, 0, 4.00
M, 107077083, 2, -316.090546, 817.034973, -224.012482, 1, 0, 0, 0, 3.55
M, 107077083, 3, -211.839035, 810.057495, -161.428650, 1, 0, 0, 0, 4.00
M, 107077083, 4, -268.202606, 816.497742, -175.046646, 1, 0, 0, 0, 4.00
M, 107077083, 5, -176.459396, 810.676819, -162.378326, 1, 0, 0, 0, 4.00
M, 107077083, 6, -152.796051, 811.615662, -163.474640, 1, 0, 0, 0, 3.52
M, 107077083, 7, -130.014862, 811.085754, -167.792160, 1, 0, 0, 0, 4.00
M, 107078125, 0, -313.134857, 818.597534, -181.380173, 1, 0, 0, 0, 4.00
M, 107078125, 1, -240.762039, 809.982971, -165.914612, 1, 0, 0, 0, 4.00
M, 107078125, 2, -316.088867, 817.040649, -224.012863, 1, 0, 0, 0, 4.00
M, 107078125, 3, -211.833786, 810.065002, -161.414993, 1, 0, 0, 0, 3.79
M, 107078125, 4, -268.202332, 816.498840, -175.047363, 1, 0, 0, 0, 4.00
M, 107078125, 5, -176.458771, 810.679443, -162.378922, 1, 0, 0, 0, 4.00
M, 107078125, 6, -152.794434, 811.618774, -163.476196, 1, 0, 0, 0, 4.00
M, 107078125, 7, -130.006424, 811.092468, -167.784409, 1, 0, 0, 0, 3.07
M, 107079167, 0, -313.139862, 818.587097, -181.387360, 1, 0, 0, 0, 3.57
M, 107079167, 1, -240.761093, 809.985596, -165.915359, 1, 0, 0, 0, 4.00
M, 107079167, 2, -316.088623, 817.040649, -224.013397, 1, 0, 0, 0, 4.00
M, 107079167, 3, -211.836182, 810.064697, -161.420425, 1, 0, 0, 0, 4.00
M, 107079167, 4, -268.195221, 816.497437, -175.050812, 1, 0, 0, 0, 3.32
M, 107079167, 5, -176.458206, 810.682007, -162.379578, 1, 0, 0, 0, 4.00
M, 107079167, 6, -152.794083, 811.620544, -163.476364, 1, 0, 0, 0, 4.00
M, 107079167, 7, -130.008865, 811.091370, -167.787338, 1, 0, 0, 0, 4.00
M, 107080208, 0, -313.137970, 818.589905, -181.385529, 1, 0, 0, 0, 4.00
M, 107080208, 1, -240.769485, 809.964600, -165.914490, 1, 0, 0, 0, 3.34
M, 107080208, 2, -316.088379, 817.040649, -224.013947, 1, 0, 0, 0, 4.00
M, 107080208, 3, -211.836746, 810.066284, -161.421326, 1, 0, 0, 0, 4.00
M, 107080208, 4, -268.196014, 816.499084, -175.051086, 1, 0, 0, 0, 4.00
M, 107080208, 5, -176.456528, 810.669861, -162.378983, 1, 0, 0, 0, 3.34
M, 107080208, 6, -152.793732, 811.622192, -163.476547, 1, 0, 0, 0, 4.00
M, 107080208, 7, -130.008743, 811.092163, -167.787689, 1, 0, 0, 0, 4.00
M, 107081250, 0, -313.137726, 818.589478, -181.385834, 1, 0, 0, 0, 4.00
M, 107081250, 1, -240.767014, 809.971069, -165.915512, 1, 0, 0, 0, 4.00
M, 107081250, 2, -316.089996, 817.044128, -224.021683, 1, 0, 0, 0, 3.55
M, 107081250, 3, -211.837250, 810.067932, -161.422211, 1, 0, 0, 0, 4.00
M, 107081250, 4, -268.194916, 816.499817, -175.052124, 1, 0, 0, 0, 4.00
M, 107081250, 5, -176.456116, 810.674866, -162.379761, 1, 0, 0, 0, 4.00
M, 107081250, 6, -152.794144, 811.617920, -163.481308, 1, 0, 0, 0, 3.52
M, 107081250, 7, -130.008606, 811.092896, -167.788101, 1, 0, 0, 0, 4.00
M, 107082292, 0, -313.137604, 818.589050, -181.386185, 1, 0, 0, 0, 4.00
M, 107082292, 1, -240.767075, 809.971069, -165.916077, 1, 0, 0, 0, 4.00
M, 107082292, 2, -316.089447, 817.043518, -224.021057, 1, 0, 0, 0, 4.00
M, 107082292, 3, -211.835342, 810.063721, -161.421738, 1, 0, 0, 0, 3.79
M, 107082292, 4, -268.193909, 816.500732, -175.053192, 1, 0, 0, 0, 4.00
M, 107082292, 5, -176.455399, 810.675903, -162.380234, 1, 0, 0, 0, 4.00
M, 107082292, 6, -152.793640, 811.620667, -163.480774, 1, 0, 0, 0, 4.00
M, 107082292, 7, -130.009232, 811.078735, -167.785431, 1, 0, 0, 0, 3.07
M, 107083333, 0, -313.130859, 818.591064, -181.384995, 1, 0, 0, 0, 3.57
M, 107083333, 1, -240.767166, 809.971069, -165.916641, 1, 0, 0, 0, 4.00
M, 107083333, 2, -316.089417, 817.044067, -224.022339, 1, 0, 0, 0, 4.00
M, 107083333, 3, -211.836319, 810.066162, -161.422897, 1, 0, 0, 0, 4.00
M, 107083333, 4, -268.195770, 816.498962, -175.041840, 1, 0, 0, 0, 3.32
M, 107083333, 5, -176.454651, 810.676941, -162.380722, 1, 0, 0, 0, 4.00
M, 107083333, 6, -152.793365, 811.621765, -163.481430, 1, 0, 0, 0, 4.00
M, 107083333, 7, -130.008987, 811.081970, -167.786316, 1, 0, 0, 0, 4.00
M, 107084375, 0, -313.131775, 818.590210, -181.385529, 1, 0, 0, 0, 4.00
M, 107084375, 1, -240.758316, 809.972351, -165.912415, 1, 0, 0, 0, 3.34
M, 107084375, 2, -316.089355, 817.044373, -224.023682, 1, 0, 0, 0, 4.00
M, 107084375, 3, -211.836563, 810.067322, -161.423645, 1, 0, 0, 0, 4.00
M, 107084375, 4, -268.194153, 816.500488, -175.044907, 1, 0, 0, 0, 4.00
M, 107084375, 5, -176.459961, 810.669800, -162.385162, 1, 0, 0, 0, 3.34
M, 107084375, 6, -152.793106, 811.622742, -163.482147, 1, 0, 0, 0, 4.00
M, 107084375, 7, -130.008957, 811.080994, -167.786377, 1, 0, 0, 0, 4.00
M, 107085417, 0, -313.130798, 818.590088, -181.385742, 1, 0, 0, 0, 4.00
M, 107085417, 1, -240.759918, 809.971985, -165.913788, 1, 0, 0, 0, 4.00
M, 107085417, 2, -316.089050, 817.028809, -223.999512, 1, 0, 0, 0, 3.55
M, 107085417, 3, -211.836868, 810.068176, -161.424393, 1, 0, 0, 0, 4.00
M, 107085417, 4, -268.193390, 816.501038, -175.044586, 1, 0, 0, 0, 4.00
M, 107085417, 5, -176.458252, 810.672058, -162.385010, 1, 0, 0, 0, 4.00
M, 107085417, 6, -152.796463, 811.604858, -163.472260, 1, 0, 0, 0, 3.52
M, 107085417, 7, -130.008896, 811.080139, -167.786438, 1, 0, 0, 0, 4.00
M, 107086458, 0, -313.129852, 818.589966, -181.385895, 1, 0, 0, 0, 4.00
M, 107086458, 1, -240.759033, 809.972107, -165.913834, 1, 0, 0, 0, 4.00
M, 107086458, 2, -316.088989, 817.031921, -224.005066, 1, 0, 0, 0, 4.00
M, 107086458, 3, -211.821365, 810.060486, -161.404160, 1, 0, 0, 0, 3.79
M, 107086458, 4, -268.192596, 816.501709, -175.044250, 1, 0, 0, 0, 4.00
M, 107086458, 5, -176.458206, 810.672180, -162.385895, 1, 0, 0, 0, 4.00
M, 107086458, 6, -152.795547, 811.609131, -163.474701, 1, 0, 0, 0, 4.00
M, 107086458, 7, -130.011765, 811.067383, -167.783875, 1, 0, 0, 0, 3.07
M, 107087500, 0, -313.140594, 818.590454, -181.387024, 1, 0, 0, 0, 3.57
M, 107087500, 1, -240.758072, 809.972351, -165.913834, 1, 0, 0, 0, 4.00
M, 107087500, 2, -316.088989, 817.030518, -224.003601, 1, 0, 0, 0, 4.00
M, 107087500, 3, -211.824249, 810.062927, -161.408386, 1, 0, 0, 0, 4.00
M, 107087500, 4, -268.175720, 816.502563, -175.031616, 1, 0, 0, 0, 3.32
M, 107087500, 5, -176.458145, 810.672302, -162.386795, 1, 0, 0, 0, 4.00
M, 107087500, 6, -152.795700, 811.608154, -163.474258, 1, 0, 0, 0, 4.00
M, 107087500, 7, -130.011276, 811.068481, -167.784378, 1, 0, 0, 0, 4.00
M, 107088542, 0, -313.137726, 818.590393, -181.387024, 1, 0, 0, 0, 4.00
M, 107088542, 1, -240.762604, 809.968933, -165.907730, 1, 0, 0, 0, 3.34
M, 107088542, 2, -316.088928, 817.029053, -224.002167, 1, 0, 0, 0, 4.00
M, 107088542, 3, -211.822800, 810.063049, -161.406799, 1, 0, 0, 0, 4.00
M, 107088542, 4, -268.177643, 816.503174, -175.033295, 1, 0, 0, 0, 4.00
M, 107088542, 5, -176.452332, 810.658997, -162.365250, 1, 0, 0, 0, 3.34
M, 107088542, 6, -152.795776, 811.607178, -163.473770, 1, 0, 0, 0, 4.00
M, 107088542, 7, -130.011581, 811.066284, -167.784180, 1, 0, 0, 0, 4.00
M, 107089583, 0, -313.138031, 818.590393, -181.387238, 1, 0, 0, 0, 4.00
M, 107089583, 1, -240.760818, 809.969604, -165.908798, 1, 0, 0, 0, 4.00
M, 107089583, 2, -316.093262, 817.028564, -224.002319, 1, 0, 0, 0, 3.98
M, 107089583, 3, -211.821335, 810.063049, -161.405289, 1, 0, 0, 0, 4.00
M, 107089583, 4, -268.175079, 816.504028, -175.031647, 1, 0, 0, 0, 4.00
M, 107089583, 5, -176.453186, 810.661438, -162.369873, 1, 0, 0, 0, 4.00
M, 107089583, 6, -152.791672, 811.611328, -163.450974, 1, 0, 0, 0, 3.52
M, 107089583, 7, -130.011826, 811.064209, -167.783936, 1, 0, 0, 0, 4.00
M, 107090625, 0, -313.138306, 818.590393, -181.387497, 1, 0, 0, 0, 4.00
M, 107090625, 1, -240.760513, 809.969421, -165.908173, 1, 0, 0, 0, 4.00
M, 107090625, 2, -316.092499, 817.027161, -224.000595, 1, 0, 0, 0, 4.00
M, 107090625, 3, -211.825394, 810.048157, -161.402481, 1, 0, 0, 0, 3.79
M, 107090625, 4, -268.172638, 816.504578, -175.030014, 1, 0, 0, 0, 4.00
M, 107090625, 5, -176.452499, 810.660095, -162.368317, 1, 0, 0, 0, 4.00
M, 107090625, 6, -152.792511, 811.609375, -163.454193, 1, 0, 0, 0, 4.00
M, 107090625, 7, -130.018280, 811.067017, -167.785812, 1, 0, 0, 0, 3.07
M, 107091667, 0, -313.142426, 818.591003, -181.397339, 1, 0, 0, 0, 3.57
M, 107091667, 1, -240.760193, 809.969238, -165.907516, 1, 0, 0, 0, 4.00
M, 107091667, 2, -316.092926, 817.025879, -223.999283, 1, 0, 0, 0, 4.00
M, 107091667, 3, -211.822998, 810.050720, -161.401169, 1, 0, 0, 0, 4.00
M, 107091667, 4, -268.178772, 816.508118, -175.047470, 1, 0, 0, 0, 3.32
M, 107091667, 5, -176.451797, 810.658813, -162.366760, 1, 0, 0, 0, 4.00
M, 107091667, 6, -152.792175, 811.609009, -163.451279, 1, 0, 0, 0, 4.00
M, 107091667, 7, -130.017548, 811.064026, -167.785248, 1, 0, 0, 0, 4.00
M, 107092708, 0, -313.142120, 818.590820, -181.396027, 1, 0, 0, 0, 4.00
M, 107092708, 1, -240.761765, 809.957764, -165.908386, 1, 0, 0, 0, 3.34
M, 107092708, 2, -316.093323, 817.024597, -223.998032, 1, 0, 0, 0, 4.00
M, 107092708, 3, -211.822174, 810.049255, -161.399506, 1, 0, 0, 0, 4.00
M, 107092708, 4, -268.174835, 816.508240, -175.042709, 1, 0, 0, 0, 4.00
M, 107092708, 5, -176.453156, 810.649536, -162.367661, 1, 0, 0, 0, 3.34
M, 107092708, 6, -152.791824, 811.608582, -163.448410, 1, 0, 0, 0, 4.00
M, 107092708, 7, -130.018494, 811.062317, -167.785248, 1, 0, 0, 0, 4.00
M, 107093750, 0, -313.142914, 818.590881, -181.397339, 1, 0, 0, 0, 4.00
M, 107093750, 1, -240.761169, 809.959412, -165.907547, 1, 0, 0, 0, 4.00
M, 107093750, 2, -316.096741, 817.019531, -223.990967, 1, 0, 0, 0, 3.55
M, 107093750, 3, -211.821304, 810.047668, -161.397827, 1, 0, 0, 0, 4.00
M, 107093750, 4, -268.173279, 816.509033, -175.043121, 1, 0, 0, 0, 4.00
M, 107093750, 5, -176.452179, 810.649353, -162.365753, 1, 0, 0, 0, 4.00
M, 107093750, 6, -152.790833, 811.603271, -163.457535, 1, 0, 0, 0, 3.52
M, 107093750, 7, -130.019455, 811.060669, -167.785248, 1, 0, 0, 0, 4.00
M, 107094792, 0, -313.143677, 818.590881, -181.398682, 1, 0, 0, 0, 4.00
M, 107094792, 1, -240.761093, 809.957886, -165.907104, 1, 0, 0, 0, 4.00
M, 107094792, 2, -316.096680, 817.018921, -223.990631, 1, 0, 0, 0, 4.00
M, 107094792, 3, -211.822998, 810.059937, -161.400284, 1, 0, 0, 0, 3.79
M, 107094792, 4, -268.171753, 816.510071, -175.043549, 1, 0, 0, 0, 4.00
M, 107094792, 5, -176.451706, 810.647156, -162.364471, 1, 0, 0, 0, 4.00
M, 107094792, 6, -152.790573, 811.603638, -163.452652, 1, 0, 0, 0, 4.00
M, 107094792, 7, -130.009674, 811.060303, -167.775742, 1, 0, 0, 0, 3.07
M, 107095833, 0, -313.137238, 818.591919, -181.390839, 1, 0, 0, 0, 3.57
M, 107095833, 1, -240.761032, 809.956421, -165.906662, 1, 0, 0, 0, 4.00
M, 107095833, 2, -316.097443, 817.017395, -223.988724, 1, 0, 0, 0, 4.00
M, 107095833, 3, -211.821747, 810.056091, -161.397949, 1, 0, 0, 0, 4.00
M, 107095833, 4, -268.188904, 816.484070, -175.042587, 1, 0, 0, 0, 3.32
M, 107095833, 5, -176.451279, 810.644836, -162.363190, 1, 0, 0, 0, 4.00
M, 107095833, 6, -152.790207, 811.602539, -163.451065, 1, 0, 0, 0, 4.00
M, 107095833, 7, -130.012451, 811.058350, -167.777313, 1, 0, 0, 0, 4.00
M, 107096875, 0, -313.139160, 818.591858, -181.393646, 1, 0, 0, 0, 4.00
M, 107096875, 1, -240.767319, 809.965027, -165.911758, 1, 0, 0, 0, 3.34
M, 107096875, 2, -316.098175, 817.015747, -223.986847, 1, 0, 0, 0, 4.00
M, 107096875, 3, -211.821152, 810.055969, -161.396698, 1, 0, 0, 0, 4.00
M, 107096875, 4, -268.184265, 816.489380, -175.043274, 1, 0, 0, 0, 4.00
M, 107096875, 5, -176.453018, 810.654724, -162.368622, 1, 0, 0, 0, 3.34
M, 107096875, 6, -152.789795, 811.601563, -163.449432, 1, 0, 0, 0, 4.00
M, 107096875, 7, -130.012177, 811.056824, -167.776245, 1, 0, 0, 0, 4.00
M, 107097917, 0, -313.139160, 818.592041, -181.393936, 1, 0, 0, 0, 4.00
M, 107097917, 1, -240.766159, 809.961792, -165.910385, 1, 0, 0, 0, 4.00
M, 107097917, 2, -316.108582, 817.014648, -224.000107, 1, 0, 0, 0, 3.55
M, 107097917, 3, -211.820557, 810.055908, -161.395508, 1, 0, 0, 0, 4.00
M, 107097917, 4, -268.184723, 816.487427, -175.043518, 1, 0, 0, 0, 4.00
M, 107097917, 5, -176.452148, 810.650452, -162.366196, 1, 0, 0, 0, 4.00
M, 107097917, 6, -152.783829, 811.609375, -163.460815, 1, 0, 0, 0, 3.52
M, 107097917, 7, -130.011993, 811.055359, -167.775238, 1, 0, 0, 0, 4.00
M, 107098958, 0, -313.139099, 818.592163, -181.394272, 1, 0, 0, 0, 4.00
M, 107098958, 1, -240.766785, 809.961548, -165.910568, 1, 0, 0, 0, 4.00
M, 107098958, 2, -316.107758, 817.012878, -223.995697, 1, 0, 0, 0, 4.00
M, 107098958, 3, -211.826874, 810.041626, -161.400848, 1, 0, 0, 0, 3.79
M, 107098958, 4, -268.185272, 816.485352, -175.043808, 1, 0, 0, 0, 4.00
M, 107098958, 5, -176.451935, 810.649536, -162.365631, 1, 0, 0, 0, 4.00
M, 107098958, 6, -152.784393, 811.606873, -163.457123, 1, 0, 0, 0, 4.00
M, 107098958, 7, -130.010574, 811.058960, -167.771423, 1, 0, 0, 0, 3.07
M, 107100000, 0, -313.128174, 818.587463, -181.378265, 1, 0, 0, 0, 3.57
M, 107100000, 1, -240.767319, 809.961243, -165.910675, 1, 0, 0, 0, 4.00
M, 107100000, 2, -316.109497, 817.011292, -223.995407, 1, 0, 0, 0, 4.00
M, 107100000, 3, -211.825119, 810.043945, -161.398544, 1, 0, 0, 0, 4.00
M, 107100000, 4, -268.174774, 816.495117, -175.045120, 1, 0, 0, 0, 3.32
M, 107100000, 5, -176.451706, 810.648682, -162.365097, 1, 0, 0, 0, 4.00
M, 107100000, 6, -152.783356, 811.606812, -163.456940, 1, 0, 0, 0, 4.00
M, 107100000, 7, -130.010574, 811.056580, -167.770828, 1, 0, 0, 0, 4.00
M, 107101042, 0, -313.129913, 818.588440, -181.381271, 1, 0, 0, 0, 4.00
M, 107101042, 1, -240.751785, 809.964355, -165.915268, 1, 0, 0, 0, 3.34
M, 107101042, 2, -316.111267, 817.009827, -223.995163, 1, 0, 0, 0, 4.00
M, 107101042, 3, -211.825333, 810.042358, -161.398010, 1, 0, 0, 0, 4.00
M, 107101042, 4, -268.177032, 816.491211, -175.045212, 1, 0, 0, 0, 4.00
M, 107101042, 5, -176.442581, 810.657288, -162.371506, 1, 0, 0, 0, 3.34
M, 107101042, 6, -152.782394, 811.606689, -163.456787, 1, 0, 0, 0, 4.00
M, 107101042, 7, -130.010208, 811.055603, -167.769516, 1, 0, 0, 0, 4.00
M, 107102083, 0, -313.128662, 818.588135, -181.379807, 1, 0, 0, 0, 4.00
M, 107102083, 1, -240.755066, 809.963562, -165.914703, 1, 0, 0, 0, 4.00
M, 107102083, 2, -316.086609, 817.017029, -224.003922, 1, 0, 0, 0, 3.55
M, 107102083, 3, -211.825470, 810.040771, -161.397537, 1, 0, 0, 0, 4.00
M, 107102083, 4, -268.176331, 816.490479, -175.045624, 1, 0, 0, 0, 4.00
M, 107102083, 5, -176.443893, 810.654602, -162.369812, 1, 0, 0, 0, 4.00
M, 107102083, 6, -152.792587, 811.602356, -163.469986, 1, 0, 0, 0, 3.52
M, 107102083, 7, -130.009857, 811.054688, -167.768143, 1, 0, 0, 0, 4.00
M, 107103125, 0, -313.127472, 818.587769, -181.378326, 1, 0, 0, 0, 4.00
M, 107103125, 1, -240.753906, 809.963501, -165.915359, 1, 0, 0, 0, 4.00
M, 107103125, 2, -316.092804, 817.014038, -224.002228, 1, 0, 0, 0, 4.00
M, 107103125, 3, -211.823654, 810.045715, -161.408981, 1, 0, 0, 0, 3.79
M, 107103125, 4, -268.175629, 816.489929, -175.045990, 1, 0, 0, 0, 4.00
M, 107103125, 5, -176.442703, 810.654663, -162.370041, 1, 0, 0, 0, 4.00
M, 107103125, 6, -152.789734, 811.603027, -163.467636, 1, 0, 0, 0, 4.00
M, 107103125, 7, -130.001801, 811.072815, -167.775620, 1, 0, 0, 0, 3.07
M, 107104167, 0, -313.138153, 818.583008, -181.391937, 1, 0, 0, 0, 3.57
M, 107104167, 1, -240.752777, 809.963501, -165.915985, 1, 0, 0, 0, 4.00
M, 107104167, 2, -316.091614, 817.013489, -224.002914, 1, 0, 0, 0, 4.00
M, 107104167, 3, -211.824188, 810.042969, -161.406509, 1, 0, 0, 0, 4.00
M, 107104167, 4, -268.189728, 816.477173, -175.040680, 1, 0, 0, 0, 3.32
M, 107104167, 5, -176.441544, 810.654785, -162.370255, 1, 0, 0, 0, 4.00
M, 107104167, 6, -152.789978, 811.602539, -163.468948, 1, 0, 0, 0, 4.00
M, 107104167, 7, -130.002701, 811.068787, -167.772812, 1, 0, 0, 0, 4.00
M, 107105208, 0, -313.134857, 818.583557, -181.387985, 1, 0, 0, 0, 4.00
M, 107105208, 1, -240.772446, 809.964783, -165.926300, 1, 0, 0, 0, 3.34
M, 107105208, 2, -316.090546, 817.012878, -224.003632, 1, 0, 0, 0, 4.00
M, 107105208, 3, -211.824142, 810.042175, -161.407318, 1, 0, 0, 0, 4.00
M, 107105208, 4, -268.186646, 816.478333, -175.042053, 1, 0, 0, 0, 4.00
M, 107105208, 5, -176.456589, 810.652832, -162.380600, 1, 0, 0, 0, 3.34
M, 107105208, 6, -152.790146, 811.602051, -163.470230, 1, 0, 0, 0, 4.00
M, 107105208, 7, -130.001511, 811.069946, -167.772430, 1, 0, 0, 0, 4.00
M, 107106250, 0, -313.134979, 818.582520, -181.388153, 1, 0, 0, 0, 4.00
M, 107106250, 1, -240.767792, 809.964539, -165.925308, 1, 0, 0, 0, 4.00
M, 107106250, 2, -316.104950, 817.011658, -224.019516, 1, 0, 0, 0, 3.55
M, 107106250, 3, -211.824142, 810.041199, -161.408112, 1, 0, 0, 0, 4.00
M, 107106250, 4, -268.187531, 816.476318, -175.041809, 1, 0, 0, 0, 4.00
M, 107106250, 5, -176.452774, 810.653137, -162.379166, 1, 0, 0, 0, 4.00
M, 107106250, 6, -152.800812, 811.591553, -163.482025, 1, 0, 0, 0, 3.52
M, 107106250, 7, -130.000381, 811.070984, -167.772079, 1, 0, 0, 0, 4.00
M, 107107292, 0, -313.135101, 818.581665, -181.388336, 1, 0, 0, 0, 4.00
M, 107107292, 1, -240.768921, 809.964844, -165.927017, 1, 0, 0, 0, 4.00
M, 107107292, 2, -316.101318, 817.011108, -224.017761, 1, 0, 0, 0, 4.00
M, 107107292, 3, -211.821396, 810.052673, -161.418488, 1, 0, 0, 0, 3.96
M, 107107292, 4, -268.188416, 816.474121, -175.041611, 1, 0, 0, 0, 4.00
M, 107107292, 5, -176.453339, 810.652954, -162.380478, 1, 0, 0, 0, 4.00
M, 107107292, 6, -152.799332, 811.592712, -163.481613, 1, 0, 0, 0, 4.00
M, 107107292, 7, -130.020523, 811.070129, -167.784348, 1, 0, 0, 0, 3.07
M, 107108333, 0, -313.137665, 818.585999, -181.384338, 1, 0, 0, 0, 3.57
M, 107108333, 1, -240.770004, 809.965027, -165.928680, 1, 0, 0, 0, 4.00
M, 107108333, 2, -316.101929, 817.010376, -224.020142, 1, 0, 0, 0, 4.00
M, 107108333, 3, -211.821808, 810.049683, -161.417740, 1, 0, 0, 0, 4.00
M, 107108333, 4, -268.173004, 816.494141, -175.047470, 1, 0, 0, 0, 3.32
M, 107108333, 5, -176.453934, 810.652832, -162.381821, 1, 0, 0, 0, 4.00
M, 107108333, 6, -152.800644, 811.591248, -163.484024, 1, 0, 0, 0, 4.00
M, 107108333, 7, -130.015869, 811.071594, -167.781906, 1, 0, 0, 0, 4.00
M, 107109375, 0, -313.137238, 818.584290, -181.385178, 1, 0, 0, 0, 4.00
M, 107109375, 1, -240.765167, 809.971741, -165.921112, 1, 0, 0, 0, 3.34
M, 107109375, 2, -316.102570, 817.009583, -224.022583, 1, 0, 0, 0, 4.00
M, 107109375, 3, -211.821518, 810.050110, -161.419586, 1, 0, 0, 0, 4.00
M, 107109375, 4, -268.176636, 816.488281, -175.046249, 1, 0, 0, 0, 4.00
M, 107109375, 5, -176.449677, 810.656311, -162.378204, 1, 0, 0, 0, 3.34
M, 107109375, 6, -152.802017, 811.589600, -163.486496, 1, 0, 0, 0, 4.00
M, 107109375, 7, -130.016998, 811.072449, -167.782928, 1, 0, 0, 0, 4.00
M, 107110417, 0, -313.137604, 818.584106, -181.384933, 1, 0, 0, 0, 4.00
M, 107110417, 1, -240.767288, 809.970764, -165.924332, 1, 0, 0, 0, 4.00
M, 107110417, 2, -316.092926, 817.020996, -224.012207, 1, 0, 0, 0, 3.55
M, 107110417, 3, -211.821182, 810.050537, -161.421432, 1, 0, 0, 0, 4.00
M, 107110417, 4, -268.175720, 816.488647, -175.046677, 1, 0, 0, 0, 4.00
M, 107110417, 5, -176.451050, 810.655701, -162.380356, 1, 0, 0, 0, 4.00
M, 107110417, 6, -152.785980, 811.604309, -163.477890, 1, 0, 0, 0, 3.52
M, 107110417, 7, -130.018204, 811.073303, -167.783936, 1, 0, 0, 0, 4.00
M, 107111458, 0, -313.138092, 818.583618, -181.384705, 1, 0, 0, 0, 4.00
M, 107111458, 1, -240.767670, 809.971619, -165.924988, 1, 0, 0, 0, 4.00
M, 107111458, 2, -316.095184, 817.018372, -224.016678, 1, 0, 0, 0, 4.00
M, 107111458, 3, -211.824554, 810.053467, -161.419052, 1, 0, 0, 0, 3.79
M, 107111458, 4, -268.174835, 816.489075, -175.047058, 1, 0, 0, 0, 4.00
M, 107111458, 5, -176.451111, 810.655945, -162.381134, 1, 0, 0, 0, 4.00
M, 107111458, 6, -152.790207, 811.600037, -163.482147, 1, 0, 0, 0, 4.00
M, 107111458, 7, -130.008957, 811.078552, -167.789001, 1, 0, 0, 0, 3.07
M, 107112500, 0, -313.141174, 818.580261, -181.384277, 1, 0, 0, 0, 3.57
M, 107112500, 1, -240.768143, 809.972534, -165.925644, 1, 0, 0, 0, 4.00
M, 107112500, 2, -316.094696, 817.019043, -224.017639, 1, 0, 0, 0, 4.00
M, 107112500, 3, -211.823593, 810.053589, -161.421616, 1, 0, 0, 0, 4.00
M, 107112500, 4, -268.194031, 816.483398, -175.062317, 1, 0, 0, 0, 3.32
M, 107112500, 5, -176.451202, 810.656128, -162.381912, 1, 0, 0, 0, 4.00
M, 107112500, 6, -152.789673, 811.600220, -163.483398, 1, 0, 0, 0, 4.00
M, 107112500, 7, -130.011826, 811.078674, -167.789337, 1, 0, 0, 0, 4.00
M, 107113542, 0, -313.141052, 818.580444, -181.384018, 1, 0, 0, 0, 4.00
M, 107113542, 1, -240.767197, 809.964050, -165.931549, 1, 0, 0, 0, 3.68
M, 107113542, 2, -316.094238, 817.019592, -224.018646, 1, 0, 0, 0, 4.00
M, 107113542, 3, -211.823654, 810.054199, -161.422989, 1, 0, 0, 0, 4.00
M, 107113542, 4, -268.189850, 816.484741, -175.060287, 1, 0, 0, 0, 4.00
M, 107113542, 5, -176.461624, 810.651123, -162.390289, 1, 0, 0, 0, 3.34
M, 107113542, 6, -152.789169, 811.600403, -163.484650, 1, 0, 0, 0, 4.00
M, 107113542, 7, -130.011871, 811.080078, -167.790817, 1, 0, 0, 0, 4.00
M, 107114583, 0, -313.141663, 818.579895, -181.383682, 1, 0, 0, 0, 4.00
M, 107114583, 1, -240.767883, 809.966492, -165.931366, 1, 0, 0, 0, 4.00
M, 107114583, 2, -316.108185, 817.017883, -224.024796, 1, 0, 0, 0, 3.55
M, 107114583, 3, -211.823746, 810.054993, -161.424362, 1, 0, 0, 0, 4.00
M, 107114583, 4, -268.191223, 816.484253, -175.062378, 1, 0, 0, 0, 4.00
M, 107114583, 5, -176.459991, 810.652283, -162.389801, 1, 0, 0, 0, 4.00
M, 107114583, 6, -152.799652, 811.595947, -163.488937, 1, 0, 0, 0, 3.52
M, 107114583, 7, -130.011871, 811.081421, -167.792282, 1, 0, 0, 0, 4.00
M, 107115625, 0, -313.142365, 818.579163, -181.383392, 1, 0, 0, 0, 4.00
M, 107115625, 1, -240.768143, 809.966370, -165.932556, 1, 0, 0, 0, 4.00
M, 107115625, 2, -316.105255, 817.018860, -224.024902, 1, 0, 0, 0, 4.00
M, 107115625, 3, -211.829086, 810.044556, -161.421860, 1, 0, 0, 0, 3.79
M, 107115625, 4, -268.192535, 816.484070, -175.064407, 1, 0, 0, 0, 4.00
M, 107115625, 5, -176.461182, 810.651978, -162.391449, 1, 0, 0, 0, 4.00
M, 107115625, 6, -152.797302, 811.596802, -163.489716, 1, 0, 0, 0, 4.00
M, 107115625, 7, -130.018799, 811.072266, -167.782211, 1, 0, 0, 0, 3.07
M, 107116667, 0, -313.135590, 818.590332, -181.383957, 1, 0, 0, 0, 3.57
M, 107116667, 1, -240.768448, 809.966248, -165.933807, 1, 0, 0, 0, 4.00
M, 107116667, 2, -316.106262, 817.019287, -224.026459, 1, 0, 0, 0, 4.00
M, 107116667, 3, -211.828339, 810.046997, -161.423935, 1, 0, 0, 0, 4.00
M, 107116667, 4, -268.193329, 816.485474, -175.067856, 1, 0, 0, 0, 3.32
M, 107116667, 5, -176.462341, 810.651733, -162.393021, 1, 0, 0, 0, 4.00
M, 107116667, 6, -152.797958, 811.596436, -163.491302, 1, 0, 0, 0, 4.00
M, 107116667, 7, -130.017654, 811.075378, -167.785538, 1, 0, 0, 0, 4.00
M, 107117708, 0, -313.137482, 818.587646, -181.383514, 1, 0, 0, 0, 4.00
M, 107117708, 1, -240.754349, 809.970276, -165.925247, 1, 0, 0, 0, 3.34
M, 107117708, 2, -316.107330, 817.019775, -224.027954, 1, 0, 0, 0, 4.00
M, 107117708, 3, -211.828964, 810.046509, -161.424896, 1, 0, 0, 0, 4.00
M, 107117708, 4, -268.194763, 816.484985, -175.069702, 1, 0, 0, 0, 4.00
M, 107117708, 5, -176.457245, 810.646240, -162.379135, 1, 0, 0, 0, 3.34
M, 107117708, 6, -152.798615, 811.596191, -163.492874, 1, 0, 0, 0, 4.00
M, 107117708, 7, -130.018402, 811.075623, -167.785721, 1, 0, 0, 0, 4.00
M, 107118750, 0, -313.137360, 818.588257, -181.383362, 1, 0, 0, 0, 4.00
M, 107118750, 1, -240.757004, 809.969482, -165.928085, 1, 0, 0, 0, 4.00
M, 107118750, 2, -316.091492, 817.012390, -224.010925, 1, 0, 0, 0, 3.55
M, 107118750, 3, -211.829681, 810.045959, -161.425842, 1, 0, 0, 0, 4.00
M, 107118750, 4, -268.195953, 816.484863, -175.071915, 1, 0, 0, 0, 4.00
M, 107118750, 5, -176.459503, 810.646912, -162.383331, 1, 0, 0, 0, 4.00
M, 107118750, 6, -152.803864, 811.594849, -163.482742, 1, 0, 0, 0, 3.52
M, 107118750, 7, -130.019150, 811.075867, -167.785904, 1, 0, 0, 0, 4.00
M, 107119792, 0, -313.137177, 818.588867, -181.383148, 1, 0, 0, 0, 4.00
M, 107119792, 1, -240.755722, 809.969788, -165.928268, 1, 0, 0, 0, 4.00
M, 107119792, 2, -316.095306, 817.014160, -224.015549, 1, 0, 0, 0, 4.00
M, 107119792, 3, -211.828720, 810.052490, -161.418106, 1, 0, 0, 0, 3.79
M, 107119792, 4, -268.197205, 816.484802, -175.074127, 1, 0, 0, 0, 4.00
M, 107119792, 5, -176.460052, 810.645874, -162.383255, 1, 0, 0, 0, 4.00
M, 107119792, 6, -152.803802, 811.594788, -163.486267, 1, 0, 0, 0, 4.00
M, 107119792, 7, -130.012115, 811.075195, -167.784714, 1, 0, 0, 0, 3.07
M, 107120833, 0, -313.134369, 818.589050, -181.380417, 1, 0, 0, 0, 3.57
M, 107120833, 1, -240.754471, 809.970093, -165.928436, 1, 0, 0, 0, 4.00
M, 107120833, 2, -316.094574, 817.013672, -224.015137, 1, 0, 0, 0, 4.00
M, 107120833, 3, -211.829620, 810.050720, -161.420517, 1, 0, 0, 0, 4.00
M, 107120833, 4, -268.185913, 816.501160, -175.055466, 1, 0, 0, 0, 3.32
M, 107120833, 5, -176.460556, 810.645081, -162.383194, 1, 0, 0, 0, 4.00
M, 107120833, 6, -152.804901, 811.594360, -163.486557, 1, 0, 0, 0, 4.00
M, 107120833, 7, -130.014175, 811.075500, -167.785126, 1, 0, 0, 0, 4.00
M, 107121875, 0, -313.134674, 818.589722, -181.380646, 1, 0, 0, 0, 4.00
M, 107121875, 1, -240.760101, 809.967529, -165.917572, 1, 0, 0, 0, 3.68
M, 107121875, 2, -316.093750, 817.013245, -224.014648, 1, 0, 0, 0, 4.00
M, 107121875, 3, -211.830093, 810.051025, -161.420486, 1, 0, 0, 0, 4.00
M, 107121875, 4, -268.189270, 816.498352, -175.061127, 1, 0, 0, 0, 4.00
M, 107121875, 5, -176.456024, 810.646851, -162.378540, 1, 0, 0, 0, 3.34
M, 107121875, 6, -152.806061, 811.593994, -163.486862, 1, 0, 0, 0, 4.00
M, 107121875, 7, -130.014084, 811.075623, -167.785156, 1, 0, 0, 0, 4.00
M, 107122917, 0, -313.134277, 818.590149, -181.380173, 1, 0, 0, 0, 4.00
M, 107122917, 1, -240.757660, 809.968323, -165.919556, 1, 0, 0, 0, 4.00
M, 107122917, 2, -316.115692, 817.011841, -224.008224, 1, 0, 0, 0, 3.55
M, 107122917, 3, -211.830566, 810.051270, -161.420517, 1, 0, 0, 0, 4.00
M, 107122917, 4, -268.189148, 816.500061, -175.061066, 1, 0, 0, 0, 4.00
M, 107122917, 5, -176.457336, 810.645569, -162.379196, 1, 0, 0, 0, 4.00
M, 107122917, 6, -152.794434, 811.606995, -163.468674, 1, 0, 0, 0, 3.52
M, 107122917, 7, -130.014023, 811.075745, -167.785187, 1, 0, 0, 0, 4.00
M, 107123958, 0, -313.133789, 818.590759, -181.379700, 1, 0, 0, 0, 4.00
M, 107123958, 1, -240.757187, 809.968262, -165.918518, 1, 0, 0, 0, 4.00
M, 107123958, 2, -316.111145, 817.011536, -224.008698, 1, 0, 0, 0, 4.00
M, 107123958, 3, -211.837433, 810.043213, -161.421173, 1, 0, 0, 0, 3.79
M, 107123958, 4, -268.188965, 816.501892, -175.060944, 1, 0, 0, 0, 4.00
M, 107123958, 5, -176.457367, 810.644897, -162.378662, 1, 0, 0, 0, 4.00
M, 107123958, 6, -152.797653, 811.604431, -163.472046, 1, 0, 0, 0, 4.00
M, 107123958, 7, -130.008896, 811.085938, -167.773743, 1, 0, 0, 0, 3.07
M, 107125000, 0, -313.138794, 818.593323, -181.395645, 1, 0, 0, 0, 3.57
M, 107125000, 1, -240.756653, 809.968201, -165.917480, 1, 0, 0, 0, 4.00
M, 107125000, 2, -316.112823, 817.010986, -224.007629, 1, 0, 0, 0, 4.00
M, 107125000, 3, -211.836868, 810.044800, -161.421082, 1, 0, 0, 0, 4.00
M, 107125000, 4, -268.196655, 816.493774, -175.060349, 1, 0, 0, 0, 3.60
M, 107125000, 5, -176.457306, 810.644226, -162.378098, 1, 0, 0, 0, 4.00
M, 107125000, 6, -152.797485, 811.605530, -163.470322, 1, 0, 0, 0, 4.00
M, 107125000, 7, -130.009674, 811.084290, -167.775711, 1, 0, 0, 0, 4.00
M, 107126042, 0, -313.137482, 818.593506, -181.392456, 1, 0, 0, 0, 4.00
M, 107126042, 1, -240.768661, 809.954346, -165.920395, 1, 0, 0, 0, 3.68
M, 107126042, 2, -316.114563, 817.010437, -224.006485, 1, 0, 0, 0, 4.00
M, 107126042, 3, -211.838028, 810.044067, -161.421143, 1, 0, 0, 0, 4.00
M, 107126042, 4, -268.195221, 816.497009, -175.060379, 1, 0, 0, 0, 4.00
M, 107126042, 5, -176.465652, 810.648987, -162.376724, 1, 0, 0, 0, 3.34
M, 107126042, 6, -152.797211, 811.606567, -163.468613, 1, 0, 0, 0, 4.00
M, 107126042, 7, -130.009079, 811.085449, -167.774521, 1, 0, 0, 0, 4.00
M, 107127083, 0, -313.137604, 818.594299, -181.393768, 1, 0, 0, 0, 4.00
M, 107127083, 1, -240.766068, 809.956604, -165.918701, 1, 0, 0, 0, 4.00
M, 107127083, 2, -316.116577, 817.016357, -224.010986, 1, 0, 0, 0, 3.55
M, 107127083, 3, -211.839157, 810.043518, -161.421234, 1, 0, 0, 0, 4.00
M, 107127083, 4, -268.196045, 816.497620, -175.060257, 1, 0, 0, 0, 4.00
M, 107127083, 5, -176.464249, 810.647583, -162.376282, 1, 0, 0, 0, 4.00
M, 107127083, 6, -152.799271, 811.604065, -163.470322, 1, 0, 0, 0, 3.52
M, 107127083, 7, -130.008423, 811.086731, -167.773270, 1, 0, 0, 0, 4.00
M, 107128125, 0, -313.137726, 818.595032, -181.395065, 1, 0, 0, 0, 4.00
M, 107128125, 1, -240.766891, 809.955200, -165.918076, 1, 0, 0, 0, 4.00
M, 107128125, 2, -316.118195, 817.014832, -224.008911, 1, 0, 0, 0, 4.00
M, 107128125, 3, -211.829559, 810.048584, -161.401169, 1, 0, 0, 0, 3.79
M, 107128125, 4, -268.196777, 816.498230, -175.060120, 1, 0, 0, 0, 4.00
M, 107128125, 5, -176.465118, 810.647766, -162.375626, 1, 0, 0, 0, 4.00
M, 107128125, 6, -152.798676, 811.605713, -163.468018, 1, 0, 0, 0, 4.00
M, 107128125, 7, -130.011856, 811.074097, -167.763672, 1, 0, 0, 0, 3.07
M, 107129167, 0, -313.141846, 818.586304, -181.392059, 1, 0, 0, 0, 3.57
M, 107129167, 1, -240.767792, 809.953613, -165.917511, 1, 0, 0, 0, 4.00
M, 107129167, 2, -316.119873, 817.015015, -224.008392, 1, 0, 0, 0, 4.00
M, 107129167, 3, -211.832474, 810.046997, -161.404541, 1, 0, 0, 0, 4.00
M, 107129167, 4, -268.181274, 816.503113, -175.051468, 1, 0, 0, 0, 3.32
M, 107129167, 5, -176.465973, 810.647766, -162.374939, 1, 0, 0, 0, 4.00
M, 107129167, 6, -152.798676, 811.606384, -163.466705, 1, 0, 0, 0, 4.00
M, 107129167, 7, -130.010544, 811.077637, -167.763855, 1, 0, 0, 0, 4.00
M, 107130208, 0, -313.141296, 818.588684, -181.394058, 1, 0, 0, 0, 4.00
M, 107130208, 1, -240.770386, 809.954956, -165.922668, 1, 0, 0, 0, 3.68
M, 107130208, 2, -316.121582, 817.015198, -224.007919, 1, 0, 0, 0, 4.00
M, 107130208, 3, -211.832504, 810.046936, -161.402420, 1, 0, 0, 0, 4.00
M, 107130208, 4, -268.184723, 816.503052, -175.052719, 1, 0, 0, 0, 4.00
M, 107130208, 5, -176.453278, 810.661926, -162.369324, 1, 0, 0, 0, 3.34
M, 107130208, 6, -152.798676, 811.606995, -163.465347, 1, 0, 0, 0, 4.00
M, 107130208, 7, -130.010330, 811.077454, -167.761703, 1, 0, 0, 0, 4.00
M, 107131250, 0, -313.141907, 818.588440, -181.394928, 1, 0, 0, 0, 4.00
M, 107131250, 1, -240.770920, 809.952942, -165.921112, 1, 0, 0, 0, 4.00
M, 107131250, 2, -316.111450, 817.023376, -224.001785, 1, 0, 0, 0, 3.55
M, 107131250, 3, -211.832535, 810.046875, -161.400314, 1, 0, 0, 0, 4.00
M, 107131250, 4, -268.183655, 816.504150, -175.051651, 1, 0, 0, 0, 4.00
M, 107131250, 5, -176.456406, 810.659485, -162.369507, 1, 0, 0, 0, 4.00
M, 107131250, 6, -152.801208, 811.613525, -163.467072, 1, 0, 0, 0, 3.52
M, 107131250, 7, -130.010147, 811.077209, -167.759552, 1, 0, 0, 0, 4.00
M, 107132292, 0, -313.142426, 818.588196, -181.395782, 1, 0, 0, 0, 4.00
M, 107132292, 1, -240.771957, 809.951721, -165.921112, 1, 0, 0, 0, 4.00
M, 107132292, 2, -316.115143, 817.022156, -224.002167, 1, 0, 0, 0, 4.00
M, 107132292, 3, -211.828186, 810.057983, -161.412735, 1, 0, 0, 0, 3.79
M, 107132292, 4, -268.182648, 816.505127, -175.050598, 1, 0, 0, 0, 4.00
M, 107132292, 5, -176.455780, 810.661072, -162.368256, 1, 0, 0, 0, 4.00
M, 107132292, 6, -152.800812, 811.613098, -163.465225, 1, 0, 0, 0, 4.00
M, 107132292, 7, -130.009201, 811.073669, -167.774582, 1, 0, 0, 0, 3.07
M, 107133333, 0, -313.132111, 818.592529, -181.387146, 1, 0, 0, 0, 3.57
M, 107133333, 1, -240.773010, 809.950500, -165.921143, 1, 0, 0, 0, 4.00
M, 107133333, 2, -316.115570, 817.023132, -224.001068, 1, 0, 0, 0, 4.00
M, 107133333, 3, -211.828903, 810.055969, -161.408234, 1, 0, 0, 0, 4.00
M, 107133333, 4, -268.176025, 816.512512, -175.044205, 1, 0, 0, 0, 3.32
M, 107133333, 5, -176.455185, 810.662598, -162.367065, 1, 0, 0, 0, 4.00
M, 107133333, 6, -152.801086, 811.614441, -163.464172, 1, 0, 0, 0, 4.00
M, 107133333, 7, -130.009140, 811.073914, -167.769608, 1, 0, 0, 0, 4.00
M, 107134375, 0, -313.134491, 818.591675, -181.389587, 1, 0, 0, 0, 4.00
M, 107134375, 1, -240.755157, 809.969604, -165.908600, 1, 0, 0, 0, 3.34
M, 107134375, 2, -316.116058, 817.024109, -223.999939, 1, 0, 0, 0, 4.00
M, 107134375, 3, -211.828430, 810.057373, -161.407700, 1, 0, 0, 0, 4.00
M, 107134375, 4, -268.175964, 816.512634, -175.044022, 1, 0, 0, 0, 4.00
M, 107134375, 5, -176.443771, 810.660645, -162.356277, 1, 0, 0, 0, 3.34
M, 107134375, 6, -152.801392, 811.615601, -163.463196, 1, 0, 0, 0, 4.00
M, 107134375, 7, -130.008865, 811.073303, -167.769333, 1, 0, 0, 0, 4.00
M, 107135417, 0, -313.133850, 818.591980, -181.389404, 1, 0, 0, 0, 4.00
M, 107135417, 1, -240.759323, 809.964905, -165.910675, 1, 0, 0, 0, 4.00
M, 107135417, 2, -316.096558, 817.020813, -224.001190, 1, 0, 0, 0, 3.55
M, 107135417, 3, -211.827988, 810.058472, -161.407196, 1, 0, 0, 0, 4.00
M, 107135417, 4, -268.174377, 816.514465, -175.042374, 1, 0, 0, 0, 4.00
M, 107135417, 5, -176.444901, 810.662842, -162.356689, 1, 0, 0, 0, 4.00
M, 107135417, 6, -152.788712, 811.613953, -163.463470, 1, 0, 0, 0, 3.52
M, 107135417, 7, -130.008606, 811.072632, -167.769058, 1, 0, 0, 0, 4.00
M, 107136458, 0, -313.133179, 818.592285, -181.389206, 1, 0, 0, 0, 4.00
M, 107136458, 1, -240.758316, 809.966064, -165.909363, 1, 0, 0, 0, 4.00
M, 107136458, 2, -316.100250, 817.022705, -223.999634, 1, 0, 0, 0, 4.00
M, 107136458, 3, -211.823364, 810.047974, -161.401703, 1, 0, 0, 0, 3.79
M, 107136458, 4, -268.172699, 816.516357, -175.040741, 1, 0, 0, 0, 4.00
M, 107136458, 5, -176.443115, 810.664001, -162.354431, 1, 0, 0, 0, 4.00
M, 107136458, 6, -152.791199, 811.615662, -163.462234, 1, 0, 0, 0, 4.00
M, 107136458, 7, -129.991318, 811.078552, -167.769608, 1, 0, 0, 0, 3.07
M, 107137500, 0, -313.130157, 818.586304, -181.388458, 1, 0, 0, 0, 3.57
M, 107137500, 1, -240.757248, 809.967102, -165.908005, 1, 0, 0, 0, 4.00
M, 107137500, 2, -316.098511, 817.023132, -223.998795, 1, 0, 0, 0, 4.00
M, 107137500, 3, -211.823547, 810.051147, -161.401947, 1, 0, 0, 0, 4.00
M, 107137500, 4, -268.182098, 816.506775, -175.054337, 1, 0, 0, 0, 3.32
M, 107137500, 5, -176.441330, 810.665161, -162.352158, 1, 0, 0, 0, 4.00
M, 107137500, 6, -152.790024, 811.616638, -163.461411, 1, 0, 0, 0, 4.00
M, 107137500, 7, -129.993851, 811.076904, -167.769241, 1, 0, 0, 0, 4.00
M, 107138542, 0, -313.129913, 818.587646, -181.388336, 1, 0, 0, 0, 4.00
M, 107138542, 1, -240.764572, 809.957214, -165.918610, 1, 0, 0, 0, 3.34
M, 107138542, 2, -316.096863, 817.023621, -223.997910, 1, 0, 0, 0, 4.00
M, 107138542, 3, -211.822647, 810.051086, -161.400909, 1, 0, 0, 0, 4.00
M, 107138542, 4, -268.178650, 816.510376, -175.050156, 1, 0, 0, 0, 4.00
M, 107138542, 5, -176.454117, 810.665771, -162.374817, 1, 0, 0, 0, 3.34
M, 107138542, 6, -152.788956, 811.617554, -163.460510, 1, 0, 0, 0, 4.00
M, 107138542, 7, -129.991699, 811.076965, -167.769028, 1, 0, 0, 0, 4.00
M, 107139583, 0, -313.129028, 818.587280, -181.388092, 1, 0, 0, 0, 4.00
M, 107139583, 1, -240.762161, 809.959961, -165.915268, 1, 0, 0, 0, 4.00
M, 107139583, 2, -316.098389, 817.026611, -224.004761, 1, 0, 0, 0, 3.55
M, 107139583, 3, -211.821686, 810.051025, -161.399796, 1, 0, 0, 0, 4.00
M, 107139583, 4, -268.178253, 816.510803, -175.050156, 1, 0, 0, 0, 4.00
M, 107139583, 5, -176.449921, 810.666992, -162.368439, 1, 0, 0, 0, 4.00
M, 107139583, 6, -152.794434, 811.612671, -163.471237, 1, 0, 0, 0, 3.52
M, 107139583, 7, -129.989594, 811.077026, -167.768921, 1, 0, 0, 0, 4.00
M, 107140625, 0, -313.128113, 818.586792, -181.387833, 1, 0, 0, 0, 4.00
M, 107140625, 1, -240.762039, 809.959778, -165.915207, 1, 0, 0, 0, 4.00
M, 107140625, 2, -316.096130, 817.026794, -224.002609, 1, 0, 0, 0, 4.00
M, 107140625, 3, -211.823776, 810.053711, -161.416077, 1, 0, 0, 0, 3.79
M, 107140625, 4, -268.177826, 816.511353, -175.050156, 1, 0, 0, 0, 4.00
M, 107140625, 5, -176.449768, 810.668030, -162.368912, 1, 0, 0, 0, 4.00
M, 107140625, 6, -152.792206, 811.614624, -163.468506, 1, 0, 0, 0, 4.00
M, 107140625, 7, -130.002945, 811.075867, -167.784943, 1, 0, 0, 0, 3.07
M, 107141667, 0, -313.128662, 818.593872, -181.386734, 1, 0, 0, 0, 3.57
M, 107141667, 1, -240.761887, 809.959595, -165.915176, 1, 0, 0, 0, 4.00
M, 107141667, 2, -316.094696, 817.027710, -224.002579, 1, 0, 0, 0, 4.00
M, 107141667, 3, -211.822342, 810.053223, -161.412140, 1, 0, 0, 0, 4.00
M, 107141667, 4, -268.175446, 816.503967, -175.050278, 1, 0, 0, 0, 3.32
M, 107141667, 5, -176.449554, 810.669189, -162.369385, 1, 0, 0, 0, 4.00
M, 107141667, 6, -152.791824, 811.614868, -163.468857, 1, 0, 0, 0, 4.00
M, 107141667, 7, -129.998230, 811.076111, -167.782089, 1, 0, 0, 0, 4.00
M, 107142708, 0, -313.127533, 818.592285, -181.386642, 1, 0, 0, 0, 4.00
M, 107142708, 1, -240.763138, 809.959229, -165.914764, 1, 0, 0, 0, 3.45
M, 107142708, 2, -316.093323, 817.028442, -224.002563, 1, 0, 0, 0, 4.00
M, 107142708, 3, -211.821747, 810.053406, -161.412949, 1, 0, 0, 0, 4.00
M, 107142708, 4, -268.175323, 816.505920, -175.050217, 1, 0, 0, 0, 4.00
M, 107142708, 5, -176.443420, 810.652344, -162.366882, 1, 0, 0, 0, 3.34
M, 107142708, 6, -152.791397, 811.615234, -163.469238, 1, 0, 0, 0, 4.00
M, 107142708, 7, -129.997818, 811.076111, -167.783722, 1, 0, 0, 0, 4.00
M, 107143750, 0, -313.126801, 818.592651, -181.386307, 1, 0, 0, 0, 4.00
M, 107143750, 1, -240.762787, 809.959167, -165.914795, 1, 0, 0, 0, 4.00
M, 107143750, 2, -316.087189, 817.024353, -223.999039, 1, 0, 0, 0, 3.55
M, 107143750, 3, -211.821152, 810.053650, -161.413773, 1, 0, 0, 0, 4.00
M, 107143750, 4, -268.174652, 816.505615, -175.050217, 1, 0, 0, 0, 4.00
M, 107143750, 5, -176.444199, 810.656372, -162.367844, 1, 0, 0, 0, 4.00
M, 107143750, 6, -152.776855, 811.613281, -163.466415, 1, 0, 0, 0, 3.52
M, 107143750, 7, -129.997330, 811.076050, -167.785339, 1, 0, 0, 0, 4.00
M, 107144792, 0, -313.126099, 818.592957, -181.385956, 1, 0, 0, 0, 4.00
M, 107144792, 1, -240.762817, 809.958984, -165.914703, 1, 0, 0, 0, 4.00
M, 107144792, 2, -316.086609, 817.025940, -223.999573, 1, 0, 0, 0, 4.00
M, 107144792, 3, -211.821518, 810.053467, -161.419952, 1, 0, 0, 0, 3.79
M, 107144792, 4, -268.174072, 816.505249, -175.050247, 1, 0, 0, 0, 4.00
M, 107144792, 5, -176.443359, 810.655457, -162.367996, 1, 0, 0, 0, 4.00
M, 107144792, 6, -152.778763, 811.614014, -163.467331, 1, 0, 0, 0, 4.00
M, 107144792, 7, -130.001678, 811.080505, -167.793472, 1, 0, 0, 0, 3.07
M, 107145833, 0, -313.134216, 818.585571, -181.387024, 1, 0, 0, 0, 3.57
M, 107145833, 1, -240.762848, 809.958862, -165.914612, 1, 0, 0, 0, 4.00
M, 107145833, 2, -316.084686, 817.026245, -223.999161, 1, 0, 0, 0, 4.00
M, 107145833, 3, -211.820770, 810.053772, -161.419922, 1, 0, 0, 0, 4.00
M, 107145833, 4, -268.180695, 816.507690, -175.057404, 1, 0, 0, 0, 3.32
M, 107145833, 5, -176.442551, 810.654480, -162.368134, 1, 0, 0, 0, 4.00
M, 107145833, 6, -152.776855, 811.614075, -163.467361, 1, 0, 0, 0, 4.00
M, 107145833, 7, -130.000412, 811.079834, -167.793945, 1, 0, 0, 0, 4.00
M, 107146875, 0, -313.131989, 818.587280, -181.386490, 1, 0, 0, 0, 4.00
M, 107146875, 1, -240.772858, 809.952454, -165.924805, 1, 0, 0, 0, 3.34
M, 107146875, 2, -316.082855, 817.026550, -223.998749, 1, 0, 0, 0, 4.00
M, 107146875, 3, -211.820267, 810.053955, -161.421326, 1, 0, 0, 0, 4.00
M, 107146875, 4, -268.178833, 816.506958, -175.056244, 1, 0, 0, 0, 4.00
M, 107146875, 5, -176.452148, 810.652588, -162.381882, 1, 0, 0, 0, 3.34
M, 107146875, 6, -152.774918, 811.614075, -163.467422, 1, 0, 0, 0, 4.00
M, 107146875, 7, -130.000488, 811.080322, -167.796280, 1, 0, 0, 0, 4.00
M, 107147917, 0, -313.132233, 818.586792, -181.386307, 1, 0, 0, 0, 4.00
M, 107147917, 1, -240.771286, 809.953308, -165.923080, 1, 0, 0, 0, 4.00
M, 107147917, 2, -316.108185, 817.012756, -224.021637, 1, 0, 0, 0, 3.55
M, 107147917, 3, -211.819778, 810.054138, -161.422684, 1, 0, 0, 0, 4.00
M, 107147917, 4, -268.178955, 816.507019, -175.056976, 1, 0, 0, 0, 4.00
M, 107147917, 5, -176.449585, 810.651855, -162.379791, 1, 0, 0, 0, 4.00
M, 107147917, 6, -152.795273, 811.605347, -163.480118, 1, 0, 0, 0, 3.52
M, 107147917, 7, -130.000549, 811.080811, -167.798599, 1, 0, 0, 0, 4.00
M, 107148958, 0, -313.132477, 818.586304, -181.386139, 1, 0, 0, 0, 4.00
M, 107148958, 1, -240.772385, 809.952332, -165.924088, 1, 0, 0, 0, 4.00
M, 107148958, 2, -316.101807, 817.015381, -224.017365, 1, 0, 0, 0, 4.00
M, 107148958, 3, -211.833786, 810.044739, -161.430344, 1, 0, 0, 0, 3.79
M, 107148958, 4, -268.179138, 816.507019, -175.057755, 1, 0, 0, 0, 4.00
M, 107148958, 5, -176.449890, 810.651001, -162.381424, 1, 0, 0, 0, 4.00
M, 107148958, 6, -152.789703, 811.606689, -163.478043, 1, 0, 0, 0, 4.00
M, 107148958, 7, -130.009201, 811.073975, -167.797409, 1, 0, 0, 0, 3.07
M, 107150000, 0, -313.122345, 818.590271, -181.386581, 1, 0, 0, 0, 3.57
M, 107150000, 1, -240.773575, 809.951355, -165.925171, 1, 0, 0, 0, 4.00
M, 107150000, 2, -316.102936, 817.013977, -224.019547, 1, 0, 0, 0, 4.00
M, 107150000, 3, -211.830902, 810.046570, -161.430740, 1, 0, 0, 0, 4.00
M, 107150000, 4, -268.185913, 816.494690, -175.067627, 1, 0, 0, 0, 3.32
M, 107150000, 5, -176.450150, 810.650024, -162.383041, 1, 0, 0, 0, 4.00
M, 107150000, 6, -152.790207, 811.605835, -163.479523, 1, 0, 0, 0, 4.00
M, 107150000, 7, -130.007889, 811.075500, -167.800323, 1, 0, 0, 0, 4.00
M, 107151042, 0, -313.124359, 818.588989, -181.386307, 1, 0, 0, 0, 4.00
M, 107151042, 1, -240.765732, 809.976196, -165.923798, 1, 0, 0, 0, 3.34
M, 107151042, 2, -316.104004, 817.012817, -224.021637, 1, 0, 0, 0, 4.00
M, 107151042, 3, -211.832001, 810.045715, -161.432816, 1, 0, 0, 0, 4.00
M, 107151042, 4, -268.184967, 816.496765, -175.066940, 1, 0, 0, 0, 4.00
M, 107151042, 5, -176.446335, 810.655212, -162.377579, 1, 0, 0, 0, 3.34
M, 107151042, 6, -152.790680, 811.604919, -163.480957, 1, 0, 0, 0, 4.00
M, 107151042, 7, -130.008896, 811.075073, -167.802261, 1, 0, 0, 0, 4.00
M, 107152083, 0, -313.123474, 818.588989, -181.386185, 1, 0, 0, 0, 4.00
M, 107152083, 1, -240.768356, 809.971069, -165.925247, 1, 0, 0, 0, 4.00
M, 107152083, 2, -316.092926, 817.024109, -224.015137, 1, 0, 0, 0, 3.55
M, 107152083, 3, -211.833130, 810.044678, -161.434937, 1, 0, 0, 0, 4.00
M, 107152083, 4, -268.185822, 816.495422, -175.068726, 1, 0, 0, 0, 4.00
M, 107152083, 5, -176.447327, 810.653259, -162.380356, 1, 0, 0, 0, 4.00
M, 107152083, 6, -152.809311, 811.590393, -163.488022, 1, 0, 0, 0, 3.52
M, 107152083, 7, -130.009918, 811.074707, -167.804199, 1, 0, 0, 0, 4.00
M, 107153125, 0, -313.122589, 818.588989, -181.386108, 1, 0, 0, 0, 4.00
M, 107153125, 1, -240.768509, 809.973083, -165.925995, 1, 0, 0, 0, 4.00
M, 107153125, 2, -316.096008, 817.020691, -224.018707, 1, 0, 0, 0, 4.00
M, 107153125, 3, -211.822708, 810.057007, -161.425079, 1, 0, 0, 0, 3.79
M, 107153125, 4, -268.186768, 816.494019, -175.070511, 1, 0, 0, 0, 4.00
M, 107153125, 5, -176.447174, 810.652832, -162.381256, 1, 0, 0, 0, 4.00
M, 107153125, 6, -152.806808, 811.591675, -163.488525, 1, 0, 0, 0, 4.00
M, 107153125, 7, -130.015747, 811.070984, -167.795074, 1, 0, 0, 0, 3.07
M, 107154167, 0, -313.132599, 818.581909, -181.384109, 1, 0, 0, 0, 3.57
M, 107154167, 1, -240.768631, 809.974976, -165.926804, 1, 0, 0, 0, 4.00
M, 107154167, 2, -316.095795, 817.020813, -224.019897, 1, 0, 0, 0, 4.00
M, 107154167, 3, -211.825653, 810.054016, -161.429123, 1, 0, 0, 0, 4.00
M, 107154167, 4, -268.168640, 816.505981, -175.057343, 1, 0, 0, 0, 3.32
M, 107154167, 5, -176.447052, 810.652649, -162.382080, 1, 0, 0, 0, 4.00
M, 107154167, 6, -152.809250, 811.589355, -163.490524, 1, 0, 0, 0, 4.00
M, 107154167, 7, -130.015930, 811.071228, -167.798843, 1, 0, 0, 0, 4.00
M, 107155208, 0, -313.129852, 818.583069, -181.384277, 1, 0, 0, 0, 4.00
M, 107155208, 1, -240.764633, 809.975647, -165.928528, 1, 0, 0, 0, 3.34
M, 107155208, 2, -316.095551, 817.020874, -224.021027, 1, 0, 0, 0, 4.00
M, 107155208, 3, -211.825500, 810.054626, -161.429962, 1, 0, 0, 0, 4.00
M, 107155208, 4, -268.172699, 816.502258, -175.061600, 1, 0, 0, 0, 4.00
M, 107155208, 5, -176.442642, 810.663574, -162.370941, 1, 0, 0, 0, 3.34
M, 107155208, 6, -152.811752, 811.586914, -163.492584, 1, 0, 0, 0, 4.00
M, 107155208, 7, -130.017517, 811.070374, -167.799576, 1, 0, 0, 0, 4.00
M, 107156250, 0, -313.130219, 818.582336, -181.383987, 1, 0, 0, 0, 4.00
M, 107156250, 1, -240.765411, 809.977844, -165.929123, 1, 0, 0, 0, 4.00
M, 107156250, 2, -316.110931, 817.001099, -224.024551, 1, 0, 0, 0, 3.55
M, 107156250, 3, -211.825363, 810.055237, -161.430740, 1, 0, 0, 0, 4.00
M, 107156250, 4, -268.171509, 816.502319, -175.061752, 1, 0, 0, 0, 4.00
M, 107156250, 5, -176.443176, 810.661377, -162.373764, 1, 0, 0, 0, 4.00
M, 107156250, 6, -152.789978, 811.601868, -163.473740, 1, 0, 0, 0, 3.52
M, 107156250, 7, -130.019028, 811.069702, -167.800323, 1, 0, 0, 0, 4.00
M, 107157292, 0, -313.130463, 818.581726, -181.383682, 1, 0, 0, 0, 4.00
M, 107157292, 1, -240.765137, 809.979431, -165.930023, 1, 0, 0, 0, 4.00
M, 107157292, 2, -316.108124, 817.004517, -224.025360, 1, 0, 0, 0, 4.00
M, 107157292, 3, -211.826996, 810.034851, -161.429611, 1, 0, 0, 0, 3.79
M, 107157292, 4, -268.170319, 816.502380, -175.061905, 1, 0, 0, 0, 4.00
M, 107157292, 5, -176.442551, 810.662354, -162.373291, 1, 0, 0, 0, 4.00
M, 107157292, 6, -152.796432, 811.596558, -163.479233, 1, 0, 0, 0, 4.00
M, 107157292, 7, -130.002792, 811.078735, -167.792038, 1, 0, 0, 0, 3.07
M, 107158333, 0, -313.137726, 818.573975, -181.394363, 1, 0, 0, 0, 3.57
M, 107158333, 1, -240.764877, 809.981140, -165.930954, 1, 0, 0, 0, 4.00
M, 107158333, 2, -316.109558, 817.002502, -224.026779, 1, 0, 0, 0, 4.00
M, 107158333, 3, -211.826523, 810.038940, -161.430679, 1, 0, 0, 0, 4.00
M, 107158333, 4, -268.168823, 816.496948, -175.063217, 1, 0, 0, 0, 3.32
M, 107158333, 5, -176.441986, 810.663208, -162.372849, 1, 0, 0, 0, 4.00
M, 107158333, 6, -152.796265, 811.596191, -163.478928, 1, 0, 0, 0, 4.00
M, 107158333, 7, -130.007263, 811.076477, -167.794250, 1, 0, 0, 0, 4.00
M, 107159375, 0, -313.136841, 818.574402, -181.392212, 1, 0, 0, 0, 4.00
M, 107159375, 1, -240.768509, 809.961853, -165.923889, 1, 0, 0, 0, 3.34
M, 107159375, 2, -316.111053, 817.000366, -224.028244, 1, 0, 0, 0, 4.00
M, 107159375, 3, -211.826584, 810.037231, -161.431274, 1, 0, 0, 0, 4.00
M, 107159375, 4, -268.167694, 816.497925, -175.063156, 1, 0, 0, 0, 4.00
M, 107159375, 5, -176.450516, 810.656372, -162.380600, 1, 0, 0, 0, 3.34
M, 107159375, 6, -152.796051, 811.595703, -163.478729, 1, 0, 0, 0, 4.00
M, 107159375, 7, -130.006866, 811.076782, -167.794006, 1, 0, 0, 0, 4.00
M, 107160417, 0, -313.137848, 818.572876, -181.393112, 1, 0, 0, 0, 4.00
M, 107160417, 1, -240.767517, 809.967102, -165.926056, 1, 0, 0, 0, 4.00
M, 107160417, 2, -316.092743, 817.020081, -224.015930, 1, 0, 0, 0, 3.98
M, 107160417, 3, -211.826645, 810.035400, -161.431870, 1, 0, 0, 0, 4.00
M, 107160417, 4, -268.166382, 816.497437, -175.063416, 1, 0, 0, 0, 4.00
M, 107160417, 5, -176.448364, 810.658630, -162.378784, 1, 0, 0, 0, 4.00
M, 107160417, 6, -152.800461, 811.595032, -163.481430, 1, 0, 0, 0, 3.52
M, 107160417, 7, -130.006454, 811.077148, -167.793716, 1, 0, 0, 0, 4.00
M, 107161458, 0, -313.138916, 818.571472, -181.393936, 1, 0, 0, 0, 4.00
M, 107161458, 1, -240.767639, 809.966736, -165.926086, 1, 0, 0, 0, 4.00
M, 107161458, 2, -316.097443, 817.014465, -224.019669, 1, 0, 0, 0, 4.00
M, 107161458, 3, -211.830338, 810.033081, -161.428116, 1, 0, 0, 0, 3.79
M, 107161458, 4, -268.165192, 816.496948, -175.063690, 1, 0, 0, 0, 4.00
M, 107161458, 5, -176.448776, 810.658569, -162.379257, 1, 0, 0, 0, 4.00
M, 107161458, 6, -152.799515, 811.594482, -163.480713, 1, 0, 0, 0, 4.00
M, 107161458, 7, -130.017624, 811.073608, -167.791626, 1, 0, 0, 0, 3.07
M, 107162500, 0, -313.136292, 818.576477, -181.392807, 1, 0, 0, 0, 3.57
M, 107162500, 1, -240.767761, 809.966125, -165.926117, 1, 0, 0, 0, 4.00
M, 107162500, 2, -316.096741, 817.014771, -224.019608, 1, 0, 0, 0, 4.00
M, 107162500, 3, -211.829773, 810.031372, -161.429398, 1, 0, 0, 0, 4.00
M, 107162500, 4, -268.177155, 816.496826, -175.068192, 1, 0, 0, 0, 3.32
M, 107162500, 5, -176.449203, 810.658630, -162.379700, 1, 0, 0, 0, 4.00
M, 107162500, 6, -152.799866, 811.593872, -163.480774, 1, 0, 0, 0, 4.00
M, 107162500, 7, -130.015274, 811.074768, -167.791656, 1, 0, 0, 0, 4.00
M, 107163542, 0, -313.137970, 818.573853, -181.393997, 1, 0, 0, 0, 4.00
M, 107163542, 1, -240.760162, 809.974121, -165.927734, 1, 0, 0, 0, 3.34
M, 107163542, 2, -316.096008, 817.015076, -224.019485, 1, 0, 0, 0, 4.00
M, 107163542, 3, -211.830215, 810.029663, -161.429550, 1, 0, 0, 0, 4.00
M, 107163542, 4, -268.173767, 816.496277, -175.067795, 1, 0, 0, 0, 4.00
M, 107163542, 5, -176.465591, 810.650574, -162.375046, 1, 0, 0, 0, 3.34
M, 107163542, 6, -152.800217, 811.593384, -163.480896, 1, 0, 0, 0, 4.00
M, 107163542, 7, -130.016144, 811.074646, -167.791214, 1, 0, 0, 0, 4.00
M, 107164583, 0, -313.138550, 818.573181, -181.394653, 1, 0, 0, 0, 4.00
M, 107164583, 1, -240.761505, 809.972229, -165.927490, 1, 0, 0, 0, 4.00
M, 107164583, 2, -316.118439, 817.008606, -224.013351, 1, 0, 0, 0, 3.55
M, 107164583, 3, -211.830688, 810.027771, -161.429626, 1, 0, 0, 0, 4.00
M, 107164583, 4, -268.174011, 816.495789, -175.068512, 1, 0, 0, 0, 4.00
M, 107164583, 5, -176.463318, 810.652100, -162.376328, 1, 0, 0, 0, 4.00
M, 107164583, 6, -152.803711, 811.599854, -163.481857, 1, 0, 0, 0, 3.52
M, 107164583, 7, -130.017059, 811.074524, -167.790787, 1, 0, 0, 0, 4.00
M, 107165625, 0, -313.139160, 818.572388, -181.395309, 1, 0, 0, 0, 4.00
M, 107165625, 1, -240.760818, 809.972717, -165.927673, 1, 0, 0, 0, 4.00
M, 107165625, 2, -316.114014, 817.009949, -224.014297, 1, 0, 0, 0, 4.00
M, 107165625, 3, -211.825989, 810.035156, -161.420181, 1, 0, 0, 0, 3.79
M, 107165625, 4, -268.174255, 816.495422, -175.069290, 1, 0, 0, 0, 4.00
M, 107165625, 5, -176.465469, 810.651245, -162.376251, 1, 0, 0, 0, 4.00
M, 107165625, 6, -152.803497, 811.598145, -163.481796, 1, 0, 0, 0, 4.00
M, 107165625, 7, -130.015991, 811.070435, -167.781845, 1, 0, 0, 0, 3.07
M, 107166667, 0, -313.126160, 818.591370, -181.388702, 1, 0, 0, 0, 3.57
M, 107166667, 1, -240.760071, 809.973206, -165.927841, 1, 0, 0, 0, 4.00
M, 107166667, 2, -316.115814, 817.009521, -224.013611, 1, 0, 0, 0, 4.00
M, 107166667, 3, -211.827271, 810.031860, -161.421860, 1, 0, 0, 0, 4.00
M, 107166667, 4, -268.164825, 816.495728, -175.052368, 1, 0, 0, 0, 3.32
M, 107166667, 5, -176.467621, 810.650513, -162.376129, 1, 0, 0, 0, 4.00
M, 107166667, 6, -152.804214, 811.598389, -163.481995, 1, 0, 0, 0, 4.00
M, 107166667, 7, -130.017181, 811.071045, -167.782806, 1, 0, 0, 0, 4.00
M, 107167708, 0, -313.129028, 818.587463, -181.390549, 1, 0, 0, 0, 4.00
M, 107167708, 1, -240.764389, 809.969360, -165.911270, 1, 0, 0, 0, 3.34
M, 107167708, 2, -316.117645, 817.009033, -224.012894, 1, 0, 0, 0, 4.00
M, 107167708, 3, -211.827179, 810.031006, -161.420929, 1, 0, 0, 0, 4.00
M, 107167708, 4, -268.166626, 816.495178, -175.056000, 1, 0, 0, 0, 4.00
M, 107167708, 5, -176.459503, 810.645264, -162.370636, 1, 0, 0, 0, 3.34
M, 107167708, 6, -152.804871, 811.598633, -163.482208, 1, 0, 0, 0, 4.00
M, 107167708, 7, -130.017807, 811.070557, -167.781433, 1, 0, 0, 0, 4.00
M, 107168750, 0, -313.128174, 818.588928, -181.390427, 1, 0, 0, 0, 4.00
M, 107168750, 1, -240.762848, 809.970520, -165.914261, 1, 0, 0, 0, 4.00
M, 107168750, 2, -316.097443, 817.021851, -224.003204, 1, 0, 0, 0, 3.55
M, 107168750, 3, -211.827057, 810.030151, -161.419983, 1, 0, 0, 0, 4.00
M, 107168750, 4, -268.165771, 816.494873, -175.054810, 1, 0, 0, 0, 4.00
M, 107168750, 5, -176.463318, 810.645142, -162.371414, 1, 0, 0, 0, 4.00
M, 107168750, 6, -152.795456, 811.608826, -163.469009, 1, 0, 0, 0, 3.52
M, 107168750, 7, -130.018494, 811.070007, -167.780029, 1, 0, 0, 0, 4.00
M, 107169792, 0, -313.127350, 818.590210, -181.390274, 1, 0, 0, 0, 4.00
M, 107169792, 1, -240.762665, 809.970398, -165.912643, 1, 0, 0, 0, 4.00
M, 107169792, 2, -316.102936, 817.019226, -224.003983, 1, 0, 0, 0, 4.00
M, 107169792, 3, -211.823837, 810.052734, -161.414108, 1, 0, 0, 0, 3.79
M, 107169792, 4, -268.164948, 816.494568, -175.053619, 1, 0, 0, 0, 4.00
M, 107169792, 5, -176.464340, 810.643799, -162.370697, 1, 0, 0, 0, 4.00
M, 107169792, 6, -152.797806, 811.607300, -163.471390, 1, 0, 0, 0, 4.00
M, 107169792, 7, -130.007492, 811.082092, -167.777557, 1, 0, 0, 0, 3.07
M, 107170833, 0, -313.143677, 818.584290, -181.382950, 1, 0, 0, 0, 3.57
M, 107170833, 1, -240.762482, 809.970337, -165.910980, 1, 0, 0, 0, 4.00
M, 107170833, 2, -316.102386, 817.020203, -224.002319, 1, 0, 0, 0, 4.00
M, 107170833, 3, -211.824188, 810.048096, -161.413986, 1, 0, 0, 0, 4.00
M, 107170833, 4, -268.171509, 816.505920, -175.060776, 1, 0, 0, 0, 3.32
M, 107170833, 5, -176.465347, 810.642456, -162.370010, 1, 0, 0, 0, 4.00
M, 107170833, 6, -152.797363, 811.608765, -163.470108, 1, 0, 0, 0, 4.00
M, 107170833, 7, -130.010086, 811.079407, -167.776367, 1, 0, 0, 0, 4.00
M, 107171875, 0, -313.139984, 818.586914, -181.384018, 1, 0, 0, 0, 4.00
M, 107171875, 1, -240.765106, 809.977966, -165.919144, 1, 0, 0, 0, 3.34
M, 107171875, 2, -316.101868, 817.021057, -224.000595, 1, 0, 0, 0, 4.00
M, 107171875, 3, -211.823715, 810.049988, -161.412491, 1, 0, 0, 0, 4.00
M, 107171875, 4, -268.169464, 816.503601, -175.058258, 1, 0, 0, 0, 4.00
M, 107171875, 5, -176.469284, 810.652222, -162.370346, 1, 0, 0, 0, 3.34
M, 107171875, 6, -152.796890, 811.610046, -163.468796, 1, 0, 0, 0, 4.00
M, 107171875, 7, -130.009491, 811.080261, -167.774872, 1, 0, 0, 0, 4.00
M, 107172917, 0, -313.141052, 818.587402, -181.383087, 1, 0, 0, 0, 4.00
M, 107172917, 1, -240.764450, 809.976563, -165.915924, 1, 0, 0, 0, 4.00
M, 107172917, 2, -316.124390, 817.005005, -224.005325, 1, 0, 0, 0, 3.55
M, 107172917, 3, -211.823181, 810.051880, -161.410950, 1, 0, 0, 0, 4.00
M, 107172917, 4, -268.169464, 816.504395, -175.057968, 1, 0, 0, 0, 4.00
M, 107172917, 5, -176.469757, 810.649170, -162.369476, 1, 0, 0, 0, 4.00
M, 107172917, 6, -152.804581, 811.602661, -163.476730, 1, 0, 0, 0, 3.52
M, 107172917, 7, -130.008835, 811.081177, -167.773331, 1, 0, 0, 0, 4.00
M, 107173958, 0, -313.141998, 818.587952, -181.382202, 1, 0, 0, 0, 4.00
M, 107173958, 1, -240.764633, 809.977356, -165.915359, 1, 0, 0, 0, 4.00
M, 107173958, 2, -316.119965, 817.008789, -224.002609, 1, 0, 0, 0, 4.00
M, 107173958, 3, -211.835693, 810.034729, -161.416580, 1, 0, 0, 0, 3.79
M, 107173958, 4, -268.169464, 816.505371, -175.057724, 1, 0, 0, 0, 4.00
M, 107173958, 5, -176.471100, 810.649109, -162.368881, 1, 0, 0, 0, 4.00
M, 107173958, 6, -152.802780, 811.605469, -163.473892, 1, 0, 0, 0, 4.00
M, 107173958, 7, -130.014648, 811.070007, -167.775085, 1, 0, 0, 0, 3.07
M, 107175000, 0, -313.134552, 818.595398, -181.381012, 1, 0, 0, 0, 3.57
M, 107175000, 1, -240.764755, 809.978149, -165.914825, 1, 0, 0, 0, 4.00
M, 107175000, 2, -316.121887, 817.008057, -224.001572, 1, 0, 0, 0, 4.00
M, 107175000, 3, -211.833130, 810.039490, -161.413925, 1, 0, 0, 0, 4.00
M, 107175000, 4, -268.170654, 816.507813, -175.063446, 1, 0, 0, 0, 3.32
M, 107175000, 5, -176.472443, 810.648987, -162.368286, 1, 0, 0, 0, 4.00
M, 107175000, 6, -152.803238, 811.605835, -163.473633, 1, 0, 0, 0, 4.00
M, 107175000, 7, -130.012955, 811.072876, -167.773026, 1, 0, 0, 0, 4.00
M, 107176042, 0, -313.136932, 818.595032, -181.380142, 1, 0, 0, 0, 4.00
M, 107176042, 1, -240.765167, 809.981079, -165.911224, 1, 0, 0, 0, 3.34
M, 107176042, 2, -316.123779, 817.007019, -224.000534, 1, 0, 0, 0, 4.00
M, 107176042, 3, -211.834061, 810.039307, -161.413208, 1, 0, 0, 0, 4.00
M, 107176042, 4, -268.170502, 816.508362, -175.062256, 1, 0, 0, 0, 4.00
M, 107176042, 5, -176.460587, 810.653137, -162.362717, 1, 0, 0, 0, 3.34
M, 107176042, 6, -152.803711, 811.606140, -163.473358, 1, 0, 0, 0, 4.00
M, 107176042, 7, -130.013077, 811.072327, -167.771896, 1, 0, 0, 0, 4.00
M, 107177083, 0, -313.136993, 818.596191, -181.379211, 1, 0, 0, 0, 4.00
M, 107177083, 1, -240.765228, 809.981445, -165.911163, 1, 0, 0, 0, 4.00
M, 107177083, 2, -316.097687, 817.030090, -224.001785, 1, 0, 0, 0, 3.55
M, 107177083, 3, -211.835037, 810.038940, -161.412491, 1, 0, 0, 0, 4.00
M, 107177083, 4, -268.170563, 816.509583, -175.062622, 1, 0, 0, 0, 4.00
M, 107177083, 5, -176.464035, 810.652588, -162.362900, 1, 0, 0, 0, 4.00
M, 107177083, 6, -152.789551, 811.620544, -163.465454, 1, 0, 0, 0, 3.52
M, 107177083, 7, -130.013153, 811.071838, -167.770767, 1, 0, 0, 0, 4.00
M, 107178125, 0, -313.137177, 818.597473, -181.378265, 1, 0, 0, 0, 4.00
M, 107178125, 1, -240.765442, 809.982422, -165.910263, 1, 0, 0, 0, 4.00
M, 107178125, 2, -316.104309, 817.025391, -224.000412, 1, 0, 0, 0, 4.00
M, 107178125, 3, -211.835037, 810.042175, -161.409073, 1, 0, 0, 0, 3.96
M, 107178125, 4, -268.170654, 816.510559, -175.062973, 1, 0, 0, 0, 4.00
M, 107178125, 5, -176.463928, 810.652832, -162.361786, 1, 0, 0, 0, 4.00
M, 107178125, 6, -152.792419, 811.618652, -163.466446, 1, 0, 0, 0, 4.00
M, 107178125, 7, -130.011459, 811.073669, -167.772369, 1, 0, 0, 0, 3.07
M, 107179167, 0, -313.139557, 818.596375, -181.385925, 1, 0, 0, 0, 3.57
M, 107179167, 1, -240.765640, 809.983337, -165.909363, 1, 0, 0, 0, 4.00
M, 107179167, 2, -316.103180, 817.027039, -223.999695, 1, 0, 0, 0, 4.00
M, 107179167, 3, -211.836151, 810.041382, -161.408798, 1, 0, 0, 0, 4.00
M, 107179167, 4, -268.167084, 816.511108, -175.054565, 1, 0, 0, 0, 3.32
M, 107179167, 5, -176.463806, 810.653320, -162.360626, 1, 0, 0, 0, 4.00
M, 107179167, 6, -152.791275, 811.620544, -163.465347, 1, 0, 0, 0, 4.00
M, 107179167, 7, -130.011826, 811.072876, -167.770767, 1, 0, 0, 0, 4.00
M, 107180208, 0, -313.139282, 818.598206, -181.383514, 1, 0, 0, 0, 4.00
M, 107180208, 1, -240.775482, 809.962769, -165.927963, 1, 0, 0, 0, 3.34
M, 107180208, 2, -316.102051, 817.028870, -223.998917, 1, 0, 0, 0, 4.00
M, 107180208, 3, -211.837006, 810.041504, -161.407791, 1, 0, 0, 0, 4.00
M, 107180208, 4, -268.167877, 816.512268, -175.056381, 1, 0, 0, 0, 4.00
M, 107180208, 5, -176.471008, 810.646912, -162.377472, 1, 0, 0, 0, 3.34
M, 107180208, 6, -152.790085, 811.622498, -163.464203, 1, 0, 0, 0, 4.00
M, 107180208, 7, -130.011703, 811.072754, -167.769897, 1, 0, 0, 0, 4.00
M, 107181250, 0, -313.139618, 818.599243, -181.383514, 1, 0, 0, 0, 4.00
M, 107181250, 1, -240.774048, 809.967285, -165.923889, 1, 0, 0, 0, 4.00
M, 107181250, 2, -316.111267, 817.026428, -224.020523, 1, 0, 0, 0, 3.55
M, 107181250, 3, -211.837845, 810.041626, -161.406769, 1, 0, 0, 0, 4.00
M, 107181250, 4, -268.167572, 816.513184, -175.055786, 1, 0, 0, 0, 4.00
M, 107181250, 5, -176.469666, 810.648499, -162.373322, 1, 0, 0, 0, 4.00
M, 107181250, 6, -152.803329, 811.606323, -163.482834, 1, 0, 0, 0, 3.52
M, 107181250, 7, -130.011581, 811.072571, -167.769089, 1, 0, 0, 0, 4.00
M, 107182292, 0, -313.139923, 818.600525, -181.383484, 1, 0, 0, 0, 4.00
M, 107182292, 1, -240.775269, 809.966003, -165.925110, 1, 0, 0, 0, 4.00
M, 107182292, 2, -316.108429, 817.028870, -224.016052, 1, 0, 0, 0, 4.00
M, 107182292, 3, -211.836594, 810.040100, -161.419891, 1, 0, 0, 0, 3.79
M, 107182292, 4, -268.167328, 816.514221, -175.055222, 1, 0, 0, 0, 4.00
M, 107182292, 5, -176.470352, 810.648010, -162.374161, 1, 0, 0, 0, 4.00
M, 107182292, 6, -152.799805, 811.611328, -163.478485, 1, 0, 0, 0, 4.00
M, 107182292, 7, -130.019867, 811.075623, -167.787872, 1, 0, 0, 0, 3.07
M, 107183333, 0, -313.135620, 818.596497, -181.386795, 1, 0, 0, 0, 3.57
M, 107183333, 1, -240.776489, 809.964661, -165.926331, 1, 0, 0, 0, 4.00
M, 107183333, 2, -316.108429, 817.030212, -224.017761, 1, 0, 0, 0, 4.00
M, 107183333, 3, -211.837784, 810.040527, -161.416550, 1, 0, 0, 0, 4.00
M, 107183333, 4, -268.175323, 816.512268, -175.073349, 1, 0, 0, 0, 3.32
M, 107183333, 5, -176.471039, 810.647766, -162.374969, 1, 0, 0, 0, 4.00
M, 107183333, 6, -152.800217, 811.611206, -163.479523, 1, 0, 0, 0, 4.00
M, 107183333, 7, -130.018311, 811.075012, -167.783752, 1, 0, 0, 0, 4.00
M, 107184375, 0, -313.136780, 818.598328, -181.386246, 1, 0, 0, 0, 4.00
M, 107184375, 1, -240.767609, 809.983887, -165.916107, 1, 0, 0, 0, 3.34
M, 107184375, 2, -316.108429, 817.031372, -224.019455, 1, 0, 0, 0, 4.00
M, 107184375, 3, -211.838379, 810.040344, -161.417053, 1, 0, 0, 0, 4.00
M, 107184375, 4, -268.173645, 816.513916, -175.069672, 1, 0, 0, 0, 4.00
M, 107184375, 5, -176.469345, 810.655151, -162.381790, 1, 0, 0, 0, 3.34
M, 107184375, 6, -152.800674, 811.611084, -163.480545, 1, 0, 0, 0, 4.00
M, 107184375, 7, -130.019150, 811.075134, -167.785034, 1, 0, 0, 0, 4.00
M, 107185417, 0, -313.136536, 818.598938, -181.386581, 1, 0, 0, 0, 4.00
M, 107185417, 1, -240.770477, 809.979065, -165.919266, 1, 0, 0, 0, 4.00
M, 107185417, 2, -316.105316, 817.024231, -224.014542, 1, 0, 0, 0, 3.55
M, 107185417, 3, -211.839035, 810.040222, -161.417618, 1, 0, 0, 0, 4.00
M, 107185417, 4, -268.174316, 816.514648, -175.071136, 1, 0, 0, 0, 4.00
M, 107185417, 5, -176.470474, 810.653442, -162.381638, 1, 0, 0, 0, 4.00
M, 107185417, 6, -152.810181, 811.607666, -163.492188, 1, 0, 0, 0, 3.52
M, 107185417, 7, -130.019928, 811.075317, -167.786346, 1, 0, 0, 0, 4.00
M, 107186458, 0, -313.136414, 818.599426, -181.386902, 1, 0, 0, 0, 4.00
M, 107186458, 1, -240.770599, 809.980042, -165.919235, 1, 0, 0, 0, 4.00
M, 107186458, 2, -316.105804, 817.027161, -224.017273, 1, 0, 0, 0, 4.00
M, 107186458, 3, -211.832657, 810.044312, -161.422775, 1, 0, 0, 0, 3.79
M, 107186458, 4, -268.174957, 816.515259, -175.072632, 1, 0, 0, 0, 4.00
M, 107186458, 5, -176.470901, 810.653931, -162.383102, 1, 0, 0, 0, 4.00
M, 107186458, 6, -152.809097, 811.608093, -163.491501, 1, 0, 0, 0, 4.00
M, 107186458, 7, -130.019058, 811.071533, -167.791183, 1, 0, 0, 0, 3.07
M, 107187500, 0, -313.137909, 818.599548, -181.389771, 1, 0, 0, 0, 3.57
M, 107187500, 1, -240.770706, 809.980896, -165.919205, 1, 0, 0, 0, 4.00
M, 107187500, 2, -316.105499, 817.027527, -224.018234, 1, 0, 0, 0, 4.00
M, 107187500, 3, -211.834473, 810.043335, -161.422577, 1, 0, 0, 0, 4.00
M, 107187500, 4, -268.182770, 816.505005, -175.080490, 1, 0, 0, 0, 3.32
M, 107187500, 5, -176.471313, 810.654419, -162.384613, 1, 0, 0, 0, 4.00
M, 107187500, 6, -152.810471, 811.607727, -163.493652, 1, 0, 0, 0, 4.00
M, 107187500, 7, -130.020157, 811.072327, -167.791885, 1, 0, 0, 0, 4.00
M, 107188542, 0, -313.137421, 818.600098, -181.389648, 1, 0, 0, 0, 4.00
M, 107188542, 1, -240.772614, 809.978760, -165.924026, 1, 0, 0, 0, 3.34
M, 107188542, 2, -316.105133, 817.027954, -224.019180, 1, 0, 0, 0, 4.00
M, 107188542, 3, -211.834335, 810.043701, -161.423584, 1, 0, 0, 0, 4.00
M, 107188542, 4, -268.182220, 816.507568, -175.080917, 1, 0, 0, 0, 4.00
M, 107188542, 5, -176.454742, 810.668091, -162.375595, 1, 0, 0, 0, 3.34
M, 107188542, 6, -152.811905, 811.607300, -163.495865, 1, 0, 0, 0, 4.00
M, 107188542, 7, -130.020782, 811.072083, -167.793594, 1, 0, 0, 0, 4.00
M, 107189583, 0, -313.137482, 818.600769, -181.390244, 1, 0, 0, 0, 4.00
M, 107189583, 1, -240.772446, 809.980164, -165.923203, 1, 0, 0, 0, 4.00
M, 107189583, 2, -316.120453, 817.027649, -224.018051, 1, 0, 0, 0, 3.55
M, 107189583, 3, -211.834183, 810.044128, -161.424652, 1, 0, 0, 0, 4.00
M, 107189583, 4, -268.183655, 816.507080, -175.083115, 1, 0, 0, 0, 4.00
M, 107189583, 5, -176.458023, 810.666382, -162.378815, 1, 0, 0, 0, 4.00
M, 107189583, 6, -152.798309, 811.614807, -163.479736, 1, 0, 0, 0, 3.52
M, 107189583, 7, -130.021408, 811.071777, -167.795258, 1, 0, 0, 0, 4.00
M, 107190625, 0, -313.137482, 818.601257, -181.390900, 1, 0, 0, 0, 4.00
M, 107190625, 1, -240.772736, 809.980713, -165.923737, 1, 0, 0, 0, 4.00
M, 107190625, 2, -316.117584, 817.028198, -224.019363, 1, 0, 0, 0, 4.00
M, 107190625, 3, -211.833817, 810.058533, -161.431274, 1, 0, 0, 0, 3.79
M, 107190625, 4, -268.185089, 816.506470, -175.085266, 1, 0, 0, 0, 4.00
M, 107190625, 5, -176.456558, 810.668396, -162.379135, 1, 0, 0, 0, 4.00
M, 107190625, 6, -152.802185, 811.613220, -163.484924, 1, 0, 0, 0, 4.00
M, 107190625, 7, -130.006454, 811.081848, -167.782684, 1, 0, 0, 0, 3.07
M, 107191667, 0, -313.137360, 818.593018, -181.387558, 1, 0, 0, 0, 3.57
M, 107191667, 1, -240.773071, 809.981323, -165.924210, 1, 0, 0, 0, 4.00
M, 107191667, 2, -316.118896, 817.028442, -224.020111, 1, 0, 0, 0, 4.00
M, 107191667, 3, -211.833725, 810.056702, -161.431396, 1, 0, 0, 0, 4.00
M, 107191667, 4, -268.183960, 816.503967, -175.075195, 1, 0, 0, 0, 3.32
M, 107191667, 5, -176.455154, 810.670288, -162.379471, 1, 0, 0, 0, 4.00
M, 107191667, 6, -152.801926, 811.613647, -163.485107, 1, 0, 0, 0, 4.00
M, 107191667, 7, -130.009674, 811.079834, -167.786743, 1, 0, 0, 0, 4.00
M, 107192708, 0, -313.137421, 818.594910, -181.388870, 1, 0, 0, 0, 4.00
M, 107192708, 1, -240.767471, 809.976624, -165.931427, 1, 0, 0, 0, 3.34
M, 107192708, 2, -316.120331, 817.028687, -224.020859, 1, 0, 0, 0, 4.00
M, 107192708, 3, -211.833557, 810.058594, -161.433060, 1, 0, 0, 0, 4.00
M, 107192708, 4, -268.185760, 816.503784, -175.079361, 1, 0, 0, 0, 4.00
M, 107192708, 5, -176.460876, 810.654724, -162.380173, 1, 0, 0, 0, 3.34
M, 107192708, 6, -152.801682, 811.614136, -163.485275, 1, 0, 0, 0, 4.00
M, 107192708, 7, -130.008575, 811.080627, -167.786850, 1, 0, 0, 0, 4.00
M, 107193750, 0, -313.137482, 818.594360, -181.389053, 1, 0, 0, 0, 4.00
M, 107193750, 1, -240.768799, 809.977905, -165.930832, 1, 0, 0, 0, 4.00
M, 107193750, 2, -316.119965, 817.018555, -224.024185, 1, 0, 0, 0, 3.55
M, 107193750, 3, -211.833435, 810.060364, -161.434723, 1, 0, 0, 0, 4.00
M, 107193750, 4, -268.186890, 816.503174, -175.080200, 1, 0, 0, 0, 4.00
M, 107193750, 5, -176.458282, 810.659546, -162.380447, 1, 0, 0, 0, 4.00
M, 107193750, 6, -152.806244, 811.612976, -163.489365, 1, 0, 0, 0, 3.52
M, 107193750, 7, -130.007523, 811.081482, -167.787033, 1, 0, 0, 0, 4.00
M, 107194792, 0, -313.137482, 818.593994, -181.389236, 1, 0, 0, 0, 4.00
M, 107194792, 1, -240.768448, 809.977844, -165.932022, 1, 0, 0, 0, 4.00
M, 107194792, 2, -316.121643, 817.020752, -224.024490, 1, 0, 0, 0, 4.00
M, 107194792, 3, -211.839569, 810.044128, -161.440506, 1, 0, 0, 0, 3.79
M, 107194792, 4, -268.188019, 816.502319, -175.081039, 1, 0, 0, 0, 4.00
M, 107194792, 5, -176.457657, 810.659546, -162.380829, 1, 0, 0, 0, 4.00
M, 107194792, 6, -152.805176, 811.613831, -163.488892, 1, 0, 0, 0, 4.00
M, 107194792, 7, -130.019836, 811.063354, -167.791443, 1, 0, 0, 0, 3.25
M, 107195833, 0, -313.128784, 818.592834, -181.385391, 1, 0, 0, 0, 3.57
M, 107195833, 1, -240.768127, 809.977844, -165.933273, 1, 0, 0, 0, 4.00
M, 107195833, 2, -316.122772, 817.019897, -224.025497, 1, 0, 0, 0, 4.00
M, 107195833, 3, -211.838379, 810.049133, -161.441467, 1, 0, 0, 0, 4.00
M, 107195833, 4, -268.176025, 816.500244, -175.075638, 1, 0, 0, 0, 3.60
M, 107195833, 5, -176.457031, 810.659546, -162.381226, 1, 0, 0, 0, 4.00
M, 107195833, 6, -152.805466, 811.614136, -163.489517, 1, 0, 0, 0, 4.00
M, 107195833, 7, -130.016525, 811.067322, -167.790848, 1, 0, 0, 0, 4.00
M, 107196875, 0, -313.130219, 818.592468, -181.386246, 1, 0, 0, 0, 4.00
M, 107196875, 1, -240.775360, 809.981140, -165.931778, 1, 0, 0, 0, 3.34
M, 107196875, 2, -316.123901, 817.019226, -224.026520, 1, 0, 0, 0, 4.00
M, 107196875, 3, -211.838943, 810.048950, -161.443604, 1, 0, 0, 0, 4.00
M, 107196875, 4, -268.179382, 816.499817, -175.077515, 1, 0, 0, 0, 4.00
M, 107196875, 5, -176.459396, 810.654114, -162.382797, 1, 0, 0, 0, 3.34
M, 107196875, 6, -152.805740, 811.614441, -163.490143, 1, 0, 0, 0, 4.00
M, 107196875, 7, -130.016891, 811.066101, -167.791443, 1, 0, 0, 0, 4.00
M, 107197917, 0, -313.129242, 818.591797, -181.386017, 1, 0, 0, 0, 4.00
M, 107197917, 1, -240.773788, 809.980469, -165.933456, 1, 0, 0, 0, 4.00
M, 107197917, 2, -316.120209, 817.012024, -224.024277, 1, 0, 0, 0, 3.55
M, 107197917, 3, -211.839447, 810.048889, -161.445694, 1, 0, 0, 0, 4.00
M, 107197917, 4, -268.179138, 816.498962, -175.077698, 1, 0, 0, 0, 4.00
M, 107197917, 5, -176.458252, 810.654968, -162.382950, 1, 0, 0, 0, 4.00
M, 107197917, 6, -152.810120, 811.608704, -163.483994, 1, 0, 0, 0, 3.52
M, 107197917, 7, -130.017273, 811.064880, -167.792038, 1, 0, 0, 0, 4.00
M, 107198958, 0, -313.128296, 818.591187, -181.385773, 1, 0, 0, 0, 4.00
M, 107198958, 1, -240.774292, 809.980835, -165.934402, 1, 0, 0, 0, 4.00
M, 107198958, 2, -316.122253, 817.012329, -224.025864, 1, 0, 0, 0, 4.00
M, 107198958, 3, -211.831772, 810.046570, -161.423996, 1, 0, 0, 0, 3.79
M, 107198958, 4, -268.178772, 816.498230, -175.077820, 1, 0, 0, 0, 4.00
M, 107198958, 5, -176.457901, 810.654419, -162.383453, 1, 0, 0, 0, 4.00
M, 107198958, 6, -152.809692, 811.610046, -163.485733, 1, 0, 0, 0, 4.00
M, 107198958, 7, -130.019775, 811.069824, -167.792526, 1, 0, 0, 0, 3.25
M, 107200000, 0, -313.135590, 818.590942, -181.379333, 1, 0, 0, 0, 3.57
M, 107200000, 1, -240.774765, 809.981079, -165.935364, 1, 0, 0, 0, 4.00
M, 107200000, 2, -316.122955, 817.010681, -224.026520, 1, 0, 0, 0, 4.00
M, 107200000, 3, -211.833679, 810.046875, -161.430054, 1, 0, 0, 0, 4.00
M, 107200000, 4, -268.162445, 816.506042, -175.065598, 1, 0, 0, 0, 3.32
M, 107200000, 5, -176.457596, 810.653870, -162.383926, 1, 0, 0, 0, 4.00
M, 107200000, 6, -152.810379, 811.609802, -163.485550, 1, 0, 0, 0, 4.00
M, 107200000, 7, -130.019806, 811.067566, -167.793121, 1, 0, 0, 0, 4.00
M, 107201042, 0, -313.133301, 818.590393, -181.380142, 1, 0, 0, 0, 4.00
M, 107201042, 1, -240.765610, 809.980286, -165.927368, 1, 0, 0, 0, 3.34
M, 107201042, 2, -316.123566, 817.009216, -224.027176, 1, 0, 0, 0, 4.00
M, 107201042, 3, -211.833313, 810.046570, -161.429550, 1, 0, 0, 0, 4.00
M, 107201042, 4, -268.164825, 816.503784, -175.067856, 1, 0, 0, 0, 4.00
M, 107201042, 5, -176.448776, 810.657166, -162.377609, 1, 0, 0, 0, 3.34
M, 107201042, 6, -152.811127, 811.609314, -163.485428, 1, 0, 0, 0, 4.00
M, 107201042, 7, -130.020401, 811.067200, -167.793716, 1, 0, 0, 0, 4.00
M, 107202083, 0, -313.133179, 818.589905, -181.379211, 1, 0, 0, 0, 4.00
M, 107202083, 1, -240.767700, 809.980774, -165.929749, 1, 0, 0, 0, 4.00
M, 107202083, 2, -316.103638, 817.020325, -223.998856, 1, 0, 0, 0, 3.55
M, 107202083, 3, -211.832962, 810.046265, -161.429062, 1, 0, 0, 0, 4.00
M, 107202083, 4, -268.162750, 816.503784, -175.066605, 1, 0, 0, 0, 4.00
M, 107202083, 5, -176.449860, 810.655945, -162.379227, 1, 0, 0, 0, 4.00
M, 107202083, 6, -152.792053, 811.623291, -163.462189, 1, 0, 0, 0, 3.52
M, 107202083, 7, -130.020996, 811.066711, -167.794250, 1, 0, 0, 0, 4.00
M, 107203125, 0, -313.133118, 818.589294, -181.378296, 1, 0, 0, 0, 4.00
M, 107203125, 1, -240.767136, 809.980957, -165.929749, 1, 0, 0, 0, 4.00
M, 107203125, 2, -316.107697, 817.016785, -224.004288, 1, 0, 0, 0, 4.00
M, 107203125, 3, -211.823776, 810.047546, -161.411179, 1, 0, 0, 0, 3.79
M, 107203125, 4, -268.160645, 816.504028, -175.065414, 1, 0, 0, 0, 4.00
M, 107203125, 5, -176.448608, 810.655823, -162.378983, 1, 0, 0, 0, 4.00
M, 107203125, 6, -152.795990, 811.620667, -163.465881, 1, 0, 0, 0, 4.00
M, 107203125, 7, -130.010544, 811.078125, -167.780533, 1, 0, 0, 0, 3.07
M, 107204167, 0, -313.137970, 818.596680, -181.394897, 1, 0, 0, 0, 3.57
M, 107204167, 1, -240.766571, 809.981201, -165.929688, 1, 0, 0, 0, 4.00
M, 107204167, 2, -316.106018, 817.016663, -224.001755, 1, 0, 0, 0, 4.00
M, 107204167, 3, -211.824844, 810.047058, -161.413574, 1, 0, 0, 0, 4.00
M, 107204167, 4, -268.174011, 816.507141, -175.084488, 1, 0, 0, 0, 3.32
M, 107204167, 5, -176.447357, 810.655640, -162.378693, 1, 0, 0, 0, 4.00
M, 107204167, 6, -152.794556, 811.621826, -163.463257, 1, 0, 0, 0, 4.00
M, 107204167, 7, -130.012955, 811.075684, -167.783463, 1, 0, 0, 0, 4.00
M, 107205208, 0, -313.137115, 818.594727, -181.391144, 1, 0, 0, 0, 4.00
M, 107205208, 1, -240.770325, 809.967346, -165.935394, 1, 0, 0, 0, 3.34
M, 107205208, 2, -316.104431, 817.016602, -223.999222, 1, 0, 0, 0, 4.00
M, 107205208, 3, -211.823547, 810.046936, -161.411133, 1, 0, 0, 0, 4.00
M, 107205208, 4, -268.169464, 816.506714, -175.079926, 1, 0, 0, 0, 4.00
M, 107205208, 5, -176.444168, 810.657898, -162.376038, 1, 0, 0, 0, 3.34
M, 107205208, 6, -152.793106, 811.623169, -163.460571, 1, 0, 0, 0, 4.00
M, 107205208, 7, -130.012360, 811.076477, -167.782501, 1, 0, 0, 0, 4.00
M, 107206250, 0, -313.137604, 818.595032, -181.392090, 1, 0, 0, 0, 4.00
M, 107206250, 1, -240.769073, 809.969849, -165.934402, 1, 0, 0, 0, 4.00
M, 107206250, 2, -316.100891, 817.025696, -224.000412, 1, 0, 0, 0, 3.55
M, 107206250, 3, -211.822205, 810.046692, -161.408768, 1, 0, 0, 0, 4.00
M, 107206250, 4, -268.169067, 816.507141, -175.080917, 1, 0, 0, 0, 4.00
M, 107206250, 5, -176.443237, 810.657349, -162.376221, 1, 0, 0, 0, 4.00
M, 107206250, 6, -152.811783, 811.594910, -163.474396, 1, 0, 0, 0, 3.52
M, 107206250, 7, -130.011734, 811.077454, -167.781494, 1, 0, 0, 0, 4.00
M, 107207292, 0, -313.138092, 818.595276, -181.393112, 1, 0, 0, 0, 4.00
M, 107207292, 1, -240.768951, 809.968506, -165.934998, 1, 0, 0, 0, 4.00
M, 107207292, 2, -316.099701, 817.024048, -223.997284, 1, 0, 0, 0, 4.00
M, 107207292, 3, -211.837311, 810.044373, -161.415771, 1, 0, 0, 0, 3.79
M, 107207292, 4, -268.168701, 816.507568, -175.081955, 1, 0, 0, 0, 4.00
M, 107207292, 5, -176.441803, 810.657410, -162.375671, 1, 0, 0, 0, 4.00
M, 107207292, 6, -152.806992, 811.601074, -163.468979, 1, 0, 0, 0, 4.00
M, 107207292, 7, -130.024658, 811.072571, -167.780151, 1, 0, 0, 0, 3.07
M, 107208333, 0, -313.136292, 818.591614, -181.384674, 1, 0, 0, 0, 3.57
M, 107208333, 1, -240.768921, 809.967102, -165.935654, 1, 0, 0, 0, 4.00
M, 107208333, 2, -316.097931, 817.024780, -223.995224, 1, 0, 0, 0, 4.00
M, 107208333, 3, -211.833282, 810.044556, -161.411835, 1, 0, 0, 0, 4.00
M, 107208333, 4, -268.154694, 816.524231, -175.061722, 1, 0, 0, 0, 3.32
M, 107208333, 5, -176.440323, 810.657532, -162.375168, 1, 0, 0, 0, 4.00
M, 107208333, 6, -152.807739, 811.598999, -163.468140, 1, 0, 0, 0, 4.00
M, 107208333, 7, -130.021835, 811.074280, -167.779221, 1, 0, 0, 0, 4.00
M, 107209375, 0, -313.137115, 818.592590, -181.387207, 1, 0, 0, 0, 4.00
M, 107209375, 1, -240.760757, 809.973877, -165.925232, 1, 0, 0, 0, 3.34
M, 107209375, 2, -316.096130, 817.025696, -223.993073, 1, 0, 0, 0, 4.00
M, 107209375, 3, -211.833755, 810.044128, -161.410477, 1, 0, 0, 0, 4.00
M, 107209375, 4, -268.156616, 816.522034, -175.066223, 1, 0, 0, 0, 4.00
M, 107209375, 5, -176.445206, 810.654968, -162.368591, 1, 0, 0, 0, 3.34
M, 107209375, 6, -152.808502, 811.597107, -163.467255, 1, 0, 0, 0, 4.00
M, 107209375, 7, -130.022720, 811.074402, -167.778214, 1, 0, 0, 0, 4.00
M, 107210417, 0, -313.137299, 818.592529, -181.387207, 1, 0, 0, 0, 4.00
M, 107210417, 1, -240.761948, 809.971436, -165.927612, 1, 0, 0, 0, 4.00
M, 107210417, 2, -316.102875, 817.020813, -223.996231, 1, 0, 0, 0, 3.55
M, 107210417, 3, -211.834274, 810.043640, -161.409134, 1, 0, 0, 0, 4.00
M, 107210417, 4, -268.154694, 816.524292, -175.064880, 1, 0, 0, 0, 4.00
M, 107210417, 5, -176.442642, 810.655640, -162.369034, 1, 0, 0, 0, 4.00
M, 107210417, 6, -152.794464, 811.617676, -163.460907, 1, 0, 0, 0, 3.52
M, 107210417, 7, -130.023621, 811.074524, -167.777206, 1, 0, 0, 0, 4.00
M, 107211458, 0, -313.137543, 818.592468, -181.387146, 1, 0, 0, 0, 4.00
M, 107211458, 1, -240.760971, 809.971069, -165.927017, 1, 0, 0, 0, 4.00
M, 107211458, 2, -316.099609, 817.022766, -223.993225, 1, 0, 0, 0, 4.00
M, 107211458, 3, -211.824188, 810.043518, -161.402420, 1, 0, 0, 0, 3.79
M, 107211458, 4, -268.152893, 816.526367, -175.063599, 1, 0, 0, 0, 4.00
M, 107211458, 5, -176.441864, 810.655518, -162.367844, 1, 0, 0, 0, 4.00
M, 107211458, 6, -152.797653, 811.611816, -163.460983, 1, 0, 0, 0, 4.00
M, 107211458, 7, -130.016769, 811.079468, -167.784744, 1, 0, 0, 0, 3.07
M, 107212500, 0, -313.145874, 818.574524, -181.386795, 1, 0, 0, 0, 3.57
M, 107212500, 1, -240.759979, 809.970703, -165.926361, 1, 0, 0, 0, 4.00
M, 107212500, 2, -316.098755, 817.023071, -223.991714, 1, 0, 0, 0, 4.00
M, 107212500, 3, -211.826401, 810.043091, -161.401886, 1, 0, 0, 0, 4.00
M, 107212500, 4, -268.170837, 816.499268, -175.067825, 1, 0, 0, 0, 3.32
M, 107212500, 5, -176.441086, 810.655396, -162.366714, 1, 0, 0, 0, 4.00
M, 107212500, 6, -152.796829, 811.612427, -163.459503, 1, 0, 0, 0, 4.00
M, 107212500, 7, -130.018936, 811.078674, -167.782303, 1, 0, 0, 0, 4.00
M, 107213542, 0, -313.144745, 818.577332, -181.386841, 1, 0, 0, 0, 4.00
M, 107213542, 1, -240.778046, 809.967896, -165.924988, 1, 0, 0, 0, 3.45
M, 107213542, 2, -316.097931, 817.023254, -223.990158, 1, 0, 0, 0, 4.00
M, 107213542, 3, -211.825745, 810.042725, -161.399979, 1, 0, 0, 0, 4.00
M, 107213542, 4, -268.165710, 816.506348, -175.065628, 1, 0, 0, 0, 4.00
M, 107213542, 5, -176.454987, 810.653564, -162.379517, 1, 0, 0, 0, 3.34
M, 107213542, 6, -152.795990, 811.612793, -163.458038, 1, 0, 0, 0, 4.00
M, 107213542, 7, -130.018936, 811.079468, -167.782211, 1, 0, 0, 0, 4.00
M, 107214583, 0, -313.145874, 818.575317, -181.386795, 1, 0, 0, 0, 4.00
M, 107214583, 1, -240.773926, 809.967896, -165.924515, 1, 0, 0, 0, 4.00
M, 107214583, 2, -316.099945, 817.016785, -223.993652, 1, 0, 0, 0, 3.55
M, 107214583, 3, -211.825089, 810.042358, -161.398010, 1, 0, 0, 0, 4.00
M, 107214583, 4, -268.166077, 816.505310, -175.064941, 1, 0, 0, 0, 4.00
M, 107214583, 5, -176.451828, 810.653564, -162.376068, 1, 0, 0, 0, 4.00
M, 107214583, 6, -152.794678, 811.609375, -163.459259, 1, 0, 0, 0, 3.52
M, 107214583, 7, -130.018967, 811.080078, -167.782150, 1, 0, 0, 0, 4.00
M, 107215625, 0, -313.146973, 818.573364, -181.386703, 1, 0, 0, 0, 4.00
M, 107215625, 1, -240.775070, 809.967163, -165.923798, 1, 0, 0, 0, 4.00
M, 107215625, 2, -316.098633, 817.018188, -223.991257, 1, 0, 0, 0, 4.00
M, 107215625, 3, -211.838974, 810.036987, -161.421402, 1, 0, 0, 0, 3.79
M, 107215625, 4, -268.166443, 816.504272, -175.064255, 1, 0, 0, 0, 4.00
M, 107215625, 5, -176.452652, 810.653320, -162.376389, 1, 0, 0, 0, 4.00
M, 107215625, 6, -152.793900, 811.610535, -163.457352, 1, 0, 0, 0, 4.00
M, 107215625, 7, -130.023972, 811.070496, -167.790070, 1, 0, 0, 0, 3.07
M, 107216667, 0, -313.142365, 818.581055, -181.377518, 1, 0, 0, 0, 3.57
M, 107216667, 1, -240.776138, 809.966614, -165.923111, 1, 0, 0, 0, 4.00
M, 107216667, 2, -316.098053, 817.017700, -223.990280, 1, 0, 0, 0, 4.00
M, 107216667, 3, -211.835876, 810.037415, -161.415268, 1, 0, 0, 0, 4.00
M, 107216667, 4, -268.165527, 816.505676, -175.075790, 1, 0, 0, 0, 3.32
M, 107216667, 5, -176.453491, 810.652954, -162.376785, 1, 0, 0, 0, 4.00
M, 107216667, 6, -152.792953, 811.610779, -163.456161, 1, 0, 0, 0, 4.00
M, 107216667, 7, -130.023209, 811.072754, -167.788651, 1, 0, 0, 0, 4.00
M, 107217708, 0, -313.144470, 818.577393, -181.378952, 1, 0, 0, 0, 4.00
M, 107217708, 1, -240.762695, 809.972046, -165.913300, 1, 0, 0, 0, 3.34
M, 107217708, 2, -316.097443, 817.017212, -223.989258, 1, 0, 0, 0, 4.00
M, 107217708, 3, -211.836777, 810.036560, -161.416077, 1, 0, 0, 0, 4.00
M, 107217708, 4, -268.166077, 816.504272, -175.073074, 1, 0, 0, 0, 4.00
M, 107217708, 5, -176.459274, 810.656128, -162.379639, 1, 0, 0, 0, 3.34
M, 107217708, 6, -152.792023, 811.610779, -163.455032, 1, 0, 0, 0, 4.00
M, 107217708, 7, -130.023834, 811.072388, -167.789474, 1, 0, 0, 0, 4.00
M, 107218750, 0, -313.144928, 818.576355, -181.377899, 1, 0, 0, 0, 4.00
M, 107218750, 1, -240.766220, 809.970337, -165.914139, 1, 0, 0, 0, 4.00
M, 107218750, 2, -316.109131, 817.007996, -223.991409, 1, 0, 0, 0, 3.55
M, 107218750, 3, -211.837692, 810.035767, -161.416901, 1, 0, 0, 0, 4.00
M, 107218750, 4, -268.166260, 816.503479, -175.073700, 1, 0, 0, 0, 4.00
M, 107218750, 5, -176.459305, 810.655212, -162.379578, 1, 0, 0, 0, 4.00
M, 107218750, 6, -152.813538, 811.593506, -163.470825, 1, 0, 0, 0, 3.52
M, 107218750, 7, -130.024399, 811.071899, -167.790222, 1, 0, 0, 0, 4.00
M, 107219792, 0, -313.145477, 818.575378, -181.376862, 1, 0, 0, 0, 4.00
M, 107219792, 1, -240.765732, 809.970337, -165.912415, 1, 0, 0, 0, 4.00
M, 107219792, 2, -316.106567, 817.009033, -223.989853, 1, 0, 0, 0, 4.00
M, 107219792, 3, -211.825867, 810.034668, -161.420303, 1, 0, 0, 0, 3.79
M, 107219792, 4, -268.166443, 816.502808, -175.074326, 1, 0, 0, 0, 4.00
M, 107219792, 5, -176.460678, 810.655212, -162.380234, 1, 0, 0, 0, 4.00
M, 107219792, 6, -152.808929, 811.596375, -163.466858, 1, 0, 0, 0, 4.00
M, 107219792, 7, -130.016708, 811.083191, -167.792572, 1, 0, 0, 0, 3.07
M, 107220833, 0, -313.148682, 818.571289, -181.387924, 1, 0, 0, 0, 3.57
M, 107220833, 1, -240.765259, 809.970337, -165.910706, 1, 0, 0, 0, 4.00
M, 107220833, 2, -316.107330, 817.007629, -223.989212, 1, 0, 0, 0, 4.00
M, 107220833, 3, -211.828842, 810.033875, -161.420670, 1, 0, 0, 0, 4.00
M, 107220833, 4, -268.164948, 816.511414, -175.076859, 1, 0, 0, 0, 3.32
M, 107220833, 5, -176.462067, 810.655212, -162.380829, 1, 0, 0, 0, 4.00
M, 107220833, 6, -152.810501, 811.594482, -163.467575, 1, 0, 0, 0, 4.00
M, 107220833, 7, -130.018677, 811.080750, -167.793121, 1, 0, 0, 0, 4.00
M, 107221875, 0, -313.148682, 818.570801, -181.384888, 1, 0, 0, 0, 4.00
M, 107221875, 1, -240.776260, 809.972351, -165.936493, 1, 0, 0, 0, 3.34
M, 107221875, 2, -316.108124, 817.006104, -223.988556, 1, 0, 0, 0, 4.00
M, 107221875, 3, -211.828369, 810.032959, -161.421768, 1, 0, 0, 0, 4.00
M, 107221875, 4, -268.165436, 816.509094, -175.077194, 1, 0, 0, 0, 4.00
M, 107221875, 5, -176.458801, 810.659790, -162.384705, 1, 0, 0, 0, 3.34
M, 107221875, 6, -152.812027, 811.592651, -163.468262, 1, 0, 0, 0, 4.00
M, 107221875, 7, -130.018311, 811.081665, -167.794067, 1, 0, 0, 0, 4.00
M, 107222917, 0, -313.149475, 818.569519, -181.385117, 1, 0, 0, 0, 4.00
M, 107222917, 1, -240.773865, 809.972046, -165.930267, 1, 0, 0, 0, 4.00
M, 107222917, 2, -316.122498, 817.002625, -224.007507, 1, 0, 0, 0, 3.55
M, 107222917, 3, -211.827896, 810.032104, -161.422867, 1, 0, 0, 0, 4.00
M, 107222917, 4, -268.165436, 816.509399, -175.078049, 1, 0, 0, 0, 4.00
M, 107222917, 5, -176.460907, 810.659119, -162.384827, 1, 0, 0, 0, 4.00
M, 107222917, 6, -152.802246, 811.599121, -163.465851, 1, 0, 0, 0, 3.52
M, 107222917, 7, -130.018021, 811.082520, -167.795059, 1, 0, 0, 0, 4.00
M, 107223958, 0, -313.150238, 818.568298, -181.385361, 1, 0, 0, 0, 4.00
M, 107223958, 1, -240.774643, 809.972351, -165.931595, 1, 0, 0, 0, 4.00
M, 107223958, 2, -316.121063, 817.001587, -224.003632, 1, 0, 0, 0, 4.00
M, 107223958, 3, -211.844940, 810.052002, -161.435150, 1, 0, 0, 0, 3.79
M, 107223958, 4, -268.165436, 816.509644, -175.078888, 1, 0, 0, 0, 4.00
M, 107223958, 5, -176.461777, 810.659729, -162.385818, 1, 0, 0, 0, 4.00
M, 107223958, 6, -152.805649, 811.595886, -163.467072, 1, 0, 0, 0, 4.00
M, 107223958, 7, -130.014923, 811.073730, -167.793472, 1, 0, 0, 0, 3.07
M, 107225000, 0, -313.149536, 818.586060, -181.392303, 1, 0, 0, 0, 3.57
M, 107225000, 1, -240.775360, 809.972656, -165.932861, 1, 0, 0, 0, 4.00
M, 107225000, 2, -316.123322, 817.000000, -224.005112, 1, 0, 0, 0, 4.00
M, 107225000, 3, -211.841537, 810.047607, -161.434372, 1, 0, 0, 0, 4.00
M, 107225000, 4, -268.177094, 816.504211, -175.074127, 1, 0, 0, 0, 3.32
M, 107225000, 5, -176.462662, 810.660278, -162.386795, 1, 0, 0, 0, 4.00
M, 107225000, 6, -152.806000, 811.594849, -163.467422, 1, 0, 0, 0, 4.00
M, 107225000, 7, -130.015030, 811.076233, -167.794846, 1, 0, 0, 0, 4.00
M, 107226042, 0, -313.150604, 818.581543, -181.391464, 1, 0, 0, 0, 4.00
M, 107226042, 1, -240.774231, 809.973755, -165.939651, 1, 0, 0, 0, 3.34
M, 107226042, 2, -316.125580, 816.998230, -224.006607, 1, 0, 0, 0, 4.00
M, 107226042, 3, -211.842972, 810.048889, -161.436691, 1, 0, 0, 0, 4.00
M, 107226042, 4, -268.175140, 816.505493, -175.075851, 1, 0, 0, 0, 4.00
M, 107226042, 5, -176.473221, 810.659668, -162.388763, 1, 0, 0, 0, 3.34
M, 107226042, 6, -152.806305, 811.593811, -163.467819, 1, 0, 0, 0, 4.00
M, 107226042, 7, -130.014404, 811.075989, -167.795502, 1, 0, 0, 0, 4.00
M, 107227083, 0, -313.151184, 818.582336, -181.392487, 1, 0, 0, 0, 4.00
M, 107227083, 1, -240.775299, 809.973816, -165.940063, 1, 0, 0, 0, 4.00
M, 107227083, 2, -316.125885, 817.011353, -224.012985, 1, 0, 0, 0, 3.55
M, 107227083, 3, -211.844406, 810.050293, -161.439026, 1, 0, 0, 0, 4.00
M, 107227083, 4, -268.176453, 816.505066, -175.076111, 1, 0, 0, 0, 4.00
M, 107227083, 5, -176.472504, 810.660339, -162.389603, 1, 0, 0, 0, 4.00
M, 107227083, 6, -152.805405, 811.604309, -163.482025, 1, 0, 0, 0, 3.52
M, 107227083, 7, -130.013763, 811.075806, -167.796219, 1, 0, 0, 0, 4.00
M, 107228125, 0, -313.151855, 818.582886, -181.393463, 1, 0, 0, 0, 4.00
M, 107228125, 1, -240.775864, 809.974182, -165.942001, 1, 0, 0, 0, 4.00
M, 107228125, 2, -316.128448, 817.007263, -224.013672, 1, 0, 0, 0, 4.00
M, 107228125, 3, -211.844940, 810.051208, -161.434021, 1, 0, 0, 0, 3.79
M, 107228125, 4, -268.177765, 816.504700, -175.076385, 1, 0, 0, 0, 4.00
M, 107228125, 5, -176.474472, 810.660706, -162.390732, 1, 0, 0, 0, 4.00
M, 107228125, 6, -152.805939, 811.601440, -163.480118, 1, 0, 0, 0, 4.00
M, 107228125, 7, -130.019211, 811.069519, -167.784180, 1, 0, 0, 0, 3.07
M, 107229167, 0, -313.154297, 818.582336, -181.392426, 1, 0, 0, 0, 3.57
M, 107229167, 1, -240.776428, 809.974487, -165.943939, 1, 0, 0, 0, 4.00
M, 107229167, 2, -316.130585, 817.007019, -224.015701, 1, 0, 0, 0, 4.00
M, 107229167, 3, -211.846542, 810.052612, -161.437531, 1, 0, 0, 0, 4.00
M, 107229167, 4, -268.161682, 816.507568, -175.088898, 1, 0, 0, 0, 3.32
M, 107229167, 5, -176.476379, 810.661072, -162.391800, 1, 0, 0, 0, 4.00
M, 107229167, 6, -152.806091, 811.601746, -163.481964, 1, 0, 0, 0, 4.00
M, 107229167, 7, -130.017593, 811.070313, -167.786942, 1, 0, 0, 0, 4.00
M, 107230208, 0, -313.154602, 818.583374, -181.393768, 1, 0, 0, 0, 4.00
M, 107230208, 1, -240.772446, 809.993225, -165.940369, 1, 0, 0, 0, 3.34
M, 107230208, 2, -316.132629, 817.007019, -224.017761, 1, 0, 0, 0, 4.00
M, 107230208, 3, -211.847885, 810.053894, -161.439056, 1, 0, 0, 0, 4.00
M, 107230208, 4, -268.165833, 816.506714, -175.087112, 1, 0, 0, 0, 4.00
M, 107230208, 5, -176.471603, 810.659363, -162.382324, 1, 0, 0, 0, 3.34
M, 107230208, 6, -152.806274, 811.602051, -163.483871, 1, 0, 0, 0, 4.00
M, 107230208, 7, -130.017593, 811.069458, -167.786255, 1, 0, 0, 0, 4.00
M, 107231250, 0, -313.155426, 818.584045, -181.394470, 1, 0, 0, 0, 4.00
M, 107231250, 1, -240.773788, 809.990356, -165.943161, 1, 0, 0, 0, 4.00
M, 107231250, 2, -316.112457, 817.022461, -224.005722, 1, 0, 0, 0, 3.98
M, 107231250, 3, -211.849228, 810.055115, -161.440567, 1, 0, 0, 0, 4.00
M, 107231250, 4, -268.165192, 816.506775, -175.088669, 1, 0, 0, 0, 4.00
M, 107231250, 5, -176.474625, 810.660217, -162.385162, 1, 0, 0, 0, 4.00
M, 107231250, 6, -152.809052, 811.600037, -163.486496, 1, 0, 0, 0, 3.52
M, 107231250, 7, -130.017685, 811.068481, -167.785538, 1, 0, 0, 0, 4.00
M, 107232292, 0, -313.156189, 818.584534, -181.395248, 1, 0, 0, 0, 4.00
M, 107232292, 1, -240.773865, 809.992676, -165.944504, 1, 0, 0, 0, 4.00
M, 107232292, 2, -316.118256, 817.019775, -224.010071, 1, 0, 0, 0, 4.00
M, 107232292, 3, -211.848785, 810.037598, -161.433502, 1, 0, 0, 0, 3.79
M, 107232292, 4, -268.164581, 816.506775, -175.090210, 1, 0, 0, 0, 4.00
M, 107232292, 5, -176.475815, 810.660461, -162.385132, 1, 0, 0, 0, 4.00
M, 107232292, 6, -152.808777, 811.600769, -163.488266, 1, 0, 0, 0, 4.00
M, 107232292, 7, -130.017899, 811.072754, -167.786774, 1, 0, 0, 0, 3.07
M, 107233333, 0, -313.152252, 818.586060, -181.387207, 1, 0, 0, 0, 3.57
M, 107233333, 1, -240.773926, 809.994995, -165.945847, 1, 0, 0, 0, 4.00
M, 107233333, 2, -316.117889, 817.021362, -224.010574, 1, 0, 0, 0, 4.00
M, 107233333, 3, -211.850388, 810.042175, -161.436462, 1, 0, 0, 0, 4.00
M, 107233333, 4, -268.169952, 816.501526, -175.076736, 1, 0, 0, 0, 3.32
M, 107233333, 5, -176.476974, 810.660583, -162.385040, 1, 0, 0, 0, 4.00
M, 107233333, 6, -152.809250, 811.600830, -163.490250, 1, 0, 0, 0, 4.00
M, 107233333, 7, -130.017899, 811.071106, -167.785721, 1, 0, 0, 0, 4.00
M, 107234375, 0, -313.153809, 818.586548, -181.389404, 1, 0, 0, 0, 4.00
M, 107234375, 1, -240.758560, 809.978394, -165.929214, 1, 0, 0, 0, 3.34
M, 107234375, 2, -316.117584, 817.022949, -224.011078, 1, 0, 0, 0, 4.00
M, 107234375, 3, -211.851517, 810.041382, -161.436996, 1, 0, 0, 0, 4.00
M, 107234375, 4, -268.168396, 816.502380, -175.080795, 1, 0, 0, 0, 4.00
M, 107234375, 5, -176.448898, 810.665100, -162.379791, 1, 0, 0, 0, 3.34
M, 107234375, 6, -152.809692, 811.600891, -163.492157, 1, 0, 0, 0, 4.00
M, 107234375, 7, -130.017929, 811.070740, -167.785248, 1, 0, 0, 0, 4.00
M, 107235417, 0, -313.154175, 818.587280, -181.389206, 1, 0, 0, 0, 4.00
M, 107235417, 1, -240.761169, 809.983826, -165.933502, 1, 0, 0, 0, 4.00
M, 107235417, 2, -316.102936, 817.030884, -224.012039, 1, 0, 0, 0, 3.55
M, 107235417, 3, -211.852661, 810.040649, -161.437592, 1, 0, 0, 0, 4.00
M, 107235417, 4, -268.168396, 816.501892, -175.080734, 1, 0, 0, 0, 4.00
M, 107235417, 5, -176.455032, 810.664429, -162.380661, 1, 0, 0, 0, 4.00
M, 107235417, 6, -152.789551, 811.617188, -163.472610, 1, 0, 0, 0, 3.52
M, 107235417, 7, -130.017960, 811.070435, -167.784775, 1, 0, 0, 0, 4.00
M, 107236458, 0, -313.154419, 818.587830, -181.388992, 1, 0, 0, 0, 4.00
M, 107236458, 1, -240.759537, 809.984131, -165.932861, 1, 0, 0, 0, 4.00
M, 107236458, 2, -316.104828, 817.031494, -224.012451, 1, 0, 0, 0, 4.00
M, 107236458, 3, -211.824615, 810.067261, -161.418396, 1, 0, 0, 0, 3.79
M, 107236458, 4, -268.168396, 816.501343, -175.080673, 1, 0, 0, 0, 4.00
M, 107236458, 5, -176.453049, 810.665100, -162.380005, 1, 0, 0, 0, 4.00
M, 107236458, 6, -152.793427, 811.614502, -163.478119, 1, 0, 0, 0, 4.00
M, 107236458, 7, -130.006577, 811.075256, -167.767776, 1, 0, 0, 0, 3.07
M, 107237500, 0, -313.150726, 818.590881, -181.388672, 1, 0, 0, 0, 3.57
M, 107237500, 1, -240.757904, 809.984375, -165.932175, 1, 0, 0, 0, 4.00
M, 107237500, 2, -316.102997, 817.033752, -224.012985, 1, 0, 0, 0, 4.00
M, 107237500, 3, -211.830536, 810.062073, -161.422272, 1, 0, 0, 0, 4.00
M, 107237500, 4, -268.167389, 816.510437, -175.088516, 1, 0, 0, 0, 3.32
M, 107237500, 5, -176.451019, 810.665649, -162.379410, 1, 0, 0, 0, 4.00
M, 107237500, 6, -152.791641, 811.616333, -163.477707, 1, 0, 0, 0, 4.00
M, 107237500, 7, -130.008514, 811.074036, -167.770050, 1, 0, 0, 0, 4.00
M, 107238542, 0, -313.151672, 818.591309, -181.388519, 1, 0, 0, 0, 4.00
M, 107238542, 1, -240.760880, 809.980957, -165.938065, 1, 0, 0, 0, 3.34
M, 107238542, 2, -316.101013, 817.036194, -224.013489, 1, 0, 0, 0, 4.00
M, 107238542, 3, -211.828491, 810.064392, -161.420670, 1, 0, 0, 0, 4.00
M, 107238542, 4, -268.167572, 816.508179, -175.087143, 1, 0, 0, 0, 4.00
M, 107238542, 5, -176.457184, 810.665771, -162.374878, 1, 0, 0, 0, 3.34
M, 107238542, 6, -152.789795, 811.618225, -163.477295, 1, 0, 0, 0, 4.00
M, 107238542, 7, -130.007294, 811.074463, -167.767731, 1, 0, 0, 0, 4.00
M, 107239583, 0, -313.151550, 818.592163, -181.388306, 1, 0, 0, 0, 4.00
M, 107239583, 1, -240.758438, 809.981934, -165.936310, 1, 0, 0, 0, 4.00
M, 107239583, 2, -316.111755, 817.020691, -224.011139, 1, 0, 0, 0, 3.55
M, 107239583, 3, -211.826462, 810.066467, -161.419113, 1, 0, 0, 0, 4.00
M, 107239583, 4, -268.167511, 816.508850, -175.087952, 1, 0, 0, 0, 4.00
M, 107239583, 5, -176.453812, 810.666504, -162.374878, 1, 0, 0, 0, 4.00
M, 107239583, 6, -152.797485, 811.612244, -163.477493, 1, 0, 0, 0, 3.52
M, 107239583, 7, -130.006104, 811.074768, -167.765427, 1, 0, 0, 0, 4.00
M, 107240625, 0, -313.151428, 818.593140, -181.388092, 1, 0, 0, 0, 4.00
M, 107240625, 1, -240.757248, 809.981873, -165.936371, 1, 0, 0, 0, 4.00
M, 107240625, 2, -316.107819, 817.025879, -224.012177, 1, 0, 0, 0, 4.00
M, 107240625, 3, -211.830215, 810.059021, -161.423889, 1, 0, 0, 0, 3.79
M, 107240625, 4, -268.167450, 816.509338, -175.088730, 1, 0, 0, 0, 4.00
M, 107240625, 5, -176.452713, 810.667114, -162.373825, 1, 0, 0, 0, 4.00
M, 107240625, 6, -152.794052, 811.615417, -163.476959, 1, 0, 0, 0, 4.00
M, 107240625, 7, -130.014465, 811.078552, -167.776062, 1, 0, 0, 0, 3.07
M, 107241667, 0, -313.135101, 818.592041, -181.386963, 1, 0, 0, 0, 3.57
M, 107241667, 1, -240.756134, 809.981750, -165.936432, 1, 0, 0, 0, 4.00
M, 107241667, 2, -316.107239, 817.026184, -224.012421, 1, 0, 0, 0, 4.00
M, 107241667, 3, -211.827209, 810.062866, -161.421295, 1, 0, 0, 0, 4.00
M, 107241667, 4, -268.152802, 816.520996, -175.073486, 1, 0, 0, 0, 3.32
M, 107241667, 5, -176.451614, 810.667542, -162.372787, 1, 0, 0, 0, 4.00
M, 107241667, 6, -152.793304, 811.616394, -163.476669, 1, 0, 0, 0, 4.00
M, 107241667, 7, -130.011703, 811.078186, -167.771622, 1, 0, 0, 0, 4.00
M, 107242708, 0, -313.137665, 818.593262, -181.386902, 1, 0, 0, 0, 4.00
M, 107242708, 1, -240.748276, 809.984985, -165.920456, 1, 0, 0, 0, 3.34
M, 107242708, 2, -316.106689, 817.026733, -224.012634, 1, 0, 0, 0, 4.00
M, 107242708, 3, -211.825745, 810.064148, -161.420364, 1, 0, 0, 0, 4.00
M, 107242708, 4, -268.155121, 816.519653, -175.076950, 1, 0, 0, 0, 4.00
M, 107242708, 5, -176.445587, 810.669373, -162.360992, 1, 0, 0, 0, 3.34
M, 107242708, 6, -152.792526, 811.617371, -163.476303, 1, 0, 0, 0, 4.00
M, 107242708, 7, -130.011581, 811.078735, -167.770767, 1, 0, 0, 0, 4.00
M, 107243750, 0, -313.135803, 818.593872, -181.386581, 1, 0, 0, 0, 4.00
M, 107243750, 1, -240.748245, 809.984314, -165.923203, 1, 0, 0, 0, 4.00
M, 107243750, 2, -316.096985, 817.023254, -223.986526, 1, 0, 0, 0, 3.55
M, 107243750, 3, -211.824310, 810.065430, -161.419464, 1, 0, 0, 0, 4.00
M, 107243750, 4, -268.153503, 816.521240, -175.076035, 1, 0, 0, 0, 4.00
M, 107243750, 5, -176.445328, 810.669800, -162.361694, 1, 0, 0, 0, 4.00
M, 107243750, 6, -152.784760, 811.614746, -163.456940, 1, 0, 0, 0, 3.52
M, 107243750, 7, -130.011429, 811.079346, -167.769867, 1, 0, 0, 0, 4.00
M, 107244792, 0, -313.133850, 818.594727, -181.386246, 1, 0, 0, 0, 4.00
M, 107244792, 1, -240.746399, 809.984558, -165.921524, 1, 0, 0, 0, 4.00
M, 107244792, 2, -316.097992, 817.024170, -223.991058, 1, 0, 0, 0, 4.00
M, 107244792, 3, -211.821396, 810.060730, -161.402039, 1, 0, 0, 0, 3.79
M, 107244792, 4, -268.151825, 816.522827, -175.075073, 1, 0, 0, 0, 4.00
M, 107244792, 5, -176.443649, 810.670593, -162.359497, 1, 0, 0, 0, 4.00
M, 107244792, 6, -152.785141, 811.616333, -163.459763, 1, 0, 0, 0, 4.00
M, 107244792, 7, -130.004364, 811.080017, -167.766174, 1, 0, 0, 0, 3.07
M, 107245833, 0, -313.143555, 818.590027, -181.387802, 1, 0, 0, 0, 3.57
M, 107245833, 1, -240.744553, 809.984680, -165.919861, 1, 0, 0, 0, 4.00
M, 107245833, 2, -316.096497, 817.024109, -223.988464, 1, 0, 0, 0, 4.00
M, 107245833, 3, -211.820267, 810.062805, -161.403885, 1, 0, 0, 0, 4.00
M, 107245833, 4, -268.159882, 816.518127, -175.077164, 1, 0, 0, 0, 3.32
M, 107245833, 5, -176.441986, 810.671143, -162.357285, 1, 0, 0, 0, 4.00
M, 107245833, 6, -152.783630, 811.616821, -163.457382, 1, 0, 0, 0, 4.00
M, 107245833, 7, -130.005325, 811.080750, -167.765701, 1, 0, 0, 0, 4.00
M, 107246875, 0, -313.139740, 818.591736, -181.387146, 1, 0, 0, 0, 4.00
M, 107246875, 1, -240.764389, 809.991821, -165.939285, 1, 0, 0, 0, 3.34
M, 107246875, 2, -316.094940, 817.024048, -223.985840, 1, 0, 0, 0, 4.00
M, 107246875, 3, -211.818649, 810.063354, -161.401230, 1, 0, 0, 0, 4.00
M, 107246875, 4, -268.156616, 816.520935, -175.075729, 1, 0, 0, 0, 4.00
M, 107246875, 5, -176.450089, 810.672119, -162.366714, 1, 0, 0, 0, 3.34
M, 107246875, 6, -152.782074, 811.617554, -163.454971, 1, 0, 0, 0, 4.00
M, 107246875, 7, -130.004395, 811.081421, -167.764511, 1, 0, 0, 0, 4.00
M, 107247917, 0, -313.139160, 818.591919, -181.387085, 1, 0, 0, 0, 4.00
M, 107247917, 1, -240.758972, 809.990967, -165.934128, 1, 0, 0, 0, 4.00
M, 107247917, 2, -316.107452, 817.020996, -224.006378, 1, 0, 0, 0, 3.55
M, 107247917, 3, -211.817047, 810.063904, -161.398514, 1, 0, 0, 0, 4.00
M, 107247917, 4, -268.156006, 816.521851, -175.075073, 1, 0, 0, 0, 4.00
M, 107247917, 5, -176.446808, 810.672913, -162.362534, 1, 0, 0, 0, 4.00
M, 107247917, 6, -152.797546, 811.611511, -163.467606, 1, 0, 0, 0, 3.52
M, 107247917, 7, -130.003479, 811.082092, -167.763306, 1, 0, 0, 0, 4.00
M, 107248958, 0, -313.138428, 818.591980, -181.386902, 1, 0, 0, 0, 4.00
M, 107248958, 1, -240.759445, 809.992004, -165.934738, 1, 0, 0, 0, 4.00
M, 107248958, 2, -316.103638, 817.021362, -223.999878, 1, 0, 0, 0, 4.00
M, 107248958, 3, -211.841476, 810.043640, -161.412201, 1, 0, 0, 0, 3.96
M, 107248958, 4, -268.155396, 816.522888, -175.074417, 1, 0, 0, 0, 4.00
M, 107248958, 5, -176.446243, 810.673523, -162.361588, 1, 0, 0, 0, 4.00
M, 107248958, 6, -152.793182, 811.613159, -163.462692, 1, 0, 0, 0, 4.00
M, 107248958, 7, -130.014206, 811.075684, -167.764984, 1, 0, 0, 0, 3.07
M, 107250000, 0, -313.132233, 818.597229, -181.379700, 1, 0, 0, 0, 3.57
M, 107250000, 1, -240.759918, 809.993042, -165.935364, 1, 0, 0, 0, 4.00
M, 107250000, 2, -316.103638, 817.020935, -223.999756, 1, 0, 0, 0, 4.00
M, 107250000, 3, -211.835632, 810.047668, -161.406830, 1, 0, 0, 0, 4.00
M, 107250000, 4, -268.158997, 816.516846, -175.076202, 1, 0, 0, 0, 3.32
M, 107250000, 5, -176.445679, 810.674255, -162.360657, 1, 0, 0, 0, 4.00
M, 107250000, 6, -152.793488, 811.612976, -163.461914, 1, 0, 0, 0, 4.00
M, 107250000, 7, -130.011398, 811.077454, -167.763306, 1, 0, 0, 0, 4.00
M, 107251042, 0, -313.132599, 818.596436, -181.380829, 1, 0, 0, 0, 4.00
M, 107251042, 1, -240.745087, 809.999756, -165.925232, 1, 0, 0, 0, 3.34
M, 107251042, 2, -316.103638, 817.020569, -223.999634, 1, 0, 0, 0, 4.00
M, 107251042, 3, -211.836838, 810.046082, -161.405914, 1, 0, 0, 0, 4.00
M, 107251042, 4, -268.157684, 816.519043, -175.075195, 1, 0, 0, 0, 4.00
M, 107251042, 5, -176.455963, 810.654297, -162.376724, 1, 0, 0, 0, 3.34
M, 107251042, 6, -152.793808, 811.612915, -163.461166, 1, 0, 0, 0, 4.00
M, 107251042, 7, -130.011765, 811.077332, -167.762421, 1, 0, 0, 0, 4.00
M, 107252083, 0, -313.131287, 818.597107, -181.379929, 1, 0, 0, 0, 4.00
M, 107252083, 1, -240.748123, 809.999817, -165.927643, 1, 0, 0, 0, 4.00
M, 107252083, 2, -316.100861, 817.009155, -223.996719, 1, 0, 0, 0, 3.55
M, 107252083, 3, -211.838089, 810.044373, -161.404984, 1, 0, 0, 0, 4.00
M, 107252083, 4, -268.157501, 816.519348, -175.074829, 1, 0, 0, 0, 4.00
M, 107252083, 5, -176.453552, 810.658447, -162.372971, 1, 0, 0, 0, 4.00
M, 107252083, 6, -152.800461, 811.596680, -163.464920, 1, 0, 0, 0, 3.52
M, 107252083, 7, -130.012115, 811.077148, -167.761581, 1, 0, 0, 0, 4.00
M, 107253125, 0, -313.130096, 818.597717, -181.379074, 1, 0, 0, 0, 4.00
M, 107253125, 1, -240.746994, 810.001465, -165.927109, 1, 0, 0, 0, 4.00
M, 107253125, 2, -316.101257, 817.010681, -223.997009, 1, 0, 0, 0, 4.00
M, 107253125, 3, -211.820709, 810.055969, -161.403793, 1, 0, 0, 0, 3.79
M, 107253125, 4, -268.157318, 816.519653, -175.074448, 1, 0, 0, 0, 4.00
M, 107253125, 5, -176.454147, 810.657043, -162.373825, 1, 0, 0, 0, 4.00
M, 107253125, 6, -152.799713, 811.599243, -163.463440, 1, 0, 0, 0, 4.00
M, 107253125, 7, -130.021957, 811.070740, -167.775894, 1, 0, 0, 0, 3.07
M, 107254167, 0, -313.140991, 818.581726, -181.384460, 1, 0, 0, 0, 3.57
M, 107254167, 1, -240.745804, 810.003113, -165.926498, 1, 0, 0, 0, 4.00
M, 107254167, 2, -316.100952, 817.009033, -223.996628, 1, 0, 0, 0, 4.00
M, 107254167, 3, -211.825089, 810.052002, -161.402954, 1, 0, 0, 0, 4.00
M, 107254167, 4, -268.152893, 816.510864, -175.069473, 1, 0, 0, 0, 3.32
M, 107254167, 5, -176.454742, 810.655579, -162.374756, 1, 0, 0, 0, 4.00
M, 107254167, 6, -152.800766, 811.597290, -163.463135, 1, 0, 0, 0, 4.00
M, 107254167, 7, -130.020782, 811.071533, -167.772522, 1, 0, 0, 0, 4.00
M, 107255208, 0, -313.137726, 818.585205, -181.382553, 1, 0, 0, 0, 4.00
M, 107255208, 1, -240.762604, 809.998596, -165.933365, 1, 0, 0, 0, 3.34
M, 107255208, 2, -316.100677, 817.007568, -223.996185, 1, 0, 0, 0, 4.00
M, 107255208, 3, -211.824310, 810.051758, -161.402039, 1, 0, 0, 0, 4.00
M, 107255208, 4, -268.153442, 816.512817, -175.069824, 1, 0, 0, 0, 4.00
M, 107255208, 5, -176.445358, 810.659241, -162.364059, 1, 0, 0, 0, 3.34
M, 107255208, 6, -152.801773, 811.595459, -163.462891, 1, 0, 0, 0, 4.00
M, 107255208, 7, -130.022156, 811.070679, -167.773270, 1, 0, 0, 0, 4.00
M, 107256250, 0, -313.137787, 818.584045, -181.382339, 1, 0, 0, 0, 4.00
M, 107256250, 1, -240.758499, 810.001099, -165.931595, 1, 0, 0, 0, 4.00
M, 107256250, 2, -316.114685, 817.003967, -224.003204, 1, 0, 0, 0, 3.55
M, 107256250, 3, -211.823517, 810.051514, -161.401108, 1, 0, 0, 0, 4.00
M, 107256250, 4, -268.152832, 816.512024, -175.069000, 1, 0, 0, 0, 4.00
M, 107256250, 5, -176.447586, 810.656982, -162.366852, 1, 0, 0, 0, 4.00
M, 107256250, 6, -152.788834, 811.603088, -163.458130, 1, 0, 0, 0, 3.52
M, 107256250, 7, -130.023560, 811.069824, -167.774094, 1, 0, 0, 0, 4.00
M, 107257292, 0, -313.137970, 818.582825, -181.382202, 1, 0, 0, 0, 4.00
M, 107257292, 1, -240.759293, 810.002014, -165.931870, 1, 0, 0, 0, 4.00
M, 107257292, 2, -316.112000, 817.002625, -224.001572, 1, 0, 0, 0, 4.00
M, 107257292, 3, -211.822937, 810.053711, -161.420242, 1, 0, 0, 0, 3.79
M, 107257292, 4, -268.152191, 816.511292, -175.068161, 1, 0, 0, 0, 4.00
M, 107257292, 5, -176.447113, 810.655884, -162.366501, 1, 0, 0, 0, 4.00
M, 107257292, 6, -152.792114, 811.599731, -163.458542, 1, 0, 0, 0, 4.00
M, 107257292, 7, -130.017334, 811.078979, -167.778030, 1, 0, 0, 0, 3.07
M, 107258333, 0, -313.139038, 818.589966, -181.380585, 1, 0, 0, 0, 3.57
M, 107258333, 1, -240.760040, 810.003113, -165.932144, 1, 0, 0, 0, 4.00
M, 107258333, 2, -316.113312, 817.000793, -224.001938, 1, 0, 0, 0, 4.00
M, 107258333, 3, -211.822174, 810.052917, -161.416016, 1, 0, 0, 0, 4.00
M, 107258333, 4, -268.170837, 816.501892, -175.080917, 1, 0, 0, 0, 3.32
M, 107258333, 5, -176.446640, 810.654907, -162.366135, 1, 0, 0, 0, 4.00
M, 107258333, 6, -152.791641, 811.598877, -163.457825, 1, 0, 0, 0, 4.00
M, 107258333, 7, -130.020020, 811.076416, -167.778305, 1, 0, 0, 0, 4.00
M, 107259375, 0, -313.138977, 818.587402, -181.380646, 1, 0, 0, 0, 4.00
M, 107259375, 1, -240.762283, 809.992126, -165.941254, 1, 0, 0, 0, 3.34
M, 107259375, 2, -316.114563, 816.998901, -224.002380, 1, 0, 0, 0, 4.00
M, 107259375, 3, -211.821457, 810.052917, -161.417267, 1, 0, 0, 0, 4.00
M, 107259375, 4, -268.167023, 816.502625, -175.077820, 1, 0, 0, 0, 4.00
M, 107259375, 5, -176.453552, 810.649597, -162.368195, 1, 0, 0, 0, 3.34
M, 107259375, 6, -152.791077, 811.598083, -163.457031, 1, 0, 0, 0, 4.00
M, 107259375, 7, -130.020584, 811.076660, -167.779465, 1, 0, 0, 0, 4.00
M, 107260417, 0, -313.139160, 818.587158, -181.380295, 1, 0, 0, 0, 4.00
M, 107260417, 1, -240.762848, 809.995178, -165.940063, 1, 0, 0, 0, 4.00
M, 107260417, 2, -316.105072, 817.013123, -224.014603, 1, 0, 0, 0, 3.55
M, 107260417, 3, -211.820679, 810.052856, -161.418518, 1, 0, 0, 0, 4.00
M, 107260417, 4, -268.168518, 816.500916, -175.078445, 1, 0, 0, 0, 4.00
M, 107260417, 5, -176.451859, 810.649353, -162.367416, 1, 0, 0, 0, 4.00
M, 107260417, 6, -152.797623, 811.602661, -163.475800, 1, 0, 0, 0, 3.52
M, 107260417, 7, -130.021179, 811.076843, -167.780594, 1, 0, 0, 0, 4.00
M, 107261458, 0, -313.139404, 818.586914, -181.379929, 1, 0, 0, 0, 4.00
M, 107261458, 1, -240.763763, 809.994812, -165.941284, 1, 0, 0, 0, 4.00
M, 107261458, 2, -316.108063, 817.008484, -224.013046, 1, 0, 0, 0, 4.00
M, 107261458, 3, -211.834808, 810.051147, -161.424362, 1, 0, 0, 0, 3.79
M, 107261458, 4, -268.170013, 816.499329, -175.079071, 1, 0, 0, 0, 4.00
M, 107261458, 5, -176.452179, 810.647827, -162.367371, 1, 0, 0, 0, 4.00
M, 107261458, 6, -152.795959, 811.600952, -163.471832, 1, 0, 0, 0, 4.00
M, 107261458, 7, -130.022583, 811.082947, -167.783844, 1, 0, 0, 0, 3.07
M, 107262500, 0, -313.144684, 818.579773, -181.377792, 1, 0, 0, 0, 3.57
M, 107262500, 1, -240.764755, 809.994385, -165.942566, 1, 0, 0, 0, 4.00
M, 107262500, 2, -316.108185, 817.008484, -224.014709, 1, 0, 0, 0, 4.00
M, 107262500, 3, -211.831589, 810.051453, -161.424835, 1, 0, 0, 0, 4.00
M, 107262500, 4, -268.161255, 816.515747, -175.087585, 1, 0, 0, 0, 3.32
M, 107262500, 5, -176.452530, 810.646362, -162.367249, 1, 0, 0, 0, 4.00
M, 107262500, 6, -152.796234, 811.600708, -163.473175, 1, 0, 0, 0, 4.00
M, 107262500, 7, -130.022964, 811.082336, -167.784592, 1, 0, 0, 0, 4.00
M, 107263542, 0, -313.144043, 818.580688, -181.377670, 1, 0, 0, 0, 4.00
M, 107263542, 1, -240.760498, 809.976563, -165.941528, 1, 0, 0, 0, 3.34
M, 107263542, 2, -316.108307, 817.008362, -224.016388, 1, 0, 0, 0, 4.00
M, 107263542, 3, -211.832474, 810.051147, -161.426590, 1, 0, 0, 0, 4.00
M, 107263542, 4, -268.164459, 816.510925, -175.086929, 1, 0, 0, 0, 4.00
M, 107263542, 5, -176.452301, 810.659790, -162.378204, 1, 0, 0, 0, 3.34
M, 107263542, 6, -152.796463, 811.600464, -163.474518, 1, 0, 0, 0, 4.00
M, 107263542, 7, -130.023651, 811.083191, -167.785995, 1, 0, 0, 0, 4.00
M, 107264583, 0, -313.144806, 818.579773, -181.377197, 1, 0, 0, 0, 4.00
M, 107264583, 1, -240.762314, 809.979187, -165.943130, 1, 0, 0, 0, 4.00
M, 107264583, 2, -316.107117, 817.030029, -224.019241, 1, 0, 0, 0, 3.55
M, 107264583, 3, -211.833344, 810.050903, -161.428345, 1, 0, 0, 0, 4.00
M, 107264583, 4, -268.164886, 816.511108, -175.088425, 1, 0, 0, 0, 4.00
M, 107264583, 5, -176.452713, 810.655884, -162.376297, 1, 0, 0, 0, 4.00
M, 107264583, 6, -152.800644, 811.597595, -163.471893, 1, 0, 0, 0, 3.52
M, 107264583, 7, -130.024307, 811.084167, -167.787369, 1, 0, 0, 0, 4.00
M, 107265625, 0, -313.145599, 818.578613, -181.376648, 1, 0, 0, 0, 4.00
M, 107265625, 1, -240.762726, 809.976868, -165.944122, 1, 0, 0, 0, 4.00
M, 107265625, 2, -316.107452, 817.026184, -224.020737, 1, 0, 0, 0, 4.00
M, 107265625, 3, -211.833908, 810.042236, -161.425140, 1, 0, 0, 0, 3.79
M, 107265625, 4, -268.165253, 816.511353, -175.089951, 1, 0, 0, 0, 4.00
M, 107265625, 5, -176.452957, 810.656128, -162.377380, 1, 0, 0, 0, 4.00
M, 107265625, 6, -152.800278, 811.597778, -163.473953, 1, 0, 0, 0, 4.00
M, 107265625, 7, -130.015457, 811.068359, -167.781021, 1, 0, 0, 0, 3.07
M, 107266667, 0, -313.129669, 818.591919, -181.369980, 1, 0, 0, 0, 3.57
M, 107266667, 1, -240.763107, 809.974609, -165.945160, 1, 0, 0, 0, 4.00
M, 107266667, 2, -316.107330, 817.028564, -224.022552, 1, 0, 0, 0, 4.00
M, 107266667, 3, -211.834808, 810.043396, -161.427719, 1, 0, 0, 0, 4.00
M, 107266667, 4, -268.154572, 816.517212, -175.077957, 1, 0, 0, 0, 3.60
M, 107266667, 5, -176.453186, 810.656372, -162.378448, 1, 0, 0, 0, 4.00
M, 107266667, 6, -152.800964, 811.597168, -163.474915, 1, 0, 0, 0, 4.00
M, 107266667, 7, -130.017685, 811.072021, -167.783661, 1, 0, 0, 0, 4.00
M, 107267708, 0, -313.133179, 818.588501, -181.370453, 1, 0, 0, 0, 4.00
M, 107267708, 1, -240.754440, 809.993652, -165.943405, 1, 0, 0, 0, 3.34
M, 107267708, 2, -316.107330, 817.031006, -224.024368, 1, 0, 0, 0, 4.00
M, 107267708, 3, -211.835632, 810.042297, -161.428955, 1, 0, 0, 0, 4.00
M, 107267708, 4, -268.156830, 816.516602, -175.081635, 1, 0, 0, 0, 4.00
M, 107267708, 5, -176.459656, 810.649109, -162.386139, 1, 0, 0, 0, 3.34
M, 107267708, 6, -152.801651, 811.596680, -163.475861, 1, 0, 0, 0, 4.00
M, 107267708, 7, -130.017303, 811.071106, -167.784210, 1, 0, 0, 0, 4.00
M, 107268750, 0, -313.132172, 818.589111, -181.369202, 1, 0, 0, 0, 4.00
M, 107268750, 1, -240.756348, 809.987915, -165.944839, 1, 0, 0, 0, 4.00
M, 107268750, 2, -316.103638, 817.006104, -224.005539, 1, 0, 0, 0, 3.55
M, 107268750, 3, -211.836472, 810.041260, -161.430145, 1, 0, 0, 0, 4.00
M, 107268750, 4, -268.155945, 816.517456, -175.081696, 1, 0, 0, 0, 4.00
M, 107268750, 5, -176.458878, 810.650452, -162.386169, 1, 0, 0, 0, 4.00
M, 107268750, 6, -152.808807, 811.596069, -163.479645, 1, 0, 0, 0, 3.52
M, 107268750, 7, -130.016922, 811.070068, -167.784714, 1, 0, 0, 0, 4.00
M, 107269792, 0, -313.131104, 818.589539, -181.368042, 1, 0, 0, 0, 4.00
M, 107269792, 1, -240.755722, 809.987976, -165.945526, 1, 0, 0, 0, 4.00
M, 107269792, 2, -316.104187, 817.013123, -224.010757, 1, 0, 0, 0, 4.00
M, 107269792, 3, -211.828934, 810.050354, -161.425842, 1, 0, 0, 0, 3.79
M, 107269792, 4, -268.155182, 816.518311, -175.081696, 1, 0, 0, 0, 4.00
M, 107269792, 5, -176.459808, 810.649963, -162.387985, 1, 0, 0, 0, 4.00
M, 107269792, 6, -152.808426, 811.595520, -163.480118, 1, 0, 0, 0, 4.00
M, 107269792, 7, -130.003677, 811.072754, -167.772308, 1, 0, 0, 0, 3.07
M, 107270833, 0, -313.126984, 818.593933, -181.374802, 1, 0, 0, 0, 3.57
M, 107270833, 1, -240.755157, 809.988037, -165.946213, 1, 0, 0, 0, 4.00
M, 107270833, 2, -316.103699, 817.012451, -224.010300, 1, 0, 0, 0, 4.00
M, 107270833, 3, -211.831146, 810.047607, -161.427994, 1, 0, 0, 0, 4.00
M, 107270833, 4, -268.162323, 816.517761, -175.080582, 1, 0, 0, 0, 3.32
M, 107270833, 5, -176.460739, 810.649353, -162.389771, 1, 0, 0, 0, 4.00
M, 107270833, 6, -152.809814, 811.594971, -163.481369, 1, 0, 0, 0, 4.00
M, 107270833, 7, -130.005417, 811.071350, -167.774994, 1, 0, 0, 0, 4.00
M, 107271875, 0, -313.126526, 818.593811, -181.372299, 1, 0, 0, 0, 4.00
M, 107271875, 1, -240.755692, 809.986328, -165.936996, 1, 0, 0, 0, 3.34
M, 107271875, 2, -316.103302, 817.011841, -224.009888, 1, 0, 0, 0, 4.00
M, 107271875, 3, -211.830994, 810.047668, -161.428558, 1, 0, 0, 0, 4.00
M, 107271875, 4, -268.160126, 816.519043, -175.080795, 1, 0, 0, 0, 4.00
M, 107271875, 5, -176.460220, 810.648987, -162.376419, 1, 0, 0, 0, 3.34
M, 107271875, 6, -152.811188, 811.594421, -163.482590, 1, 0, 0, 0, 4.00
M, 107271875, 7, -130.003647, 811.070740, -167.774094, 1, 0, 0, 0, 4.00
M, 107272917, 0, -313.125092, 818.594910, -181.371918, 1, 0, 0, 0, 4.00
M, 107272917, 1, -240.754883, 809.986633, -165.939316, 1, 0, 0, 0, 4.00
M, 107272917, 2, -316.111755, 817.003174, -224.013611, 1, 0, 0, 0, 3.55
M, 107272917, 3, -211.830902, 810.047729, -161.429123, 1, 0, 0, 0, 4.00
M, 107272917, 4, -268.160187, 816.519714, -175.080673, 1, 0, 0, 0, 4.00
M, 107272917, 5, -176.461411, 810.648254, -162.380753, 1, 0, 0, 0, 4.00
M, 107272917, 6, -152.809402, 811.595520, -163.488861, 1, 0, 0, 0, 3.52
M, 107272917, 7, -130.001862, 811.070190, -167.773209, 1, 0, 0, 0, 4.00
M, 107273958, 0, -313.123657, 818.595764, -181.371582, 1, 0, 0, 0, 4.00
M, 107273958, 1, -240.754440, 809.986572, -165.938904, 1, 0, 0, 0, 4.00
M, 107273958, 2, -316.109833, 817.003845, -224.012512, 1, 0, 0, 0, 4.00
M, 107273958, 3, -211.830597, 810.049072, -161.432144, 1, 0, 0, 0, 3.79
M, 107273958, 4, -268.160187, 816.520508, -175.080551, 1, 0, 0, 0, 4.00
M, 107273958, 5, -176.462219, 810.647705, -162.380890, 1, 0, 0, 0, 4.00
M, 107273958, 6, -152.811340, 811.594604, -163.489304, 1, 0, 0, 0, 4.00
M, 107273958, 7, -130.005981, 811.072510, -167.775406, 1, 0, 0, 0, 3.07
M, 107275000, 0, -313.122986, 818.598572, -181.382736, 1, 0, 0, 0, 3.57
M, 107275000, 1, -240.753937, 809.986511, -165.938492, 1, 0, 0, 0, 4.00
M, 107275000, 2, -316.110321, 817.002319, -224.012543, 1, 0, 0, 0, 4.00
M, 107275000, 3, -211.830521, 810.048767, -161.432343, 1, 0, 0, 0, 4.00
M, 107275000, 4, -268.150391, 816.529541, -175.079849, 1, 0, 0, 0, 3.32
M, 107275000, 5, -176.463028, 810.646973, -162.381073, 1, 0, 0, 0, 4.00
M, 107275000, 6, -152.812439, 811.594055, -163.491119, 1, 0, 0, 0, 4.00
M, 107275000, 7, -130.003174, 811.071655, -167.774017, 1, 0, 0, 0, 4.00
M, 107276042, 0, -313.121521, 818.599243, -181.380524, 1, 0, 0, 0, 4.00
M, 107276042, 1, -240.742523, 809.990845, -165.933304, 1, 0, 0, 0, 3.34
M, 107276042, 2, -316.110870, 817.000854, -224.012512, 1, 0, 0, 0, 4.00
M, 107276042, 3, -211.830460, 810.048889, -161.433212, 1, 0, 0, 0, 4.00
M, 107276042, 4, -268.152069, 816.528687, -175.079849, 1, 0, 0, 0, 4.00
M, 107276042, 5, -176.437637, 810.663879, -162.363724, 1, 0, 0, 0, 3.34
M, 107276042, 6, -152.813507, 811.593750, -163.492935, 1, 0, 0, 0, 4.00
M, 107276042, 7, -130.002045, 811.071472, -167.773453, 1, 0, 0, 0, 4.00
M, 107277083, 0, -313.120209, 818.600403, -181.381393, 1, 0, 0, 0, 4.00
M, 107277083, 1, -240.743835, 809.989990, -165.933685, 1, 0, 0, 0, 4.00
M, 107277083, 2, -316.098389, 817.009460, -224.007950, 1, 0, 0, 0, 3.55
M, 107277083, 3, -211.830338, 810.049011, -161.434067, 1, 0, 0, 0, 4.00
M, 107277083, 4, -268.151062, 816.530334, -175.079666, 1, 0, 0, 0, 4.00
M, 107277083, 5, -176.442764, 810.660461, -162.366852, 1, 0, 0, 0, 4.00
M, 107277083, 6, -152.805283, 811.601746, -163.475296, 1, 0, 0, 0, 3.52
M, 107277083, 7, -130.000885, 811.071289, -167.772842, 1, 0, 0, 0, 4.00
M, 107278125, 0, -313.118896, 818.601624, -181.382324, 1, 0, 0, 0, 4.00
M, 107278125, 1, -240.742126, 809.990417, -165.932770, 1, 0, 0, 0, 4.00
M, 107278125, 2, -316.101135, 817.006226, -224.008728, 1, 0, 0, 0, 4.00
M, 107278125, 3, -211.820679, 810.047729, -161.413666, 1, 0, 0, 0, 3.79
M, 107278125, 4, -268.150055, 816.532043, -175.079544, 1, 0, 0, 0, 4.00
M, 107278125, 5, -176.440735, 810.661682, -162.365097, 1, 0, 0, 0, 4.00
M, 107278125, 6, -152.807907, 811.599915, -163.480301, 1, 0, 0, 0, 4.00
M, 107278125, 7, -130.000320, 811.071960, -167.766113, 1, 0, 0, 0, 3.07
M, 107279167, 0, -313.131775, 818.594421, -181.377197, 1, 0, 0, 0, 3.57
M, 107279167, 1, -240.740463, 809.990723, -165.931839, 1, 0, 0, 0, 4.00
M, 107279167, 2, -316.100189, 817.005859, -224.008224, 1, 0, 0, 0, 4.00
M, 107279167, 3, -211.822113, 810.048218, -161.418045, 1, 0, 0, 0, 4.00
M, 107279167, 4, -268.156891, 816.521851, -175.080109, 1, 0, 0, 0, 3.32
M, 107279167, 5, -176.438644, 810.662964, -162.363373, 1, 0, 0, 0, 4.00
M, 107279167, 6, -152.807938, 811.600342, -163.480011, 1, 0, 0, 0, 4.00
M, 107279167, 7, -129.999100, 811.071655, -167.766586, 1, 0, 0, 0, 4.00
M, 107280208, 0, -313.128113, 818.596924, -181.379105, 1, 0, 0, 0, 4.00
M, 107280208, 1, -240.753128, 809.986328, -165.930206, 1, 0, 0, 0, 3.34
M, 107280208, 2, -316.099304, 817.005554, -224.007736, 1, 0, 0, 0, 4.00
M, 107280208, 3, -211.820984, 810.048279, -161.416580, 1, 0, 0, 0, 4.00
M, 107280208, 4, -268.154572, 816.525269, -175.079849, 1, 0, 0, 0, 4.00
M, 107280208, 5, -176.446518, 810.666626, -162.368500, 1, 0, 0, 0, 3.34
M, 107280208, 6, -152.807968, 811.600891, -163.479675, 1, 0, 0, 0, 4.00
M, 107280208, 7, -129.998016, 811.071533, -167.765335, 1, 0, 0, 0, 4.00
M, 107281250, 0, -313.128357, 818.597168, -181.379333, 1, 0, 0, 0, 4.00
M, 107281250, 1, -240.749130, 809.987366, -165.929398, 1, 0, 0, 0, 4.00
M, 107281250, 2, -316.100189, 817.021057, -224.008392, 1, 0, 0, 0, 3.55
M, 107281250, 3, -211.819809, 810.048401, -161.415115, 1, 0, 0, 0, 4.00
M, 107281250, 4, -268.154388, 816.525635, -175.079758, 1, 0, 0, 0, 4.00
M, 107281250, 5, -176.442764, 810.667603, -162.365570, 1, 0, 0, 0, 4.00
M, 107281250, 6, -152.798584, 811.604980, -163.471863, 1, 0, 0, 0, 3.52
M, 107281250, 7, -129.996918, 811.071411, -167.764114, 1, 0, 0, 0, 4.00
M, 107282292, 0, -313.128662, 818.597412, -181.379608, 1, 0, 0, 0, 4.00
M, 107282292, 1, -240.749023, 809.987183, -165.928436, 1, 0, 0, 0, 4.00
M, 107282292, 2, -316.098999, 817.018127, -224.007736, 1, 0, 0, 0, 4.00
M, 107282292, 3, -211.836716, 810.057129, -161.415634, 1, 0, 0, 0, 3.79
M, 107282292, 4, -268.154266, 816.526001, -175.079666, 1, 0, 0, 0, 4.00
M, 107282292, 5, -176.441772, 810.669250, -162.364624, 1, 0, 0, 0, 4.00
M, 107282292, 6, -152.800156, 811.604919, -163.472763, 1, 0, 0, 0, 4.00
M, 107282292, 7, -130.016800, 811.076965, -167.767426, 1, 0, 0, 0, 3.07
M, 107283333, 0, -313.133057, 818.600403, -181.378922, 1, 0, 0, 0, 3.57
M, 107283333, 1, -240.748932, 809.987000, -165.927429, 1, 0, 0, 0, 4.00
M, 107283333, 2, -316.098358, 817.019287, -224.007385, 1, 0, 0, 0, 4.00
M, 107283333, 3, -211.832596, 810.055664, -161.413834, 1, 0, 0, 0, 4.00
M, 107283333, 4, -268.153503, 816.529480, -175.080383, 1, 0, 0, 0, 3.32
M, 107283333, 5, -176.440735, 810.670898, -162.363602, 1, 0, 0, 0, 4.00
M, 107283333, 6, -152.799149, 811.605896, -163.471603, 1, 0, 0, 0, 4.00
M, 107283333, 7, -130.012299, 811.075867, -167.765457, 1, 0, 0, 0, 4.00
M, 107284375, 0, -313.132599, 818.600281, -181.379303, 1, 0, 0, 0, 4.00
M, 107284375, 1, -240.757248, 809.986511, -165.936966, 1, 0, 0, 0, 3.45
M, 107284375, 2, -316.097687, 817.020630, -224.007019, 1, 0, 0, 0, 4.00
M, 107284375, 3, -211.833435, 810.056702, -161.412613, 1, 0, 0, 0, 4.00
M, 107284375, 4, -268.153442, 816.529297, -175.080109, 1, 0, 0, 0, 4.00
M, 107284375, 5, -176.459335, 810.656738, -162.369568, 1, 0, 0, 0, 3.34
M, 107284375, 6, -152.798141, 811.606750, -163.470474, 1, 0, 0, 0, 4.00
M, 107284375, 7, -130.013489, 811.076416, -167.764709, 1, 0, 0, 0, 4.00
M, 107285417, 0, -313.133240, 818.600952, -181.379456, 1, 0, 0, 0, 4.00
M, 107285417, 1, -240.755753, 809.986328, -165.934219, 1, 0, 0, 0, 4.00
M, 107285417, 2, -316.096741, 817.021301, -224.006317, 1, 0, 0, 0, 3.55
M, 107285417, 3, -211.834274, 810.057739, -161.411423, 1, 0, 0, 0, 4.00
M, 107285417, 4, -268.153198, 816.530029, -175.080078, 1, 0, 0, 0, 4.00
M, 107285417, 5, -176.455093, 810.660828, -162.367416, 1, 0, 0, 0, 4.00
M, 107285417, 6, -152.805054, 811.604187, -163.475418, 1, 0, 0, 0, 3.52
M, 107285417, 7, -130.014679, 811.076904, -167.763962, 1, 0, 0, 0, 4.00
M, 107286458, 0, -313.133972, 818.601440, -181.379578, 1, 0, 0, 0, 4.00
M, 107286458, 1, -240.756592, 809.986023, -165.934402, 1, 0, 0, 0, 4.00
M, 107286458, 2, -316.096069, 817.022827, -224.006012, 1, 0, 0, 0, 4.00
M, 107286458, 3, -211.833313, 810.047668, -161.398849, 1, 0, 0, 0, 3.79
M, 107286458, 4, -268.152893, 816.530823, -175.080078, 1, 0, 0, 0, 4.00
M, 107286458, 5, -176.456238, 810.660645, -162.367188, 1, 0, 0, 0, 4.00
M, 107286458, 6, -152.802719, 811.605774, -163.473206, 1, 0, 0, 0, 4.00
M, 107286458, 7, -130.019531, 811.062317, -167.765076, 1, 0, 0, 0, 3.07
M, 107287500, 0, -313.147308, 818.588135, -181.376602, 1, 0, 0, 0, 3.57
M, 107287500, 1, -240.757416, 809.985779, -165.934586, 1, 0, 0, 0, 4.00
M, 107287500, 2, -316.095428, 817.024048, -224.005600, 1, 0, 0, 0, 4.00
M, 107287500, 3, -211.834442, 810.050476, -161.399475, 1, 0, 0, 0, 4.00
M, 107287500, 4, -268.148254, 816.524231, -175.060654, 1, 0, 0, 0, 3.32
M, 107287500, 5, -176.457397, 810.660522, -162.366943, 1, 0, 0, 0, 4.00
M, 107287500, 6, -152.802551, 811.606384, -163.472733, 1, 0, 0, 0, 4.00
M, 107287500, 7, -130.020157, 811.065247, -167.764023, 1, 0, 0, 0, 4.00
M, 107288542, 0, -313.145935, 818.591003, -181.377258, 1, 0, 0, 0, 4.00
M, 107288542, 1, -240.745087, 809.987183, -165.925644, 1, 0, 0, 0, 3.34
M, 107288542, 2, -316.094696, 817.025330, -224.005173, 1, 0, 0, 0, 4.00
M, 107288542, 3, -211.835037, 810.050293, -161.396973, 1, 0, 0, 0, 4.00
M, 107288542, 4, -268.148743, 816.525940, -175.063873, 1, 0, 0, 0, 4.00
M, 107288542, 5, -176.433792, 810.684570, -162.361435, 1, 0, 0, 0, 3.34
M, 107288542, 6, -152.802429, 811.606812, -163.472290, 1, 0, 0, 0, 4.00
M, 107288542, 7, -130.021774, 811.064148, -167.763519, 1, 0, 0, 0, 4.00
M, 107289583, 0, -313.147980, 818.590027, -181.377075, 1, 0, 0, 0, 4.00
M, 107289583, 1, -240.748093, 809.986572, -165.927307, 1, 0, 0, 0, 4.00
M, 107289583, 2, -316.106262, 817.014160, -224.004196, 1, 0, 0, 0, 3.55
M, 107289583, 3, -211.835632, 810.050110, -161.394501, 1, 0, 0, 0, 4.00
M, 107289583, 4, -268.148010, 816.525879, -175.061752, 1, 0, 0, 0, 4.00
M, 107289583, 5, -176.439011, 810.680420, -162.362061, 1, 0, 0, 0, 4.00
M, 107289583, 6, -152.788239, 811.623962, -163.465851, 1, 0, 0, 0, 3.52
M, 107289583, 7, -130.023346, 811.063049, -167.762985, 1, 0, 0, 0, 4.00
M, 107290625, 0, -313.150055, 818.589172, -181.376862, 1, 0, 0, 0, 4.00
M, 107290625, 1, -240.747498, 809.986572, -165.926483, 1, 0, 0, 0, 4.00
M, 107290625, 2, -316.103516, 817.017456, -224.003922, 1, 0, 0, 0, 4.00
M, 107290625, 3, -211.833191, 810.048340, -161.404419, 1, 0, 0, 0, 3.79
M, 107290625, 4, -268.147308, 816.525757, -175.059631, 1, 0, 0, 0, 4.00
M, 107290625, 5, -176.437454, 810.682922, -162.361252, 1, 0, 0, 0, 4.00
M, 107290625, 6, -152.790421, 811.621948, -163.466354, 1, 0, 0, 0, 4.00
M, 107290625, 7, -130.006042, 811.071716, -167.761139, 1, 0, 0, 0, 3.07
M, 107291667, 0, -313.156189, 818.588806, -181.377731, 1, 0, 0, 0, 3.57
M, 107291667, 1, -240.746872, 809.986450, -165.925644, 1, 0, 0, 0, 4.00
M, 107291667, 2, -316.104248, 817.017273, -224.003479, 1, 0, 0, 0, 4.00
M, 107291667, 3, -211.834381, 810.048279, -161.399887, 1, 0, 0, 0, 4.00
M, 107291667, 4, -268.157135, 816.520752, -175.076324, 1, 0, 0, 0, 3.32
M, 107291667, 5, -176.435913, 810.685486, -162.360443, 1, 0, 0, 0, 4.00
M, 107291667, 6, -152.788742, 811.624268, -163.465225, 1, 0, 0, 0, 4.00
M, 107291667, 7, -130.010742, 811.068970, -167.760803, 1, 0, 0, 0, 4.00
M, 107292708, 0, -313.157623, 818.587524, -181.377335, 1, 0, 0, 0, 4.00
M, 107292708, 1, -240.743896, 809.993042, -165.922684, 1, 0, 0, 0, 3.34
M, 107292708, 2, -316.104828, 817.017151, -224.003006, 1, 0, 0, 0, 4.00
M, 107292708, 3, -211.834686, 810.047791, -161.398788, 1, 0, 0, 0, 4.00
M, 107292708, 4, -268.154694, 816.521362, -175.071075, 1, 0, 0, 0, 4.00
M, 107292708, 5, -176.450394, 810.665588, -162.368790, 1, 0, 0, 0, 3.34
M, 107292708, 6, -152.787018, 811.626709, -163.464035, 1, 0, 0, 0, 4.00
M, 107292708, 7, -130.010330, 811.068848, -167.760147, 1, 0, 0, 0, 4.00
M, 107293750, 0, -313.160126, 818.586731, -181.377258, 1, 0, 0, 0, 4.00
M, 107293750, 1, -240.743622, 809.991882, -165.922180, 1, 0, 0, 0, 4.00
M, 107293750, 2, -316.110687, 817.015564, -224.007767, 1, 0, 0, 0, 3.55
M, 107293750, 3, -211.834991, 810.047363, -161.397659, 1, 0, 0, 0, 4.00
M, 107293750, 4, -268.155121, 816.520813, -175.071014, 1, 0, 0, 0, 4.00
M, 107293750, 5, -176.446213, 810.671692, -162.366470, 1, 0, 0, 0, 4.00
M, 107293750, 6, -152.793106, 811.608276, -163.468796, 1, 0, 0, 0, 3.52
M, 107293750, 7, -130.009857, 811.068726, -167.759491, 1, 0, 0, 0, 4.00
M, 107294792, 0, -313.162628, 818.585876, -181.377167, 1, 0, 0, 0, 4.00
M, 107294792, 1, -240.742691, 809.992676, -165.921112, 1, 0, 0, 0, 4.00
M, 107294792, 2, -316.110443, 817.015564, -224.006485, 1, 0, 0, 0, 4.00
M, 107294792, 3, -211.833786, 810.039246, -161.412552, 1, 0, 0, 0, 3.79
M, 107294792, 4, -268.155518, 816.520142, -175.070953, 1, 0, 0, 0, 4.00
M, 107294792, 5, -176.446396, 810.671814, -162.366653, 1, 0, 0, 0, 4.00
M, 107294792, 6, -152.790207, 811.613953, -163.466736, 1, 0, 0, 0, 4.00
M, 107294792, 7, -130.014267, 811.064880, -167.777206, 1, 0, 0, 0, 3.07
M, 107295833, 0, -313.152985, 818.582214, -181.382736, 1, 0, 0, 0, 3.57
M, 107295833, 1, -240.741837, 809.993347, -165.920044, 1, 0, 0, 0, 4.00
M, 107295833, 2, -316.111694, 817.015442, -224.006546, 1, 0, 0, 0, 4.00
M, 107295833, 3, -211.834381, 810.039978, -161.408798, 1, 0, 0, 0, 4.00
M, 107295833, 4, -268.164185, 816.514832, -175.081039, 1, 0, 0, 0, 3.32
M, 107295833, 5, -176.446579, 810.671875, -162.366852, 1, 0, 0, 0, 4.00
M, 107295833, 6, -152.789352, 811.614075, -163.466232, 1, 0, 0, 0, 4.00
M, 107295833, 7, -130.012924, 811.065613, -167.773453, 1, 0, 0, 0, 4.00
M, 107296875, 0, -313.157501, 818.581726, -181.381714, 1, 0, 0, 0, 4.00
M, 107296875, 1, -240.752319, 809.989319, -165.933212, 1, 0, 0, 0, 3.34
M, 107296875, 2, -316.112885, 817.015137, -224.006668, 1, 0, 0, 0, 4.00
M, 107296875, 3, -211.834473, 810.038818, -161.409424, 1, 0, 0, 0, 4.00
M, 107296875, 4, -268.163269, 816.514954, -175.079239, 1, 0, 0, 0, 4.00
M, 107296875, 5, -176.457901, 810.672913, -162.370041, 1, 0, 0, 0, 3.34
M, 107296875, 6, -152.788574, 811.614136, -163.465790, 1, 0, 0, 0, 4.00
M, 107296875, 7, -130.013016, 811.065002, -167.774811, 1, 0, 0, 0, 4.00
M, 107297917, 0, -313.158691, 818.580505, -181.382202, 1, 0, 0, 0, 4.00
M, 107297917, 1, -240.749557, 809.990906, -165.929779, 1, 0, 0, 0, 4.00
M, 107297917, 2, -316.109741, 817.006653, -224.003723, 1, 0, 0, 0, 3.55
M, 107297917, 3, -211.834625, 810.037476, -161.410019, 1, 0, 0, 0, 4.00
M, 107297917, 4, -268.164520, 816.513794, -175.080261, 1, 0, 0, 0, 4.00
M, 107297917, 5, -176.456238, 810.672729, -162.369751, 1, 0, 0, 0, 4.00
M, 107297917, 6, -152.800674, 811.600830, -163.483734, 1, 0, 0, 0, 3.52
M, 107297917, 7, -130.013077, 811.064697, -167.776123, 1, 0, 0, 0, 4.00
M, 107298958, 0, -313.160004, 818.579163, -181.382797, 1, 0, 0, 0, 4.00
M, 107298958, 1, -240.749908, 809.991089, -165.930298, 1, 0, 0, 0, 4.00
M, 107298958, 2, -316.111633, 817.007874, -224.004288, 1, 0, 0, 0, 4.00
M, 107298958, 3, -211.820587, 810.054382, -161.413483, 1, 0, 0, 0, 3.79
M, 107298958, 4, -268.165833, 816.512756, -175.081299, 1, 0, 0, 0, 4.00
M, 107298958, 5, -176.457626, 810.672852, -162.370224, 1, 0, 0, 0, 4.00
M, 107298958, 6, -152.797745, 811.603088, -163.480209, 1, 0, 0, 0, 4.00
M, 107298958, 7, -130.011520, 811.076172, -167.775299, 1, 0, 0, 0, 3.07
M, 107300000, 0, -313.143036, 818.593201, -181.382584, 1, 0, 0, 0, 3.57
M, 107300000, 1, -240.750275, 809.991272, -165.930771, 1, 0, 0, 0, 4.00
M, 107300000, 2, -316.112335, 817.006714, -224.004105, 1, 0, 0, 0, 4.00
M, 107300000, 3, -211.823059, 810.050110, -161.413635, 1, 0, 0, 0, 4.00
M, 107300000, 4, -268.149017, 816.524841, -175.088730, 1, 0, 0, 0, 3.32
M, 107300000, 5, -176.459030, 810.673096, -162.370758, 1, 0, 0, 0, 4.00
M, 107300000, 6, -152.798340, 811.601685, -163.481735, 1, 0, 0, 0, 4.00
M, 107300000, 7, -130.011856, 811.073608, -167.777023, 1, 0, 0, 0, 4.00
M, 107301042, 0, -313.147186, 818.589539, -181.383209, 1, 0, 0, 0, 4.00
M, 107301042, 1, -240.736374, 810.004456, -165.935364, 1, 0, 0, 0, 3.34
M, 107301042, 2, -316.113007, 817.005676, -224.003845, 1, 0, 0, 0, 4.00
M, 107301042, 3, -211.821640, 810.050964, -161.414581, 1, 0, 0, 0, 4.00
M, 107301042, 4, -268.153381, 816.521484, -175.088699, 1, 0, 0, 0, 4.00
M, 107301042, 5, -176.450516, 810.661377, -162.369751, 1, 0, 0, 0, 3.34
M, 107301042, 6, -152.798904, 811.600342, -163.483276, 1, 0, 0, 0, 4.00
M, 107301042, 7, -130.011795, 811.074402, -167.778091, 1, 0, 0, 0, 4.00
M, 107302083, 0, -313.146362, 818.589966, -181.383621, 1, 0, 0, 0, 4.00
M, 107302083, 1, -240.739090, 810.002502, -165.935181, 1, 0, 0, 0, 4.00
M, 107302083, 2, -316.097809, 817.025879, -224.000885, 1, 0, 0, 0, 3.98
M, 107302083, 3, -211.820236, 810.051758, -161.415512, 1, 0, 0, 0, 4.00
M, 107302083, 4, -268.152679, 816.521851, -175.090454, 1, 0, 0, 0, 4.00
M, 107302083, 5, -176.453552, 810.663513, -162.370468, 1, 0, 0, 0, 4.00
M, 107302083, 6, -152.797897, 811.607971, -163.468918, 1, 0, 0, 0, 3.52
M, 107302083, 7, -130.011703, 811.075134, -167.779221, 1, 0, 0, 0, 4.00
M, 107303125, 0, -313.145599, 818.590454, -181.384109, 1, 0, 0, 0, 4.00
M, 107303125, 1, -240.737930, 810.004028, -165.936127, 1, 0, 0, 0, 4.00
M, 107303125, 2, -316.101135, 817.021057, -224.001068, 1, 0, 0, 0, 4.00
M, 107303125, 3, -211.820999, 810.057312, -161.410797, 1, 0, 0, 0, 3.79
M, 107303125, 4, -268.152069, 816.522156, -175.092178, 1, 0, 0, 0, 4.00
M, 107303125, 5, -176.453873, 810.662354, -162.370819, 1, 0, 0, 0, 4.00
M, 107303125, 6, -152.798767, 811.605103, -163.473083, 1, 0, 0, 0, 4.00
M, 107303125, 7, -130.010574, 811.080383, -167.788757, 1, 0, 0, 0, 3.07
M, 107304167, 0, -313.152435, 818.597656, -181.385117, 1, 0, 0, 0, 3.57
M, 107304167, 1, -240.736771, 810.005615, -165.937088, 1, 0, 0, 0, 4.00
M, 107304167, 2, -316.100189, 817.022278, -224.000565, 1, 0, 0, 0, 4.00
M, 107304167, 3, -211.819275, 810.057190, -161.412674, 1, 0, 0, 0, 4.00
M, 107304167, 4, -268.155518, 816.519165, -175.096176, 1, 0, 0, 0, 3.32
M, 107304167, 5, -176.454208, 810.661255, -162.371185, 1, 0, 0, 0, 4.00
M, 107304167, 6, -152.799179, 811.604614, -163.472855, 1, 0, 0, 0, 4.00
M, 107304167, 7, -130.010651, 811.080444, -167.788467, 1, 0, 0, 0, 4.00
M, 107305208, 0, -313.150360, 818.597107, -181.385422, 1, 0, 0, 0, 4.00
M, 107305208, 1, -240.754379, 809.998291, -165.938812, 1, 0, 0, 0, 3.34
M, 107305208, 2, -316.099121, 817.023438, -224.000046, 1, 0, 0, 0, 4.00
M, 107305208, 3, -211.818115, 810.058289, -161.413040, 1, 0, 0, 0, 4.00
M, 107305208, 4, -268.154266, 816.519897, -175.097549, 1, 0, 0, 0, 4.00
M, 107305208, 5, -176.460281, 810.663269, -162.378265, 1, 0, 0, 0, 3.34
M, 107305208, 6, -152.799591, 811.604248, -163.472641, 1, 0, 0, 0, 4.00
M, 107305208, 7, -130.010452, 811.081787, -167.790497, 1, 0, 0, 0, 4.00
M, 107306250, 0, -313.150421, 818.598206, -181.385956, 1, 0, 0, 0, 4.00
M, 107306250, 1, -240.750092, 810.001343, -165.939651, 1, 0, 0, 0, 4.00
M, 107306250, 2, -316.105682, 817.025696, -224.018951, 1, 0, 0, 0, 3.55
M, 107306250, 3, -211.816925, 810.059753, -161.413330, 1, 0, 0, 0, 4.00
M, 107306250, 4, -268.154053, 816.519958, -175.099518, 1, 0, 0, 0, 4.00
M, 107306250, 5, -176.459717, 810.661499, -162.377563, 1, 0, 0, 0, 4.00
M, 107306250, 6, -152.808151, 811.604553, -163.479889, 1, 0, 0, 0, 3.52
M, 107306250, 7, -130.010269, 811.083008, -167.792526, 1, 0, 0, 0, 4.00
M, 107307292, 0, -313.150421, 818.599670, -181.386429, 1, 0, 0, 0, 4.00
M, 107307292, 1, -240.750977, 810.001892, -165.940720, 1, 0, 0, 0, 4.00
M, 107307292, 2, -316.103363, 817.026794, -224.015198, 1, 0, 0, 0, 4.00
M, 107307292, 3, -211.831223, 810.047791, -161.425369, 1, 0, 0, 0, 3.79
M, 107307292, 4, -268.153809, 816.519897, -175.101471, 1, 0, 0, 0, 4.00
M, 107307292, 5, -176.460678, 810.660767, -162.378632, 1, 0, 0, 0, 4.00
M, 107307292, 6, -152.807190, 811.604065, -163.478455, 1, 0, 0, 0, 4.00
M, 107307292, 7, -130.008301, 811.079651, -167.792572, 1, 0, 0, 0, 3.07
M, 107308333, 0, -313.139160, 818.597412, -181.377518, 1, 0, 0, 0, 3.57
M, 107308333, 1, -240.751877, 810.002441, -165.941742, 1, 0, 0, 0, 4.00
M, 107308333, 2, -316.103180, 817.028198, -224.016861, 1, 0, 0, 0, 4.00
M, 107308333, 3, -211.827499, 810.051208, -161.423737, 1, 0, 0, 0, 4.00
M, 107308333, 4, -268.149445, 816.522034, -175.083267, 1, 0, 0, 0, 3.32
M, 107308333, 5, -176.461655, 810.659973, -162.379730, 1, 0, 0, 0, 4.00
M, 107308333, 6, -152.808502, 811.603821, -163.479019, 1, 0, 0, 0, 4.00
M, 107308333, 7, -130.008392, 811.081665, -167.794937, 1, 0, 0, 0, 4.00
M, 107309375, 0, -313.141052, 818.599060, -181.379578, 1, 0, 0, 0, 4.00
M, 107309375, 1, -240.735275, 810.004089, -165.939529, 1, 0, 0, 0, 3.34
M, 107309375, 2, -316.102997, 817.029419, -224.018463, 1, 0, 0, 0, 4.00
M, 107309375, 3, -211.827957, 810.051086, -161.425308, 1, 0, 0, 0, 4.00
M, 107309375, 4, -268.149933, 816.521606, -175.088577, 1, 0, 0, 0, 4.00
M, 107309375, 5, -176.445923, 810.665833, -162.374161, 1, 0, 0, 0, 3.34
M, 107309375, 6, -152.809753, 811.603516, -163.479614, 1, 0, 0, 0, 4.00
M, 107309375, 7, -130.008041, 811.082458, -167.796753, 1, 0, 0, 0, 4.00
M, 107310417, 0, -313.139801, 818.600098, -181.379044, 1, 0, 0, 0, 4.00
M, 107310417, 1, -240.739029, 810.004517, -165.941132, 1, 0, 0, 0, 4.00
M, 107310417, 2, -316.107819, 817.002502, -224.010010, 1, 0, 0, 0, 3.55
M, 107310417, 3, -211.828491, 810.051086, -161.426926, 1, 0, 0, 0, 4.00
M, 107310417, 4, -268.149323, 816.521667, -175.088364, 1, 0, 0, 0, 4.00
M, 107310417, 5, -176.449615, 810.664124, -162.376297, 1, 0, 0, 0, 4.00
M, 107310417, 6, -152.798248, 811.606567, -163.475052, 1, 0, 0, 0, 3.52
M, 107310417, 7, -130.007584, 811.083252, -167.798538, 1, 0, 0, 0, 4.00
M, 107311458, 0, -313.138611, 818.600830, -181.378510, 1, 0, 0, 0, 4.00
M, 107311458, 1, -240.737991, 810.005127, -165.941788, 1, 0, 0, 0, 4.00
M, 107311458, 2, -316.106812, 817.008362, -224.013260, 1, 0, 0, 0, 4.00
M, 107311458, 3, -211.824142, 810.059326, -161.423340, 1, 0, 0, 0, 3.79
M, 107311458, 4, -268.148621, 816.521851, -175.088120, 1, 0, 0, 0, 4.00
M, 107311458, 5, -176.448746, 810.664001, -162.376694, 1, 0, 0, 0, 4.00
M, 107311458, 6, -152.801590, 811.605896, -163.476486, 1, 0, 0, 0, 4.00
M, 107311458, 7, -129.997131, 811.083984, -167.795563, 1, 0, 0, 0, 3.07
M, 107312500, 0, -313.126038, 818.595764, -181.374802, 1, 0, 0, 0, 3.57
M, 107312500, 1, -240.736969, 810.005859, -165.942444, 1, 0, 0, 0, 4.00
M, 107312500, 2, -316.107178, 817.006714, -224.013702, 1, 0, 0, 0, 4.00
M, 107312500, 3, -211.825470, 810.057739, -161.425797, 1, 0, 0, 0, 4.00
M, 107312500, 4, -268.148865, 816.516235, -175.086761, 1, 0, 0, 0, 3.32
M, 107312500, 5, -176.447922, 810.663818, -162.377075, 1, 0, 0, 0, 4.00
M, 107312500, 6, -152.801468, 811.605896, -163.476547, 1, 0, 0, 0, 4.00
M, 107312500, 7, -129.998413, 811.084778, -167.798187, 1, 0, 0, 0, 4.00
M, 107313542, 0, -313.126740, 818.597595, -181.374832, 1, 0, 0, 0, 4.00
M, 107313542, 1, -240.736435, 809.996277, -165.934464, 1, 0, 0, 0, 3.34
M, 107313542, 2, -316.107574, 817.004944, -224.014267, 1, 0, 0, 0, 4.00
M, 107313542, 3, -211.825455, 810.058533, -161.426834, 1, 0, 0, 0, 4.00
M, 107313542, 4, -268.148071, 816.517273, -175.086761, 1, 0, 0, 0, 4.00
M, 107313542, 5, -176.455017, 810.654297, -162.376190, 1, 0, 0, 0, 3.34
M, 107313542, 6, -152.801392, 811.606018, -163.476547, 1, 0, 0, 0, 4.00
M, 107313542, 7, -129.996918, 811.085510, -167.799469, 1, 0, 0, 0, 4.00
M, 107314583, 0, -313.124359, 818.597595, -181.373978, 1, 0, 0, 0, 4.00
M, 107314583, 1, -240.735306, 809.998596, -165.936615, 1, 0, 0, 0, 4.00
M, 107314583, 2, -316.098389, 817.024292, -224.018463, 1, 0, 0, 0, 3.55
M, 107314583, 3, -211.825394, 810.059448, -161.427872, 1, 0, 0, 0, 4.00
M, 107314583, 4, -268.147491, 816.516846, -175.086395, 1, 0, 0, 0, 4.00
M, 107314583, 5, -176.452805, 810.655823, -162.376785, 1, 0, 0, 0, 4.00
M, 107314583, 6, -152.799622, 811.606384, -163.484833, 1, 0, 0, 0, 3.52
M, 107314583, 7, -129.995422, 811.086365, -167.800751, 1, 0, 0, 0, 4.00
M, 107315625, 0, -313.121857, 818.597839, -181.373108, 1, 0, 0, 0, 4.00
M, 107315625, 1, -240.734299, 809.998291, -165.936310, 1, 0, 0, 0, 4.00
M, 107315625, 2, -316.100311, 817.018982, -224.018356, 1, 0, 0, 0, 4.00
M, 107315625, 3, -211.824814, 810.055603, -161.421204, 1, 0, 0, 0, 3.79
M, 107315625, 4, -268.146942, 816.516357, -175.086044, 1, 0, 0, 0, 4.00
M, 107315625, 5, -176.452835, 810.654846, -162.376984, 1, 0, 0, 0, 4.00
M, 107315625, 6, -152.799774, 811.606384, -163.483490, 1, 0, 0, 0, 4.00
M, 107315625, 7, -130.008957, 811.076416, -167.785538, 1, 0, 0, 0, 3.07
M, 107316667, 0, -313.134033, 818.593994, -181.384888, 1, 0, 0, 0, 3.57
M, 107316667, 1, -240.733307, 809.997925, -165.936020, 1, 0, 0, 0, 4.00
M, 107316667, 2, -316.099609, 817.019592, -224.019302, 1, 0, 0, 0, 4.00
M, 107316667, 3, -211.824875, 810.057068, -161.423492, 1, 0, 0, 0, 4.00
M, 107316667, 4, -268.155762, 816.515015, -175.085083, 1, 0, 0, 0, 3.32
M, 107316667, 5, -176.452896, 810.653625, -162.377228, 1, 0, 0, 0, 4.00
M, 107316667, 6, -152.799515, 811.606445, -163.484421, 1, 0, 0, 0, 4.00
M, 107316667, 7, -130.005020, 811.078918, -167.789566, 1, 0, 0, 0, 4.00
M, 107317708, 0, -313.129242, 818.594788, -181.381897, 1, 0, 0, 0, 4.00
M, 107317708, 1, -240.731613, 810.001953, -165.938156, 1, 0, 0, 0, 3.34
M, 107317708, 2, -316.098877, 817.020325, -224.020142, 1, 0, 0, 0, 4.00
M, 107317708, 3, -211.824799, 810.057373, -161.423706, 1, 0, 0, 0, 4.00
M, 107317708, 4, -268.153687, 816.514771, -175.084854, 1, 0, 0, 0, 4.00
M, 107317708, 5, -176.456863, 810.645203, -162.375763, 1, 0, 0, 0, 3.34
M, 107317708, 6, -152.799210, 811.606506, -163.485336, 1, 0, 0, 0, 4.00
M, 107317708, 7, -130.005173, 811.078552, -167.789063, 1, 0, 0, 0, 4.00
M, 107318750, 0, -313.128357, 818.594421, -181.382431, 1, 0, 0, 0, 4.00
M, 107318750, 1, -240.730743, 810.000793, -165.937500, 1, 0, 0, 0, 4.00
M, 107318750, 2, -316.085602, 817.017700, -224.012894, 1, 0, 0, 0, 3.55
M, 107318750, 3, -211.824768, 810.057617, -161.423889, 1, 0, 0, 0, 4.00
M, 107318750, 4, -268.154083, 816.514221, -175.084427, 1, 0, 0, 0, 4.00
M, 107318750, 5, -176.456177, 810.645203, -162.376282, 1, 0, 0, 0, 4.00
M, 107318750, 6, -152.800812, 811.597107, -163.479401, 1, 0, 0, 0, 3.52
M, 107318750, 7, -130.005295, 811.078125, -167.788528, 1, 0, 0, 0, 4.00
M, 107319792, 0, -313.127533, 818.594116, -181.382980, 1, 0, 0, 0, 4.00
M, 107319792, 1, -240.729675, 810.000854, -165.937500, 1, 0, 0, 0, 4.00
M, 107319792, 2, -316.087006, 817.018677, -224.015167, 1, 0, 0, 0, 4.00
M, 107319792, 3, -211.820496, 810.050293, -161.412643, 1, 0, 0, 0, 3.96
M, 107319792, 4, -268.154572, 816.513611, -175.084076, 1, 0, 0, 0, 4.00
M, 107319792, 5, -176.456680, 810.643250, -162.376328, 1, 0, 0, 0, 4.00
M, 107319792, 6, -152.800217, 811.598755, -163.481461, 1, 0, 0, 0, 4.00
M, 107319792, 7, -130.008484, 811.080200, -167.783218, 1, 0, 0, 0, 3.07
M, 107320833, 0, -313.143921, 818.592834, -181.391495, 1, 0, 0, 0, 3.57
M, 107320833, 1, -240.728638, 810.000977, -165.937500, 1, 0, 0, 0, 4.00
M, 107320833, 2, -316.084930, 817.018738, -224.015198, 1, 0, 0, 0, 4.00
M, 107320833, 3, -211.821091, 810.051880, -161.414734, 1, 0, 0, 0, 4.00
M, 107320833, 4, -268.156067, 816.510925, -175.081985, 1, 0, 0, 0, 3.32
M, 107320833, 5, -176.457092, 810.641418, -162.376358, 1, 0, 0, 0, 4.00
M, 107320833, 6, -152.800156, 811.597900, -163.481674, 1, 0, 0, 0, 4.00
M, 107320833, 7, -130.008118, 811.079346, -167.783493, 1, 0, 0, 0, 4.00
M, 107321875, 0, -313.140228, 818.592773, -181.390656, 1, 0, 0, 0, 4.00
M, 107321875, 1, -240.738586, 810.005249, -165.937744, 1, 0, 0, 0, 3.34
M, 107321875, 2, -316.082916, 817.018921, -224.015198, 1, 0, 0, 0, 4.00
M, 107321875, 3, -211.820557, 810.051331, -161.413696, 1, 0, 0, 0, 4.00
M, 107321875, 4, -268.156372, 816.510742, -175.081833, 1, 0, 0, 0, 4.00
M, 107321875, 5, -176.445328, 810.650330, -162.357941, 1, 0, 0, 0, 3.34
M, 107321875, 6, -152.800049, 811.596924, -163.481857, 1, 0, 0, 0, 4.00
M, 107321875, 7, -130.008606, 811.079224, -167.782440, 1, 0, 0, 0, 4.00
M, 107322917, 0, -313.141235, 818.592407, -181.392029, 1, 0, 0, 0, 4.00
M, 107322917, 1, -240.735703, 810.004578, -165.937683, 1, 0, 0, 0, 4.00
M, 107322917, 2, -316.090881, 817.036194, -224.013702, 1, 0, 0, 0, 3.55
M, 107322917, 3, -211.820023, 810.050720, -161.412613, 1, 0, 0, 0, 4.00
M, 107322917, 4, -268.156952, 816.509766, -175.081268, 1, 0, 0, 0, 4.00
M, 107322917, 5, -176.447800, 810.646606, -162.361038, 1, 0, 0, 0, 4.00
M, 107322917, 6, -152.788834, 811.614441, -163.465546, 1, 0, 0, 0, 3.52
M, 107322917, 7, -130.009109, 811.079102, -167.781433, 1, 0, 0, 0, 4.00
M, 107323958, 0, -313.142242, 818.591980, -181.393463, 1, 0, 0, 0, 4.00
M, 107323958, 1, -240.735840, 810.005188, -165.937744, 1, 0, 0, 0, 4.00
M, 107323958, 2, -316.087189, 817.033630, -224.014008, 1, 0, 0, 0, 4.00
M, 107323958, 3, -211.824493, 810.054626, -161.416016, 1, 0, 0, 0, 3.79
M, 107323958, 4, -268.157562, 816.508972, -175.080673, 1, 0, 0, 0, 4.00
M, 107323958, 5, -176.446869, 810.645874, -162.359085, 1, 0, 0, 0, 4.00
M, 107323958, 6, -152.790619, 811.610352, -163.468445, 1, 0, 0, 0, 4.00
M, 107323958, 7, -130.002762, 811.070129, -167.785965, 1, 0, 0, 0, 3.07
M, 107325000, 0, -313.142792, 818.597717, -181.382339, 1, 0, 0, 0, 3.57
M, 107325000, 1, -240.735962, 810.005798, -165.937744, 1, 0, 0, 0, 4.00
M, 107325000, 2, -316.086243, 817.035645, -224.013855, 1, 0, 0, 0, 4.00
M, 107325000, 3, -211.823120, 810.053223, -161.414230, 1, 0, 0, 0, 4.00
M, 107325000, 4, -268.145050, 816.519165, -175.082230, 1, 0, 0, 0, 3.32
M, 107325000, 5, -176.445984, 810.645203, -162.357086, 1, 0, 0, 0, 4.00
M, 107325000, 6, -152.789352, 811.611511, -163.466827, 1, 0, 0, 0, 4.00
M, 107325000, 7, -130.004364, 811.071472, -167.783997, 1, 0, 0, 0, 4.00
M, 107326042, 0, -313.143921, 818.596252, -181.385834, 1, 0, 0, 0, 4.00
M, 107326042, 1, -240.738617, 809.990417, -165.935654, 1, 0, 0, 0, 3.34
M, 107326042, 2, -316.085358, 817.037720, -224.013702, 1, 0, 0, 0, 4.00
M, 107326042, 3, -211.823151, 810.053162, -161.413635, 1, 0, 0, 0, 4.00
M, 107326042, 4, -268.147766, 816.516541, -175.081268, 1, 0, 0, 0, 4.00
M, 107326042, 5, -176.441086, 810.665588, -162.373322, 1, 0, 0, 0, 3.34
M, 107326042, 6, -152.788071, 811.612488, -163.465225, 1, 0, 0, 0, 4.00
M, 107326042, 7, -130.004105, 811.070435, -167.783585, 1, 0, 0, 0, 4.00
M, 107327083, 0, -313.144867, 818.596558, -181.385834, 1, 0, 0, 0, 4.00
M, 107327083, 1, -240.738312, 809.993713, -165.936020, 1, 0, 0, 0, 4.00
M, 107327083, 2, -316.105072, 817.017334, -224.022278, 1, 0, 0, 0, 3.55
M, 107327083, 3, -211.823181, 810.053040, -161.413086, 1, 0, 0, 0, 4.00
M, 107327083, 4, -268.146881, 816.517029, -175.080856, 1, 0, 0, 0, 4.00
M, 107327083, 5, -176.440826, 810.661438, -162.368347, 1, 0, 0, 0, 4.00
M, 107327083, 6, -152.797607, 811.603577, -163.471115, 1, 0, 0, 0, 3.52
M, 107327083, 7, -130.003830, 811.069336, -167.783096, 1, 0, 0, 0, 4.00
M, 107328125, 0, -313.145874, 818.596863, -181.385834, 1, 0, 0, 0, 4.00
M, 107328125, 1, -240.738770, 809.992493, -165.935806, 1, 0, 0, 0, 4.00
M, 107328125, 2, -316.100739, 817.023132, -224.020737, 1, 0, 0, 0, 4.00
M, 107328125, 3, -211.820892, 810.047119, -161.408051, 1, 0, 0, 0, 3.79
M, 107328125, 4, -268.145996, 816.517456, -175.080490, 1, 0, 0, 0, 4.00
M, 107328125, 5, -176.439484, 810.663025, -162.368378, 1, 0, 0, 0, 4.00
M, 107328125, 6, -152.794556, 811.606262, -163.468262, 1, 0, 0, 0, 4.00
M, 107328125, 7, -130.004456, 811.060181, -167.782776, 1, 0, 0, 0, 3.07
M, 107329167, 0, -313.136993, 818.587341, -181.388336, 1, 0, 0, 0, 3.57
M, 107329167, 1, -240.739120, 809.991394, -165.935593, 1, 0, 0, 0, 4.00
M, 107329167, 2, -316.101990, 817.022705, -224.021515, 1, 0, 0, 0, 4.00
M, 107329167, 3, -211.821274, 810.048035, -161.408203, 1, 0, 0, 0, 4.00
M, 107329167, 4, -268.146698, 816.510864, -175.088364, 1, 0, 0, 0, 3.32
M, 107329167, 5, -176.438110, 810.664734, -162.368347, 1, 0, 0, 0, 4.00
M, 107329167, 6, -152.794434, 811.606201, -163.467484, 1, 0, 0, 0, 4.00
M, 107329167, 7, -130.004044, 811.060547, -167.782333, 1, 0, 0, 0, 4.00
M, 107330208, 0, -313.139618, 818.589294, -181.387985, 1, 0, 0, 0, 4.00
M, 107330208, 1, -240.742340, 809.984436, -165.933395, 1, 0, 0, 0, 3.32
M, 107330208, 2, -316.103302, 817.022400, -224.022339, 1, 0, 0, 0, 4.00
M, 107330208, 3, -211.821030, 810.047302, -161.407135, 1, 0, 0, 0, 4.00
M, 107330208, 4, -268.145630, 816.512390, -175.086639, 1, 0, 0, 0, 4.00
M, 107330208, 5, -176.460526, 810.651550, -162.372223, 1, 0, 0, 0, 3.34
M, 107330208, 6, -152.794327, 811.606201, -163.466705, 1, 0, 0, 0, 4.00
M, 107330208, 7, -130.003830, 811.058655, -167.781906, 1, 0, 0, 0, 4.00
M, 107331250, 0, -313.139557, 818.588501, -181.388245, 1, 0, 0, 0, 4.00
M, 107331250, 1, -240.742310, 809.984131, -165.933502, 1, 0, 0, 0, 4.00
M, 107331250, 2, -316.098053, 817.021423, -224.015137, 1, 0, 0, 0, 3.55
M, 107331250, 3, -211.820801, 810.046509, -161.406067, 1, 0, 0, 0, 4.00
M, 107331250, 4, -268.144928, 816.512024, -175.087173, 1, 0, 0, 0, 4.00
M, 107331250, 5, -176.455276, 810.655518, -162.371628, 1, 0, 0, 0, 4.00
M, 107331250, 6, -152.799393, 811.605225, -163.472519, 1, 0, 0, 0, 3.52
M, 107331250, 7, -130.003677, 811.056702, -167.781494, 1, 0, 0, 0, 4.00
M, 107332292, 0, -313.139496, 818.587708, -181.388519, 1, 0, 0, 0, 4.00
M, 107332292, 1, -240.743027, 809.982483, -165.933090, 1, 0, 0, 0, 4.00
M, 107332292, 2, -316.100433, 817.020996, -224.017242, 1, 0, 0, 0, 4.00
M, 107332292, 3, -211.830688, 810.041687, -161.420044, 1, 0, 0, 0, 3.79
M, 107332292, 4, -268.144196, 816.511658, -175.087708, 1, 0, 0, 0, 4.00
M, 107332292, 5, -176.456558, 810.655457, -162.372070, 1, 0, 0, 0, 4.00
M, 107332292, 6, -152.798431, 811.605347, -163.470642, 1, 0, 0, 0, 4.00
M, 107332292, 7, -130.009796, 811.068054, -167.786148, 1, 0, 0, 0, 3.07
M, 107333333, 0, -313.131226, 818.594299, -181.381958, 1, 0, 0, 0, 3.57
M, 107333333, 1, -240.743744, 809.980652, -165.932678, 1, 0, 0, 0, 4.00
M, 107333333, 2, -316.101013, 817.020691, -224.017166, 1, 0, 0, 0, 4.00
M, 107333333, 3, -211.828781, 810.041626, -161.416489, 1, 0, 0, 0, 4.00
M, 107333333, 4, -268.131927, 816.527161, -175.085800, 1, 0, 0, 0, 3.32
M, 107333333, 5, -176.457840, 810.655396, -162.372482, 1, 0, 0, 0, 4.00
M, 107333333, 6, -152.798904, 811.605286, -163.470581, 1, 0, 0, 0, 4.00
M, 107333333, 7, -130.008575, 811.063965, -167.784866, 1, 0, 0, 0, 4.00
M, 107334375, 0, -313.132477, 818.592285, -181.383392, 1, 0, 0, 0, 4.00
M, 107334375, 1, -240.738937, 809.993591, -165.931122, 1, 0, 0, 0, 3.32
M, 107334375, 2, -316.101624, 817.020203, -224.017105, 1, 0, 0, 0, 4.00
M, 107334375, 3, -211.829620, 810.040466, -161.417023, 1, 0, 0, 0, 4.00
M, 107334375, 4, -268.133179, 816.524109, -175.086761, 1, 0, 0, 0, 4.00
M, 107334375, 5, -176.455032, 810.645325, -162.372482, 1, 0, 0, 0, 3.34
M, 107334375, 6, -152.799362, 811.605164, -163.470520, 1, 0, 0, 0, 4.00
M, 107334375, 7, -130.009079, 811.063477, -167.785004, 1, 0, 0, 0, 4.00
M, 107335417, 0, -313.131470, 818.592407, -181.382919, 1, 0, 0, 0, 4.00
M, 107335417, 1, -240.740555, 809.989380, -165.930893, 1, 0, 0, 0, 4.00
M, 107335417, 2, -316.098633, 817.034058, -224.014771, 1, 0, 0, 0, 3.55
M, 107335417, 3, -211.830490, 810.039246, -161.417618, 1, 0, 0, 0, 4.00
M, 107335417, 4, -268.131195, 816.525513, -175.087051, 1, 0, 0, 0, 4.00
M, 107335417, 5, -176.456970, 810.646973, -162.373032, 1, 0, 0, 0, 4.00
M, 107335417, 6, -152.792358, 811.607422, -163.472519, 1, 0, 0, 0, 3.52
M, 107335417, 7, -130.009552, 811.063049, -167.785126, 1, 0, 0, 0, 4.00
M, 107336458, 0, -313.130463, 818.592468, -181.382431, 1, 0, 0, 0, 4.00
M, 107336458, 1, -240.740677, 809.989136, -165.930344, 1, 0, 0, 0, 4.00
M, 107336458, 2, -316.099823, 817.031372, -224.015076, 1, 0, 0, 0, 4.00
M, 107336458, 3, -211.832840, 810.046509, -161.416931, 1, 0, 0, 0, 3.79
M, 107336458, 4, -268.129242, 816.526978, -175.087296, 1, 0, 0, 0, 4.00
M, 107336458, 5, -176.457809, 810.645813, -162.373444, 1, 0, 0, 0, 4.00
M, 107336458, 6, -152.794052, 811.606873, -163.472107, 1, 0, 0, 0, 4.00
M, 107336458, 7, -129.996674, 811.076111, -167.781723, 1, 0, 0, 0, 3.07
M, 107337500, 0, -313.148315, 818.589050, -181.392563, 1, 0, 0, 0, 3.57
M, 107337500, 1, -240.740784, 809.989075, -165.929779, 1, 0, 0, 0, 4.00
M, 107337500, 2, -316.100006, 817.032471, -224.014771, 1, 0, 0, 0, 4.00
M, 107337500, 3, -211.833466, 810.044006, -161.417709, 1, 0, 0, 0, 4.00
M, 107337500, 4, -268.148499, 816.522278, -175.104523, 1, 0, 0, 0, 3.60
M, 107337500, 5, -176.458649, 810.644714, -162.373795, 1, 0, 0, 0, 4.00
M, 107337500, 6, -152.793701, 811.607056, -163.472229, 1, 0, 0, 0, 4.00
M, 107337500, 7, -129.999451, 811.073242, -167.782471, 1, 0, 0, 0, 4.00
M, 107338542, 0, -313.144287, 818.589600, -181.390366, 1, 0, 0, 0, 4.00
M, 107338542, 1, -240.743561, 809.994385, -165.933685, 1, 0, 0, 0, 3.32
M, 107338542, 2, -316.100189, 817.033691, -224.014481, 1, 0, 0, 0, 4.00
M, 107338542, 3, -211.834534, 810.043640, -161.418182, 1, 0, 0, 0, 4.00
M, 107338542, 4, -268.143005, 816.524475, -175.102051, 1, 0, 0, 0, 4.00
M, 107338542, 5, -176.449860, 810.652344, -162.376007, 1, 0, 0, 0, 3.34
M, 107338542, 6, -152.793304, 811.607239, -163.472382, 1, 0, 0, 0, 4.00
M, 107338542, 7, -129.998474, 811.074341, -167.782211, 1, 0, 0, 0, 4.00
M, 107339583, 0, -313.145355, 818.589355, -181.391083, 1, 0, 0, 0, 4.00
M, 107339583, 1, -240.743240, 809.993225, -165.932404, 1, 0, 0, 0, 4.00
M, 107339583, 2, -316.121582, 817.008118, -224.025742, 1, 0, 0, 0, 3.55
M, 107339583, 3, -211.835587, 810.043335, -161.418640, 1, 0, 0, 0, 4.00
M, 107339583, 4, -268.143372, 816.525146, -175.104126, 1, 0, 0, 0, 4.00
M, 107339583, 5, -176.452209, 810.649841, -162.376068, 1, 0, 0, 0, 4.00
M, 107339583, 6, -152.807373, 811.601624, -163.482269, 1, 0, 0, 0, 3.52
M, 107339583, 7, -129.997543, 811.075256, -167.781937, 1, 0, 0, 0, 4.00
M, 107340625, 0, -313.146423, 818.588989, -181.391800, 1, 0, 0, 0, 4.00
M, 107340625, 1, -240.743652, 809.993591, -165.932373, 1, 0, 0, 0, 4.00
M, 107340625, 2, -316.118317, 817.013550, -224.023544, 1, 0, 0, 0, 4.00
M, 107340625, 3, -211.841309, 810.043152, -161.425140, 1, 0, 0, 0, 3.79
M, 107340625, 4, -268.143738, 816.526001, -175.106247, 1, 0, 0, 0, 4.00
M, 107340625, 5, -176.451965, 810.649719, -162.376663, 1, 0, 0, 0, 4.00
M, 107340625, 6, -152.804611, 811.602844, -163.480804, 1, 0, 0, 0, 4.00
M, 107340625, 7, -130.016312, 811.071472, -167.793152, 1, 0, 0, 0, 3.07
M, 107341667, 0, -313.142792, 818.585510, -181.390244, 1, 0, 0, 0, 3.57
M, 107341667, 1, -240.744064, 809.994019, -165.932281, 1, 0, 0, 0, 4.00
M, 107341667, 2, -316.120819, 817.011841, -224.024490, 1, 0, 0, 0, 4.00
M, 107341667, 3, -211.841599, 810.042847, -161.424591, 1, 0, 0, 0, 4.00
M, 107341667, 4, -268.140198, 816.527466, -175.100403, 1, 0, 0, 0, 3.32
M, 107341667, 5, -176.451736, 810.649597, -162.377258, 1, 0, 0, 0, 4.00
M, 107341667, 6, -152.805832, 811.602417, -163.482025, 1, 0, 0, 0, 4.00
M, 107341667, 7, -130.012054, 811.073364, -167.791000, 1, 0, 0, 0, 4.00
M, 107342708, 0, -313.144623, 818.585693, -181.391251, 1, 0, 0, 0, 4.00
M, 107342708, 1, -240.743896, 810.004578, -165.925339, 1, 0, 0, 0, 3.32
M, 107342708, 2, -316.123322, 817.010071, -224.025452, 1, 0, 0, 0, 4.00
M, 107342708, 3, -211.843155, 810.042603, -161.425735, 1, 0, 0, 0, 4.00
M, 107342708, 4, -268.141235, 816.528015, -175.103867, 1, 0, 0, 0, 4.00
M, 107342708, 5, -176.449799, 810.656372, -162.374039, 1, 0, 0, 0, 3.34
M, 107342708, 6, -152.807083, 811.601807, -163.483276, 1, 0, 0, 0, 4.00
M, 107342708, 7, -130.013275, 811.073914, -167.791977, 1, 0, 0, 0, 4.00
M, 107343750, 0, -313.145172, 818.585083, -181.391739, 1, 0, 0, 0, 4.00
M, 107343750, 1, -240.744370, 810.003479, -165.926422, 1, 0, 0, 0, 4.00
M, 107343750, 2, -316.104828, 817.027161, -224.014420, 1, 0, 0, 0, 3.55
M, 107343750, 3, -211.844727, 810.042236, -161.426865, 1, 0, 0, 0, 4.00
M, 107343750, 4, -268.141174, 816.528748, -175.105148, 1, 0, 0, 0, 4.00
M, 107343750, 5, -176.449890, 810.655029, -162.375290, 1, 0, 0, 0, 4.00
M, 107343750, 6, -152.798553, 811.613403, -163.476898, 1, 0, 0, 0, 3.52
M, 107343750, 7, -130.014435, 811.074402, -167.792969, 1, 0, 0, 0, 4.00
M, 107344792, 0, -313.145721, 818.584473, -181.392151, 1, 0, 0, 0, 4.00
M, 107344792, 1, -240.744720, 810.004883, -165.925644, 1, 0, 0, 0, 4.00
M, 107344792, 2, -316.110931, 817.022095, -224.017334, 1, 0, 0, 0, 4.00
M, 107344792, 3, -211.834808, 810.056213, -161.423462, 1, 0, 0, 0, 3.79
M, 107344792, 4, -268.141113, 816.529602, -175.106400, 1, 0, 0, 0, 4.00
M, 107344792, 5, -176.449463, 810.655518, -162.375473, 1, 0, 0, 0, 4.00
M, 107344792, 6, -152.801300, 811.611084, -163.479355, 1, 0, 0, 0, 4.00
M, 107344792, 7, -130.010361, 811.084229, -167.790665, 1, 0, 0, 0, 3.07
M, 107345833, 0, -313.138794, 818.598083, -181.392624, 1, 0, 0, 0, 3.57
M, 107345833, 1, -240.745087, 810.006470, -165.924835, 1, 0, 0, 0, 4.00
M, 107345833, 2, -316.111145, 817.022400, -224.017044, 1, 0, 0, 0, 4.00
M, 107345833, 3, -211.838257, 810.053650, -161.425308, 1, 0, 0, 0, 4.00
M, 107345833, 4, -268.147003, 816.522949, -175.107086, 1, 0, 0, 0, 3.32
M, 107345833, 5, -176.449081, 810.656128, -162.375656, 1, 0, 0, 0, 4.00
M, 107345833, 6, -152.801437, 811.611938, -163.479706, 1, 0, 0, 0, 4.00
M, 107345833, 7, -130.012482, 811.083069, -167.792160, 1, 0, 0, 0, 4.00
M, 107346875, 0, -313.140656, 818.595093, -181.393112, 1, 0, 0, 0, 4.00
M, 107346875, 1, -240.754745, 810.006226, -165.933426, 1, 0, 0, 0, 3.32
M, 107346875, 2, -316.111389, 817.022705, -224.016617, 1, 0, 0, 0, 4.00
M, 107346875, 3, -211.838562, 810.054993, -161.425903, 1, 0, 0, 0, 4.00
M, 107346875, 4, -268.145935, 816.524963, -175.108398, 1, 0, 0, 0, 4.00
M, 107346875, 5, -176.461334, 810.657654, -162.377502, 1, 0, 0, 0, 3.34
M, 107346875, 6, -152.801590, 811.612793, -163.480057, 1, 0, 0, 0, 4.00
M, 107346875, 7, -130.013077, 811.084656, -167.792816, 1, 0, 0, 0, 4.00
M, 107347917, 0, -313.140350, 818.595947, -181.393555, 1, 0, 0, 0, 4.00
M, 107347917, 1, -240.753494, 810.007996, -165.931000, 1, 0, 0, 0, 4.00
M, 107347917, 2, -316.113647, 817.018127, -224.027588, 1, 0, 0, 0, 3.55
M, 107347917, 3, -211.838821, 810.056274, -161.426498, 1, 0, 0, 0, 4.00
M, 107347917, 4, -268.146515, 816.524902, -175.109619, 1, 0, 0, 0, 4.00
M, 107347917, 5, -176.458832, 810.658020, -162.377380, 1, 0, 0, 0, 4.00
M, 107347917, 6, -152.803864, 811.601807, -163.489594, 1, 0, 0, 0, 3.52
M, 107347917, 7, -130.013733, 811.086060, -167.793411, 1, 0, 0, 0, 4.00
M, 107348958, 0, -313.140106, 818.596985, -181.394028, 1, 0, 0, 0, 4.00
M, 107348958, 1, -240.754822, 810.009399, -165.931213, 1, 0, 0, 0, 4.00
M, 107348958, 2, -316.113556, 817.019043, -224.025391, 1, 0, 0, 0, 4.00
M, 107348958, 3, -211.834213, 810.045471, -161.425018, 1, 0, 0, 0, 3.79
M, 107348958, 4, -268.147064, 816.524902, -175.110779, 1, 0, 0, 0, 4.00
M, 107348958, 5, -176.459778, 810.658813, -162.377792, 1, 0, 0, 0, 4.00
M, 107348958, 6, -152.803680, 811.604614, -163.488495, 1, 0, 0, 0, 4.00
M, 107348958, 7, -130.011459, 811.083862, -167.789902, 1, 0, 0, 0, 3.07
M, 107350000, 0, -313.143677, 818.592896, -181.388870, 1, 0, 0, 0, 3.57
M, 107350000, 1, -240.756195, 810.010742, -165.931427, 1, 0, 0, 0, 4.00
M, 107350000, 2, -316.114014, 817.018921, -224.026276, 1, 0, 0, 0, 4.00
M, 107350000, 3, -211.835281, 810.048645, -161.425964, 1, 0, 0, 0, 4.00
M, 107350000, 4, -268.137817, 816.531738, -175.101776, 1, 0, 0, 0, 3.32
M, 107350000, 5, -176.460754, 810.659546, -162.378159, 1, 0, 0, 0, 4.00
M, 107350000, 6, -152.804092, 811.604187, -163.489899, 1, 0, 0, 0, 4.00
M, 107350000, 7, -130.012527, 811.086060, -167.791214, 1, 0, 0, 0, 4.00
M, 107351042, 0, -313.142853, 818.594482, -181.390305, 1, 0, 0, 0, 4.00
M, 107351042, 1, -240.745148, 810.015869, -165.935959, 1, 0, 0, 0, 3.32
M, 107351042, 2, -316.114502, 817.018677, -224.027176, 1, 0, 0, 0, 4.00
M, 107351042, 3, -211.835037, 810.048645, -161.426392, 1, 0, 0, 0, 4.00
M, 107351042, 4, -268.140045, 816.530701, -175.104645, 1, 0, 0, 0, 4.00
M, 107351042, 5, -176.452240, 810.659546, -162.380417, 1, 0, 0, 0, 3.34
M, 107351042, 6, -152.804459, 811.603821, -163.491272, 1, 0, 0, 0, 4.00
M, 107351042, 7, -130.012863, 811.087158, -167.791351, 1, 0, 0, 0, 4.00
M, 107352083, 0, -313.143036, 818.594788, -181.390121, 1, 0, 0, 0, 4.00
M, 107352083, 1, -240.748505, 810.016602, -165.935410, 1, 0, 0, 0, 4.00
M, 107352083, 2, -316.099701, 817.026550, -224.008881, 1, 0, 0, 0, 3.55
M, 107352083, 3, -211.834839, 810.048584, -161.426804, 1, 0, 0, 0, 4.00
M, 107352083, 4, -268.139496, 816.531372, -175.104691, 1, 0, 0, 0, 4.00
M, 107352083, 5, -176.454773, 810.660339, -162.380478, 1, 0, 0, 0, 4.00
M, 107352083, 6, -152.803680, 811.603638, -163.477737, 1, 0, 0, 0, 3.52
M, 107352083, 7, -130.013123, 811.088257, -167.791534, 1, 0, 0, 0, 4.00
M, 107353125, 0, -313.143219, 818.595032, -181.389999, 1, 0, 0, 0, 4.00
M, 107353125, 1, -240.748535, 810.018372, -165.936096, 1, 0, 0, 0, 4.00
M, 107353125, 2, -316.102631, 817.025146, -224.012863, 1, 0, 0, 0, 4.00
M, 107353125, 3, -211.822021, 810.058655, -161.425049, 1, 0, 0, 0, 3.79
M, 107353125, 4, -268.139008, 816.532166, -175.104782, 1, 0, 0, 0, 4.00
M, 107353125, 5, -176.454681, 810.661011, -162.381012, 1, 0, 0, 0, 4.00
M, 107353125, 6, -152.804276, 811.603149, -163.481613, 1, 0, 0, 0, 4.00
M, 107353125, 7, -130.013016, 811.074463, -167.781342, 1, 0, 0, 0, 3.07
M, 107354167, 0, -313.141785, 818.590332, -181.394119, 1, 0, 0, 0, 3.57
M, 107354167, 1, -240.748535, 810.020081, -165.936783, 1, 0, 0, 0, 4.00
M, 107354167, 2, -316.101379, 817.025696, -224.011673, 1, 0, 0, 0, 4.00
M, 107354167, 3, -211.823868, 810.056946, -161.425797, 1, 0, 0, 0, 4.00
M, 107354167, 4, -268.135376, 816.524048, -175.095215, 1, 0, 0, 0, 3.32
M, 107354167, 5, -176.454590, 810.661621, -162.381546, 1, 0, 0, 0, 4.00
M, 107354167, 6, -152.804520, 811.602722, -163.481369, 1, 0, 0, 0, 4.00
M, 107354167, 7, -130.013397, 811.078003, -167.783218, 1, 0, 0, 0, 4.00
M, 107355208, 0, -313.142242, 818.591553, -181.393280, 1, 0, 0, 0, 4.00
M, 107355208, 1, -240.755066, 809.998779, -165.931000, 1, 0, 0, 0, 3.45
M, 107355208, 2, -316.100189, 817.026306, -224.010483, 1, 0, 0, 0, 4.00
M, 107355208, 3, -211.822235, 810.058167, -161.425934, 1, 0, 0, 0, 4.00
M, 107355208, 4, -268.135376, 816.526184, -175.096893, 1, 0, 0, 0, 4.00
M, 107355208, 5, -176.440613, 810.670898, -162.371063, 1, 0, 0, 0, 3.34
M, 107355208, 6, -152.804810, 811.602173, -163.481079, 1, 0, 0, 0, 4.00
M, 107355208, 7, -130.013672, 811.077393, -167.782272, 1, 0, 0, 0, 4.00
M, 107356250, 0, -313.142242, 818.591309, -181.393585, 1, 0, 0, 0, 4.00
M, 107356250, 1, -240.753967, 810.004333, -165.932800, 1, 0, 0, 0, 4.00
M, 107356250, 2, -316.109436, 817.022095, -224.014008, 1, 0, 0, 0, 3.55
M, 107356250, 3, -211.820679, 810.059204, -161.426086, 1, 0, 0, 0, 4.00
M, 107356250, 4, -268.134613, 816.525879, -175.095932, 1, 0, 0, 0, 4.00
M, 107356250, 5, -176.442856, 810.670166, -162.373444, 1, 0, 0, 0, 4.00
M, 107356250, 6, -152.805023, 811.597107, -163.484329, 1, 0, 0, 0, 3.52
M, 107356250, 7, -130.013962, 811.076843, -167.781311, 1, 0, 0, 0, 4.00
M, 107357292, 0, -313.142242, 818.591064, -181.393875, 1, 0, 0, 0, 4.00
M, 107357292, 1, -240.754715, 810.003601, -165.932770, 1, 0, 0, 0, 4.00
M, 107357292, 2, -316.106506, 817.023560, -224.012039, 1, 0, 0, 0, 4.00
M, 107357292, 3, -211.838257, 810.037659, -161.424301, 1, 0, 0, 0, 3.79
M, 107357292, 4, -268.133759, 816.525635, -175.094986, 1, 0, 0, 0, 4.00
M, 107357292, 5, -176.441208, 810.671814, -162.372787, 1, 0, 0, 0, 4.00
M, 107357292, 6, -152.805283, 811.597473, -163.483521, 1, 0, 0, 0, 4.00
M, 107357292, 7, -130.001144, 811.077515, -167.779465, 1, 0, 0, 0, 3.07
M, 107358333, 0, -313.137970, 818.581543, -181.395721, 1, 0, 0, 0, 3.57
M, 107358333, 1, -240.755417, 810.002686, -165.932739, 1, 0, 0, 0, 4.00
M, 107358333, 2, -316.106445, 817.023682, -224.011322, 1, 0, 0, 0, 4.00
M, 107358333, 3, -211.833466, 810.042542, -161.424774, 1, 0, 0, 0, 4.00
M, 107358333, 4, -268.151489, 816.516785, -175.099991, 1, 0, 0, 0, 3.32
M, 107358333, 5, -176.439667, 810.673340, -162.372192, 1, 0, 0, 0, 4.00
M, 107358333, 6, -152.805588, 811.596375, -163.483704, 1, 0, 0, 0, 4.00
M, 107358333, 7, -130.003586, 811.076782, -167.778656, 1, 0, 0, 0, 4.00
M, 107359375, 0, -313.138672, 818.582947, -181.395782, 1, 0, 0, 0, 4.00
M, 107359375, 1, -240.746506, 809.985291, -165.927765, 1, 0, 0, 0, 3.34
M, 107359375, 2, -316.106384, 817.023804, -224.010666, 1, 0, 0, 0, 4.00
M, 107359375, 3, -211.833969, 810.041138, -161.424683, 1, 0, 0, 0, 4.00
M, 107359375, 4, -268.147675, 816.517944, -175.098022, 1, 0, 0, 0, 4.00
M, 107359375, 5, -176.449310, 810.655823, -162.375168, 1, 0, 0, 0, 3.34
M, 107359375, 6, -152.805862, 811.595520, -163.483841, 1, 0, 0, 0, 4.00
M, 107359375, 7, -130.002426, 811.076294, -167.777588, 1, 0, 0, 0, 4.00
M, 107360417, 0, -313.138184, 818.581726, -181.396271, 1, 0, 0, 0, 4.00
M, 107360417, 1, -240.748871, 809.987183, -165.928589, 1, 0, 0, 0, 4.00
M, 107360417, 2, -316.113068, 817.011108, -224.013519, 1, 0, 0, 0, 3.55
M, 107360417, 3, -211.834412, 810.039795, -161.424652, 1, 0, 0, 0, 4.00
M, 107360417, 4, -268.148804, 816.516663, -175.097687, 1, 0, 0, 0, 4.00
M, 107360417, 5, -176.445862, 810.660461, -162.373917, 1, 0, 0, 0, 4.00
M, 107360417, 6, -152.794022, 811.606140, -163.475418, 1, 0, 0, 0, 3.52
M, 107360417, 7, -130.001236, 811.075928, -167.776550, 1, 0, 0, 0, 4.00
M, 107361458, 0, -313.137726, 818.580566, -181.396744, 1, 0, 0, 0, 4.00
M, 107361458, 1, -240.748505, 809.984558, -165.928024, 1, 0, 0, 0, 4.00
M, 107361458, 2, -316.111877, 817.013489, -224.012207, 1, 0, 0, 0, 4.00
M, 107361458, 3, -211.830750, 810.052124, -161.419174, 1, 0, 0, 0, 3.79
M, 107361458, 4, -268.150055, 816.515381, -175.097366, 1, 0, 0, 0, 4.00
M, 107361458, 5, -176.445496, 810.660095, -162.373688, 1, 0, 0, 0, 4.00
M, 107361458, 6, -152.796295, 811.603271, -163.476990, 1, 0, 0, 0, 4.00
M, 107361458, 7, -130.005142, 811.079224, -167.768204, 1, 0, 0, 0, 3.07
M, 107362500, 0, -313.146301, 818.574097, -181.393936, 1, 0, 0, 0, 3.57
M, 107362500, 1, -240.748184, 809.981873, -165.927490, 1, 0, 0, 0, 4.00
M, 107362500, 2, -316.112457, 817.012207, -224.011917, 1, 0, 0, 0, 4.00
M, 107362500, 3, -211.831940, 810.048279, -161.420074, 1, 0, 0, 0, 4.00
M, 107362500, 4, -268.146637, 816.531189, -175.099686, 1, 0, 0, 0, 3.32
M, 107362500, 5, -176.445206, 810.659546, -162.373444, 1, 0, 0, 0, 4.00
M, 107362500, 6, -152.795181, 811.603760, -163.476196, 1, 0, 0, 0, 4.00
M, 107362500, 7, -130.003174, 811.078064, -167.768356, 1, 0, 0, 0, 4.00
M, 107363542, 0, -313.144287, 818.573792, -181.394958, 1, 0, 0, 0, 4.00
M, 107363542, 1, -240.756699, 809.986938, -165.936691, 1, 0, 0, 0, 3.34
M, 107363542, 2, -316.113190, 817.010864, -224.011612, 1, 0, 0, 0, 4.00
M, 107363542, 3, -211.832001, 810.048340, -161.419449, 1, 0, 0, 0, 4.00
M, 107363542, 4, -268.148621, 816.527161, -175.098969, 1, 0, 0, 0, 4.00
M, 107363542, 5, -176.443115, 810.662048, -162.366791, 1, 0, 0, 0, 3.34
M, 107363542, 6, -152.794144, 811.604004, -163.475418, 1, 0, 0, 0, 4.00
M, 107363542, 7, -130.002579, 811.078003, -167.766525, 1, 0, 0, 0, 4.00
M, 107364583, 0, -313.144806, 818.572144, -181.395065, 1, 0, 0, 0, 4.00
M, 107364583, 1, -240.754944, 809.983032, -165.934525, 1, 0, 0, 0, 4.00
M, 107364583, 2, -316.112946, 817.015137, -224.007568, 1, 0, 0, 0, 3.55
M, 107364583, 3, -211.832062, 810.048401, -161.418808, 1, 0, 0, 0, 4.00
M, 107364583, 4, -268.149323, 816.527771, -175.098923, 1, 0, 0, 0, 4.00
M, 107364583, 5, -176.443024, 810.660889, -162.367599, 1, 0, 0, 0, 4.00
M, 107364583, 6, -152.795990, 811.602417, -163.473633, 1, 0, 0, 0, 3.52
M, 107364583, 7, -130.002014, 811.077881, -167.764679, 1, 0, 0, 0, 4.00
M, 107365625, 0, -313.145355, 818.570251, -181.395218, 1, 0, 0, 0, 4.00
M, 107365625, 1, -240.755539, 809.981323, -165.935028, 1, 0, 0, 0, 4.00
M, 107365625, 2, -316.113647, 817.013062, -224.007858, 1, 0, 0, 0, 4.00
M, 107365625, 3, -211.832596, 810.045227, -161.412445, 1, 0, 0, 0, 3.79
M, 107365625, 4, -268.150055, 816.528259, -175.098862, 1, 0, 0, 0, 4.00
M, 107365625, 5, -176.442520, 810.660767, -162.366714, 1, 0, 0, 0, 4.00
M, 107365625, 6, -152.794418, 811.603149, -163.473007, 1, 0, 0, 0, 4.00
M, 107365625, 7, -130.006805, 811.070190, -167.774933, 1, 0, 0, 0, 3.07
M, 107366667, 0, -313.131409, 818.584961, -181.388962, 1, 0, 0, 0, 3.57
M, 107366667, 1, -240.756226, 809.979431, -165.935532, 1, 0, 0, 0, 4.00
M, 107366667, 2, -316.114258, 817.012329, -224.007172, 1, 0, 0, 0, 4.00
M, 107366667, 3, -211.832565, 810.045776, -161.412766, 1, 0, 0, 0, 4.00
M, 107366667, 4, -268.138123, 816.528870, -175.088074, 1, 0, 0, 0, 3.32
M, 107366667, 5, -176.441986, 810.660522, -162.365753, 1, 0, 0, 0, 4.00
M, 107366667, 6, -152.793671, 811.603271, -163.472107, 1, 0, 0, 0, 4.00
M, 107366667, 7, -130.005356, 811.071533, -167.771057, 1, 0, 0, 0, 4.00
M, 107367708, 0, -313.134277, 818.580505, -181.390121, 1, 0, 0, 0, 4.00
M, 107367708, 1, -240.733963, 810.002686, -165.925705, 1, 0, 0, 0, 3.34
M, 107367708, 2, -316.114868, 817.011536, -224.006485, 1, 0, 0, 0, 4.00
M, 107367708, 3, -211.832687, 810.045471, -161.411484, 1, 0, 0, 0, 4.00
M, 107367708, 4, -268.140869, 816.529419, -175.089828, 1, 0, 0, 0, 4.00
M, 107367708, 5, -176.445328, 810.654785, -162.375229, 1, 0, 0, 0, 3.34
M, 107367708, 6, -152.792953, 811.603455, -163.471237, 1, 0, 0, 0, 4.00
M, 107367708, 7, -130.005325, 811.070618, -167.770584, 1, 0, 0, 0, 4.00
M, 107368750, 0, -313.133179, 818.580505, -181.389587, 1, 0, 0, 0, 4.00
M, 107368750, 1, -240.738342, 809.996887, -165.927902, 1, 0, 0, 0, 4.00
M, 107368750, 2, -316.099182, 817.014526, -224.003204, 1, 0, 0, 0, 3.55
M, 107368750, 3, -211.832779, 810.045166, -161.410233, 1, 0, 0, 0, 4.00
M, 107368750, 4, -268.140198, 816.530029, -175.088608, 1, 0, 0, 0, 4.00
M, 107368750, 5, -176.444138, 810.655457, -162.372543, 1, 0, 0, 0, 4.00
M, 107368750, 6, -152.789673, 811.599182, -163.464661, 1, 0, 0, 0, 3.52
M, 107368750, 7, -130.005264, 811.069824, -167.770050, 1, 0, 0, 0, 4.00
M, 107369792, 0, -313.132172, 818.580444, -181.388992, 1, 0, 0, 0, 4.00
M, 107369792, 1, -240.736496, 809.997864, -165.927246, 1, 0, 0, 0, 4.00
M, 107369792, 2, -316.102325, 817.013306, -224.002914, 1, 0, 0, 0, 4.00
M, 107369792, 3, -211.820679, 810.036560, -161.415176, 1, 0, 0, 0, 3.79
M, 107369792, 4, -268.139557, 816.530640, -175.087357, 1, 0, 0, 0, 4.00
M, 107369792, 5, -176.444016, 810.654846, -162.372757, 1, 0, 0, 0, 4.00
M, 107369792, 6, -152.789291, 811.600159, -163.464691, 1, 0, 0, 0, 4.00
M, 107369792, 7, -130.002991, 811.075500, -167.776779, 1, 0, 0, 0, 3.07
M, 107370833, 0, -313.131409, 818.587280, -181.389587, 1, 0, 0, 0, 3.57
M, 107370833, 1, -240.734619, 809.998901, -165.926620, 1, 0, 0, 0, 4.00
M, 107370833, 2, -316.101135, 817.013123, -224.001907, 1, 0, 0, 0, 4.00
M, 107370833, 3, -211.822800, 810.037781, -161.412888, 1, 0, 0, 0, 4.00
M, 107370833, 4, -268.136292, 816.520386, -175.105591, 1, 0, 0, 0, 3.32
M, 107370833, 5, -176.443893, 810.653992, -162.372971, 1, 0, 0, 0, 4.00
M, 107370833, 6, -152.788239, 811.599854, -163.463135, 1, 0, 0, 0, 4.00
M, 107370833, 7, -130.003357, 811.073608, -167.775055, 1, 0, 0, 0, 4.00
M, 107371875, 0, -313.130280, 818.586121, -181.388809, 1, 0, 0, 0, 4.00
M, 107371875, 1, -240.741150, 809.975037, -165.936188, 1, 0, 0, 0, 3.68
M, 107371875, 2, -316.099945, 817.012817, -224.000885, 1, 0, 0, 0, 4.00
M, 107371875, 3, -211.821518, 810.036621, -161.412292, 1, 0, 0, 0, 4.00
M, 107371875, 4, -268.135986, 816.522949, -175.101181, 1, 0, 0, 0, 4.00
M, 107371875, 5, -176.450455, 810.653198, -162.382675, 1, 0, 0, 0, 3.34
M, 107371875, 6, -152.787201, 811.599548, -163.461609, 1, 0, 0, 0, 4.00
M, 107371875, 7, -130.003113, 811.073303, -167.775330, 1, 0, 0, 0, 4.00
M, 107372917, 0, -313.129242, 818.586853, -181.388336, 1, 0, 0, 0, 4.00
M, 107372917, 1, -240.737869, 809.980103, -165.933868, 1, 0, 0, 0, 4.00
M, 107372917, 2, -316.101135, 817.010864, -224.012802, 1, 0, 0, 0, 3.98
M, 107372917, 3, -211.820267, 810.035461, -161.411697, 1, 0, 0, 0, 4.00
M, 107372917, 4, -268.135010, 816.522339, -175.102051, 1, 0, 0, 0, 4.00
M, 107372917, 5, -176.449265, 810.652405, -162.381317, 1, 0, 0, 0, 4.00
M, 107372917, 6, -152.799988, 811.597351, -163.478333, 1, 0, 0, 0, 3.52
M, 107372917, 7, -130.002823, 811.073120, -167.775589, 1, 0, 0, 0, 4.00
M, 107373958, 0, -313.128174, 818.587708, -181.387924, 1, 0, 0, 0, 4.00
M, 107373958, 1, -240.736969, 809.978333, -165.934372, 1, 0, 0, 0, 4.00
M, 107373958, 2, -316.099609, 817.010681, -224.009705, 1, 0, 0, 0, 4.00
M, 107373958, 3, -211.813797, 810.037781, -161.417328, 1, 0, 0, 0, 3.79
M, 107373958, 4, -268.134064, 816.521729, -175.102966, 1, 0, 0, 0, 4.00
M, 107373958, 5, -176.449860, 810.651550, -162.382568, 1, 0, 0, 0, 4.00
M, 107373958, 6, -152.796646, 811.597229, -163.473801, 1, 0, 0, 0, 4.00
M, 107373958, 7, -130.001678, 811.073059, -167.778458, 1, 0, 0, 0, 3.07
M, 107375000, 0, -313.122650, 818.582886, -181.383835, 1, 0, 0, 0, 3.57
M, 107375000, 1, -240.736023, 809.976563, -165.934814, 1, 0, 0, 0, 4.00
M, 107375000, 2, -316.098633, 817.010254, -224.010132, 1, 0, 0, 0, 4.00
M, 107375000, 3, -211.813461, 810.035889, -161.415771, 1, 0, 0, 0, 4.00
M, 107375000, 4, -268.129913, 816.529846, -175.109528, 1, 0, 0, 0, 3.32
M, 107375000, 5, -176.450455, 810.650879, -162.383820, 1, 0, 0, 0, 4.00
M, 107375000, 6, -152.797119, 811.596680, -163.474289, 1, 0, 0, 0, 4.00
M, 107375000, 7, -130.001572, 811.072876, -167.778336, 1, 0, 0, 0, 4.00
M, 107376042, 0, -313.122345, 818.584717, -181.383926, 1, 0, 0, 0, 4.00
M, 107376042, 1, -240.743774, 809.975342, -165.938339, 1, 0, 0, 0, 3.68
M, 107376042, 2, -316.097687, 817.009766, -224.010544, 1, 0, 0, 0, 4.00
M, 107376042, 3, -211.811646, 810.035095, -161.415833, 1, 0, 0, 0, 4.00
M, 107376042, 4, -268.129425, 816.527893, -175.109497, 1, 0, 0, 0, 4.00
M, 107376042, 5, -176.431442, 810.665588, -162.378067, 1, 0, 0, 0, 3.34
M, 107376042, 6, -152.797546, 811.596130, -163.474701, 1, 0, 0, 0, 4.00
M, 107376042, 7, -130.001205, 811.072754, -167.778870, 1, 0, 0, 0, 4.00
M, 107377083, 0, -313.120789, 818.584839, -181.383087, 1, 0, 0, 0, 4.00
M, 107377083, 1, -240.741394, 809.973450, -165.938309, 1, 0, 0, 0, 4.00
M, 107377083, 2, -316.085541, 817.017517, -224.004822, 1, 0, 0, 0, 3.55
M, 107377083, 3, -211.809860, 810.034424, -161.415924, 1, 0, 0, 0, 4.00
M, 107377083, 4, -268.128174, 816.528198, -175.111008, 1, 0, 0, 0, 4.00
M, 107377083, 5, -176.435287, 810.662231, -162.380478, 1, 0, 0, 0, 4.00
M, 107377083, 6, -152.788010, 811.603943, -163.476196, 1, 0, 0, 0, 3.52
M, 107377083, 7, -130.000854, 811.072571, -167.779434, 1, 0, 0, 0, 4.00
M, 107378125, 0, -313.119232, 818.585083, -181.382263, 1, 0, 0, 0, 4.00
M, 107378125, 1, -240.741364, 809.971802, -165.939117, 1, 0, 0, 0, 4.00
M, 107378125, 2, -316.086426, 817.015747, -224.006256, 1, 0, 0, 0, 4.00
M, 107378125, 3, -211.819153, 810.049622, -161.422623, 1, 0, 0, 0, 3.79
M, 107378125, 4, -268.126862, 816.528564, -175.112564, 1, 0, 0, 0, 4.00
M, 107378125, 5, -176.433762, 810.663025, -162.380951, 1, 0, 0, 0, 4.00
M, 107378125, 6, -152.790146, 811.601929, -163.476486, 1, 0, 0, 0, 4.00
M, 107378125, 7, -130.003708, 811.081421, -167.789413, 1, 0, 0, 0, 3.07
M, 107379167, 0, -313.131866, 818.581665, -181.380585, 1, 0, 0, 0, 3.57
M, 107379167, 1, -240.741394, 809.970093, -165.939941, 1, 0, 0, 0, 4.00
M, 107379167, 2, -316.084229, 817.016235, -224.005981, 1, 0, 0, 0, 4.00
M, 107379167, 3, -211.815521, 810.046204, -161.421616, 1, 0, 0, 0, 4.00
M, 107379167, 4, -268.140320, 816.514038, -175.114288, 1, 0, 0, 0, 3.32
M, 107379167, 5, -176.432236, 810.663940, -162.381424, 1, 0, 0, 0, 4.00
M, 107379167, 6, -152.789551, 811.602295, -163.477081, 1, 0, 0, 0, 4.00
M, 107379167, 7, -130.002823, 811.079773, -167.788406, 1, 0, 0, 0, 4.00
M, 107380208, 0, -313.127960, 818.582336, -181.379929, 1, 0, 0, 0, 4.00
M, 107380208, 1, -240.757278, 809.985962, -165.940308, 1, 0, 0, 0, 3.68
M, 107380208, 2, -316.082062, 817.016602, -224.005768, 1, 0, 0, 0, 4.00
M, 107380208, 3, -211.814926, 810.047058, -161.422455, 1, 0, 0, 0, 4.00
M, 107380208, 4, -268.136566, 816.516968, -175.115784, 1, 0, 0, 0, 4.00
M, 107380208, 5, -176.451965, 810.665649, -162.381912, 1, 0, 0, 0, 3.34
M, 107380208, 6, -152.788956, 811.602539, -163.477707, 1, 0, 0, 0, 4.00
M, 107380208, 7, -130.002823, 811.080627, -167.789978, 1, 0, 0, 0, 4.00
M, 107381250, 0, -313.128052, 818.582153, -181.378983, 1, 0, 0, 0, 4.00
M, 107381250, 1, -240.754623, 809.981506, -165.941132, 1, 0, 0, 0, 4.00
M, 107381250, 2, -316.104950, 817.027466, -224.018051, 1, 0, 0, 0, 3.55
M, 107381250, 3, -211.814362, 810.048035, -161.423264, 1, 0, 0, 0, 4.00
M, 107381250, 4, -268.136871, 816.515686, -175.117340, 1, 0, 0, 0, 4.00
M, 107381250, 5, -176.446930, 810.666321, -162.382385, 1, 0, 0, 0, 4.00
M, 107381250, 6, -152.790833, 811.596008, -163.480484, 1, 0, 0, 0, 3.52
M, 107381250, 7, -130.002762, 811.081604, -167.791565, 1, 0, 0, 0, 4.00
M, 107382292, 0, -313.128052, 818.581848, -181.378052, 1, 0, 0, 0, 4.00
M, 107382292, 1, -240.756287, 809.981689, -165.941879, 1, 0, 0, 0, 4.00
M, 107382292, 2, -316.098633, 817.026062, -224.015793, 1, 0, 0, 0, 4.00
M, 107382292, 3, -211.837006, 810.043823, -161.425903, 1, 0, 0, 0, 3.79
M, 107382292, 4, -268.137177, 816.514465, -175.118881, 1, 0, 0, 0, 4.00
M, 107382292, 5, -176.447739, 810.667175, -162.382858, 1, 0, 0, 0, 4.00
M, 107382292, 6, -152.789795, 811.597595, -163.480682, 1, 0, 0, 0, 4.00
M, 107382292, 7, -130.009705, 811.066467, -167.791443, 1, 0, 0, 0, 3.07
M, 107383333, 0, -313.127106, 818.582458, -181.383331, 1, 0, 0, 0, 3.57
M, 107383333, 1, -240.758072, 809.981873, -165.942657, 1, 0, 0, 0, 4.00
M, 107383333, 2, -316.099243, 817.027527, -224.016922, 1, 0, 0, 0, 4.00
M, 107383333, 3, -211.832535, 810.045593, -161.426392, 1, 0, 0, 0, 4.00
M, 107383333, 4, -268.144684, 816.525757, -175.117905, 1, 0, 0, 0, 3.32
M, 107383333, 5, -176.448517, 810.668152, -162.383331, 1, 0, 0, 0, 4.00
M, 107383333, 6, -152.789429, 811.597168, -163.481491, 1, 0, 0, 0, 4.00
M, 107383333, 7, -130.008545, 811.069946, -167.793289, 1, 0, 0, 0, 4.00
M, 107384375, 0, -313.127289, 818.581970, -181.381363, 1, 0, 0, 0, 4.00
M, 107384375, 1, -240.749878, 809.994263, -165.940994, 1, 0, 0, 0, 3.68
M, 107384375, 2, -316.099823, 817.029053, -224.018051, 1, 0, 0, 0, 4.00
M, 107384375, 3, -211.834503, 810.046082, -161.427399, 1, 0, 0, 0, 4.00
M, 107384375, 4, -268.143799, 816.522400, -175.119843, 1, 0, 0, 0, 4.00
M, 107384375, 5, -176.448776, 810.683044, -162.380692, 1, 0, 0, 0, 3.34
M, 107384375, 6, -152.789108, 811.596741, -163.482330, 1, 0, 0, 0, 4.00
M, 107384375, 7, -130.009232, 811.069214, -167.794662, 1, 0, 0, 0, 4.00
M, 107385417, 0, -313.127228, 818.581787, -181.381119, 1, 0, 0, 0, 4.00
M, 107385417, 1, -240.753250, 809.992676, -165.942154, 1, 0, 0, 0, 4.00
M, 107385417, 2, -316.100372, 817.034363, -224.008911, 1, 0, 0, 0, 3.55
M, 107385417, 3, -211.836441, 810.046387, -161.428406, 1, 0, 0, 0, 4.00
M, 107385417, 4, -268.144867, 816.522522, -175.121124, 1, 0, 0, 0, 4.00
M, 107385417, 5, -176.449615, 810.681702, -162.381668, 1, 0, 0, 0, 4.00
M, 107385417, 6, -152.795837, 811.601013, -163.483704, 1, 0, 0, 0, 3.52
M, 107385417, 7, -130.009964, 811.068359, -167.796036, 1, 0, 0, 0, 4.00
M, 107386458, 0, -313.127106, 818.581604, -181.380829, 1, 0, 0, 0, 4.00
M, 107386458, 1, -240.753906, 809.994202, -165.942657, 1, 0, 0, 0, 4.00
M, 107386458, 2, -316.100891, 817.035400, -224.011734, 1, 0, 0, 0, 4.00
M, 107386458, 3, -211.821152, 810.053650, -161.425491, 1, 0, 0, 0, 3.79
M, 107386458, 4, -268.145935, 816.522644, -175.122375, 1, 0, 0, 0, 4.00
M, 107386458, 5, -176.450333, 810.684143, -162.381790, 1, 0, 0, 0, 4.00
M, 107386458, 6, -152.794327, 811.599915, -163.484421, 1, 0, 0, 0, 4.00
M, 107386458, 7, -130.010269, 811.069092, -167.795441, 1, 0, 0, 0, 3.07
M, 107387500, 0, -313.136292, 818.583740, -181.373978, 1, 0, 0, 0, 3.57
M, 107387500, 1, -240.754562, 809.995789, -165.943161, 1, 0, 0, 0, 4.00
M, 107387500, 2, -316.101501, 817.037292, -224.011734, 1, 0, 0, 0, 4.00
M, 107387500, 3, -211.825989, 810.052856, -161.427155, 1, 0, 0, 0, 4.00
M, 107387500, 4, -268.125061, 816.541138, -175.104156, 1, 0, 0, 0, 3.32
M, 107387500, 5, -176.450989, 810.686829, -162.381912, 1, 0, 0, 0, 4.00
M, 107387500, 6, -152.794708, 811.600037, -163.485275, 1, 0, 0, 0, 4.00
M, 107387500, 7, -130.011108, 811.067810, -167.797165, 1, 0, 0, 0, 4.00
M, 107388542, 0, -313.134613, 818.583191, -181.374771, 1, 0, 0, 0, 4.00
M, 107388542, 1, -240.747284, 809.994141, -165.933594, 1, 0, 0, 0, 3.34
M, 107388542, 2, -316.102112, 817.039307, -224.011703, 1, 0, 0, 0, 4.00
M, 107388542, 3, -211.825989, 810.054016, -161.427750, 1, 0, 0, 0, 4.00
M, 107388542, 4, -268.129791, 816.538269, -175.108627, 1, 0, 0, 0, 4.00
M, 107388542, 5, -176.433578, 810.672607, -162.375732, 1, 0, 0, 0, 3.34
M, 107388542, 6, -152.795151, 811.600159, -163.486145, 1, 0, 0, 0, 4.00
M, 107388542, 7, -130.011826, 811.067078, -167.798355, 1, 0, 0, 0, 4.00
M, 107389583, 0, -313.135590, 818.583313, -181.373795, 1, 0, 0, 0, 4.00
M, 107389583, 1, -240.749222, 809.996216, -165.935715, 1, 0, 0, 0, 4.00
M, 107389583, 2, -316.116760, 817.016541, -224.008224, 1, 0, 0, 0, 3.55
M, 107389583, 3, -211.826080, 810.055237, -161.428329, 1, 0, 0, 0, 4.00
M, 107389583, 4, -268.128479, 816.540405, -175.107803, 1, 0, 0, 0, 4.00
M, 107389583, 5, -176.437302, 810.677917, -162.376907, 1, 0, 0, 0, 4.00
M, 107389583, 6, -152.789459, 811.613525, -163.468979, 1, 0, 0, 0, 3.52
M, 107389583, 7, -130.012527, 811.066345, -167.799545, 1, 0, 0, 0, 4.00
M, 107390625, 0, -313.136414, 818.583496, -181.372833, 1, 0, 0, 0, 4.00
M, 107390625, 1, -240.749054, 809.997498, -165.935150, 1, 0, 0, 0, 4.00
M, 107390625, 2, -316.114960, 817.022644, -224.008820, 1, 0, 0, 0, 4.00
M, 107390625, 3, -211.831940, 810.050171, -161.427429, 1, 0, 0, 0, 3.96
M, 107390625, 4, -268.127167, 816.542725, -175.106964, 1, 0, 0, 0, 4.00
M, 107390625, 5, -176.436050, 810.678589, -162.376358, 1, 0, 0, 0, 4.00
M, 107390625, 6, -152.790924, 811.611389, -163.472916, 1, 0, 0, 0, 4.00
M, 107390625, 7, -130.002792, 811.075500, -167.784775, 1, 0, 0, 0, 3.07
M, 107391667, 0, -313.140289, 818.593384, -181.390182, 1, 0, 0, 0, 3.57
M, 107391667, 1, -240.748810, 809.998718, -165.934525, 1, 0, 0, 0, 4.00
M, 107391667, 2, -316.117126, 817.021973, -224.008423, 1, 0, 0, 0, 4.00
M, 107391667, 3, -211.831116, 810.052368, -161.428268, 1, 0, 0, 0, 4.00
M, 107391667, 4, -268.150452, 816.529602, -175.103149, 1, 0, 0, 0, 3.32
M, 107391667, 5, -176.434830, 810.679199, -162.375824, 1, 0, 0, 0, 4.00
M, 107391667, 6, -152.790680, 811.613037, -163.471771, 1, 0, 0, 0, 4.00
M, 107391667, 7, -130.005203, 811.073120, -167.788589, 1, 0, 0, 0, 4.00
M, 107392708, 0, -313.140686, 818.591980, -181.386154, 1, 0, 0, 0, 4.00
M, 107392708, 1, -240.753723, 809.996948, -165.934998, 1, 0, 0, 0, 3.34
M, 107392708, 2, -316.119141, 817.021240, -224.008041, 1, 0, 0, 0, 4.00
M, 107392708, 3, -211.831772, 810.052673, -161.428650, 1, 0, 0, 0, 4.00
M, 107392708, 4, -268.145111, 816.534241, -175.102783, 1, 0, 0, 0, 4.00
M, 107392708, 5, -176.454803, 810.668762, -162.382675, 1, 0, 0, 0, 3.34
M, 107392708, 6, -152.790451, 811.614563, -163.470703, 1, 0, 0, 0, 4.00
M, 107392708, 7, -130.004730, 811.073608, -167.787994, 1, 0, 0, 0, 4.00
M, 107393750, 0, -313.141998, 818.593018, -181.387207, 1, 0, 0, 0, 4.00
M, 107393750, 1, -240.752686, 809.998779, -165.934219, 1, 0, 0, 0, 4.00
M, 107393750, 2, -316.108002, 817.027832, -224.006424, 1, 0, 0, 0, 3.55
M, 107393750, 3, -211.832474, 810.053040, -161.429062, 1, 0, 0, 0, 4.00
M, 107393750, 4, -268.146454, 816.534668, -175.101593, 1, 0, 0, 0, 4.00
M, 107393750, 5, -176.449997, 810.671326, -162.380920, 1, 0, 0, 0, 4.00
M, 107393750, 6, -152.800278, 811.605408, -163.473923, 1, 0, 0, 0, 3.52
M, 107393750, 7, -130.004303, 811.073975, -167.787445, 1, 0, 0, 0, 4.00
M, 107394792, 0, -313.143219, 818.594299, -181.388214, 1, 0, 0, 0, 4.00
M, 107394792, 1, -240.753036, 809.999573, -165.933746, 1, 0, 0, 0, 4.00
M, 107394792, 2, -316.112244, 817.025940, -224.006256, 1, 0, 0, 0, 4.00
M, 107394792, 3, -211.834991, 810.050903, -161.418610, 1, 0, 0, 0, 3.79
M, 107394792, 4, -268.147888, 816.535156, -175.100464, 1, 0, 0, 0, 4.00
M, 107394792, 5, -176.451050, 810.670715, -162.381165, 1, 0, 0, 0, 4.00
M, 107394792, 6, -152.798370, 811.608765, -163.472076, 1, 0, 0, 0, 4.00
M, 107394792, 7, -130.021835, 811.076965, -167.788467, 1, 0, 0, 0, 3.07
M, 107395833, 0, -313.146790, 818.584595, -181.388214, 1, 0, 0, 0, 3.57
M, 107395833, 1, -240.753372, 810.000549, -165.933273, 1, 0, 0, 0, 4.00
M, 107395833, 2, -316.112885, 817.026001, -224.005722, 1, 0, 0, 0, 4.00
M, 107395833, 3, -211.835434, 810.051758, -161.420837, 1, 0, 0, 0, 4.00
M, 107395833, 4, -268.133240, 816.549805, -175.092239, 1, 0, 0, 0, 3.32
M, 107395833, 5, -176.452148, 810.670227, -162.381424, 1, 0, 0, 0, 4.00
M, 107395833, 6, -152.799179, 811.609192, -163.471420, 1, 0, 0, 0, 4.00
M, 107395833, 7, -130.018402, 811.076965, -167.787628, 1, 0, 0, 0, 4.00
M, 107396875, 0, -313.147614, 818.587402, -181.389465, 1, 0, 0, 0, 4.00
M, 107396875, 1, -240.753815, 809.997925, -165.933395, 1, 0, 0, 0, 3.34
M, 107396875, 2, -316.113556, 817.026123, -224.005173, 1, 0, 0, 0, 4.00
M, 107396875, 3, -211.836319, 810.051941, -161.420074, 1, 0, 0, 0, 4.00
M, 107396875, 4, -268.137299, 816.547791, -175.092239, 1, 0, 0, 0, 4.00
M, 107396875, 5, -176.456177, 810.664856, -162.383698, 1, 0, 0, 0, 3.34
M, 107396875, 6, -152.800049, 811.609680, -163.470825, 1, 0, 0, 0, 4.00
M, 107396875, 7, -130.019897, 811.077576, -167.787247, 1, 0, 0, 0, 4.00
M, 107397917, 0, -313.149170, 818.587402, -181.390366, 1, 0, 0, 0, 4.00
M, 107397917, 1, -240.754196, 809.999268, -165.932831, 1, 0, 0, 0, 4.00
M, 107397917, 2, -316.117126, 817.017151, -224.011383, 1, 0, 0, 0, 3.55
M, 107397917, 3, -211.837250, 810.052063, -161.419327, 1, 0, 0, 0, 4.00
M, 107397917, 4, -268.136871, 816.549988, -175.090271, 1, 0, 0, 0, 4.00
M, 107397917, 5, -176.456741, 810.665161, -162.383636, 1, 0, 0, 0, 4.00
M, 107397917, 6, -152.804581, 811.609314, -163.466949, 1, 0, 0, 0, 3.52
M, 107397917, 7, -130.021408, 811.078247, -167.786850, 1, 0, 0, 0, 4.00
M, 107398958, 0, -313.150665, 818.587280, -181.391281, 1, 0, 0, 0, 4.00
M, 107398958, 1, -240.754562, 809.999756, -165.932434, 1, 0, 0, 0, 4.00
M, 107398958, 2, -316.117310, 817.018799, -224.009766, 1, 0, 0, 0, 4.00
M, 107398958, 3, -211.830093, 810.051270, -161.405411, 1, 0, 0, 0, 3.79
M, 107398958, 4, -268.136444, 816.551941, -175.088303, 1, 0, 0, 0, 4.00
M, 107398958, 5, -176.458145, 810.664001, -162.384109, 1, 0, 0, 0, 4.00
M, 107398958, 6, -152.804779, 811.609924, -163.466827, 1, 0, 0, 0, 4.00
M, 107398958, 7, -130.023621, 811.073853, -167.781082, 1, 0, 0, 0, 3.07
M, 107400000, 0, -313.144165, 818.595886, -181.383957, 1, 0, 0, 0, 3.57
M, 107400000, 1, -240.754974, 810.000183, -165.932022, 1, 0, 0, 0, 4.00
M, 107400000, 2, -316.118317, 817.017822, -224.009949, 1, 0, 0, 0, 4.00
M, 107400000, 3, -211.832367, 810.051636, -161.406830, 1, 0, 0, 0, 4.00
M, 107400000, 4, -268.125305, 816.548645, -175.094711, 1, 0, 0, 0, 3.32
M, 107400000, 5, -176.459503, 810.663025, -162.384567, 1, 0, 0, 0, 4.00
M, 107400000, 6, -152.806000, 811.610352, -163.465820, 1, 0, 0, 0, 4.00
M, 107400000, 7, -130.025055, 811.075317, -167.781555, 1, 0, 0, 0, 4.00
M, 107401042, 0, -313.146912, 818.594604, -181.386215, 1, 0, 0, 0, 4.00
M, 107401042, 1, -240.737686, 810.000366, -165.922424, 1, 0, 0, 0, 3.32
M, 107401042, 2, -316.119263, 817.016785, -224.010193, 1, 0, 0, 0, 4.00
M, 107401042, 3, -211.832367, 810.051575, -161.404602, 1, 0, 0, 0, 4.00
M, 107401042, 4, -268.126678, 816.551636, -175.091370, 1, 0, 0, 0, 4.00
M, 107401042, 5, -176.458801, 810.661255, -162.367004, 1, 0, 0, 0, 3.34
M, 107401042, 6, -152.807251, 811.610718, -163.464798, 1, 0, 0, 0, 4.00
M, 107401042, 7, -130.026657, 811.075378, -167.780594, 1, 0, 0, 0, 4.00
M, 107402083, 0, -313.147491, 818.595520, -181.386246, 1, 0, 0, 0, 4.00
M, 107402083, 1, -240.740967, 810.000916, -165.923523, 1, 0, 0, 0, 4.00
M, 107402083, 2, -316.108643, 817.023071, -223.995468, 1, 0, 0, 0, 3.55
M, 107402083, 3, -211.832367, 810.051758, -161.402359, 1, 0, 0, 0, 4.00
M, 107402083, 4, -268.125183, 816.553040, -175.090332, 1, 0, 0, 0, 4.00
M, 107402083, 5, -176.460526, 810.660217, -162.370468, 1, 0, 0, 0, 4.00
M, 107402083, 6, -152.795395, 811.608643, -163.460449, 1, 0, 0, 0, 3.52
M, 107402083, 7, -130.028275, 811.075439, -167.779587, 1, 0, 0, 0, 4.00
M, 107403125, 0, -313.148224, 818.596558, -181.386276, 1, 0, 0, 0, 4.00
M, 107403125, 1, -240.739395, 810.001404, -165.922089, 1, 0, 0, 0, 4.00
M, 107403125, 2, -316.111511, 817.020996, -223.998138, 1, 0, 0, 0, 4.00
M, 107403125, 3, -211.826157, 810.060852, -161.398438, 1, 0, 0, 0, 3.79
M, 107403125, 4, -268.123627, 816.554382, -175.089325, 1, 0, 0, 0, 4.00
M, 107403125, 5, -176.461685, 810.659119, -162.368973, 1, 0, 0, 0, 4.00
M, 107403125, 6, -152.798798, 811.609314, -163.460037, 1, 0, 0, 0, 4.00
M, 107403125, 7, -130.013367, 811.073792, -167.772644, 1, 0, 0, 0, 3.07
M, 107404167, 0, -313.149231, 818.589661, -181.377258, 1, 0, 0, 0, 3.57
M, 107404167, 1, -240.737869, 810.001831, -165.920700, 1, 0, 0, 0, 4.00
M, 107404167, 2, -316.111267, 817.020813, -223.996750, 1, 0, 0, 0, 4.00
M, 107404167, 3, -211.827240, 810.059448, -161.396530, 1, 0, 0, 0, 4.00
M, 107404167, 4, -268.146240, 816.530029, -175.096527, 1, 0, 0, 0, 3.32
M, 107404167, 5, -176.462814, 810.657959, -162.367416, 1, 0, 0, 0, 4.00
M, 107404167, 6, -152.798615, 811.609314, -163.458664, 1, 0, 0, 0, 4.00
M, 107404167, 7, -130.017654, 811.074280, -167.772644, 1, 0, 0, 0, 4.00
M, 107405208, 0, -313.149750, 818.591919, -181.378738, 1, 0, 0, 0, 4.00
M, 107405208, 1, -240.749649, 809.992859, -165.916229, 1, 0, 0, 0, 3.32
M, 107405208, 2, -316.110992, 817.020691, -223.995346, 1, 0, 0, 0, 4.00
M, 107405208, 3, -211.826523, 810.060547, -161.394104, 1, 0, 0, 0, 4.00
M, 107405208, 4, -268.140625, 816.535828, -175.094086, 1, 0, 0, 0, 4.00
M, 107405208, 5, -176.464462, 810.657593, -162.362061, 1, 0, 0, 0, 3.34
M, 107405208, 6, -152.798492, 811.609253, -163.457291, 1, 0, 0, 0, 4.00
M, 107405208, 7, -130.017456, 811.074158, -167.770966, 1, 0, 0, 0, 4.00
M, 107406250, 0, -313.150421, 818.591980, -181.377792, 1, 0, 0, 0, 4.00
M, 107406250, 1, -240.745880, 809.994873, -165.915268, 1, 0, 0, 0, 4.00
M, 107406250, 2, -316.101868, 817.029419, -224.006729, 1, 0, 0, 0, 3.55
M, 107406250, 3, -211.825867, 810.061768, -161.391724, 1, 0, 0, 0, 4.00
M, 107406250, 4, -268.141693, 816.534424, -175.093933, 1, 0, 0, 0, 4.00
M, 107406250, 5, -176.465530, 810.656311, -162.361221, 1, 0, 0, 0, 4.00
M, 107406250, 6, -152.800278, 811.610168, -163.461761, 1, 0, 0, 0, 3.52
M, 107406250, 7, -130.017212, 811.074097, -167.769333, 1, 0, 0, 0, 4.00
M, 107407292, 0, -313.151062, 818.592041, -181.376801, 1, 0, 0, 0, 4.00
M, 107407292, 1, -240.745773, 809.994324, -165.913544, 1, 0, 0, 0, 4.00
M, 107407292, 2, -316.103058, 817.027832, -224.003204, 1, 0, 0, 0, 4.00
M, 107407292, 3, -211.828720, 810.050903, -161.406067, 1, 0, 0, 0, 3.79
M, 107407292, 4, -268.142761, 816.532959, -175.093796, 1, 0, 0, 0, 4.00
M, 107407292, 5, -176.466812, 810.655273, -162.359314, 1, 0, 0, 0, 4.00
M, 107407292, 6, -152.799805, 811.610046, -163.459503, 1, 0, 0, 0, 4.00
M, 107407292, 7, -130.018906, 811.068970, -167.769714, 1, 0, 0, 0, 3.07
M, 107408333, 0, -313.139282, 818.598450, -181.384277, 1, 0, 0, 0, 3.57
M, 107408333, 1, -240.745651, 809.993835, -165.911819, 1, 0, 0, 0, 4.00
M, 107408333, 2, -316.101746, 817.028687, -224.003159, 1, 0, 0, 0, 4.00
M, 107408333, 3, -211.827438, 810.054138, -161.400879, 1, 0, 0, 0, 4.00
M, 107408333, 4, -268.142609, 816.537659, -175.097015, 1, 0, 0, 0, 3.60
M, 107408333, 5, -176.467972, 810.654114, -162.357407, 1, 0, 0, 0, 4.00
M, 107408333, 6, -152.799866, 811.610168, -163.458755, 1, 0, 0, 0, 4.00
M, 107408333, 7, -130.018341, 811.069824, -167.767746, 1, 0, 0, 0, 4.00
M, 107409375, 0, -313.141998, 818.597473, -181.381958, 1, 0, 0, 0, 4.00
M, 107409375, 1, -240.733337, 809.993469, -165.916290, 1, 0, 0, 0, 3.32
M, 107409375, 2, -316.100433, 817.029663, -224.003098, 1, 0, 0, 0, 4.00
M, 107409375, 3, -211.827179, 810.053955, -161.400345, 1, 0, 0, 0, 4.00
M, 107409375, 4, -268.143860, 816.535278, -175.096359, 1, 0, 0, 0, 4.00
M, 107409375, 5, -176.456146, 810.662170, -162.364090, 1, 0, 0, 0, 3.34
M, 107409375, 6, -152.799866, 811.610352, -163.458008, 1, 0, 0, 0, 4.00
M, 107409375, 7, -130.018311, 811.069214, -167.766296, 1, 0, 0, 0, 4.00
M, 107410417, 0, -313.141296, 818.598328, -181.381897, 1, 0, 0, 0, 4.00
M, 107410417, 1, -240.735245, 809.992859, -165.913513, 1, 0, 0, 0, 4.00
M, 107410417, 2, -316.097443, 817.027893, -224.002502, 1, 0, 0, 0, 3.55
M, 107410417, 3, -211.826874, 810.053772, -161.399734, 1, 0, 0, 0, 4.00
M, 107410417, 4, -268.144867, 816.534607, -175.096588, 1, 0, 0, 0, 4.00
M, 107410417, 5, -176.459503, 810.659729, -162.360748, 1, 0, 0, 0, 4.00
M, 107410417, 6, -152.798965, 811.604736, -163.462723, 1, 0, 0, 0, 3.52
M, 107410417, 7, -130.018311, 811.068604, -167.764923, 1, 0, 0, 0, 4.00
M, 107411458, 0, -313.140594, 818.599060, -181.381866, 1, 0, 0, 0, 4.00
M, 107411458, 1, -240.733810, 809.992249, -165.912476, 1, 0, 0, 0, 4.00
M, 107411458, 2, -316.096497, 817.029175, -224.002579, 1, 0, 0, 0, 4.00
M, 107411458, 3, -211.830872, 810.049011, -161.409042, 1, 0, 0, 0, 3.79
M, 107411458, 4, -268.145813, 816.533875, -175.096832, 1, 0, 0, 0, 4.00
M, 107411458, 5, -176.459274, 810.659668, -162.359741, 1, 0, 0, 0, 4.00
M, 107411458, 6, -152.799210, 811.605713, -163.461105, 1, 0, 0, 0, 4.00
M, 107411458, 7, -130.012680, 811.068481, -167.782272, 1, 0, 0, 0, 3.07
M, 107412500, 0, -313.150177, 818.593323, -181.382858, 1, 0, 0, 0, 3.57
M, 107412500, 1, -240.732422, 809.991638, -165.911392, 1, 0, 0, 0, 4.00
M, 107412500, 2, -316.095001, 817.029663, -224.002502, 1, 0, 0, 0, 4.00
M, 107412500, 3, -211.829910, 810.049438, -161.406830, 1, 0, 0, 0, 4.00
M, 107412500, 4, -268.144196, 816.531494, -175.103149, 1, 0, 0, 0, 3.32
M, 107412500, 5, -176.459061, 810.659607, -162.358780, 1, 0, 0, 0, 4.00
M, 107412500, 6, -152.799149, 811.605164, -163.460983, 1, 0, 0, 0, 4.00
M, 107412500, 7, -130.013641, 811.067688, -167.777740, 1, 0, 0, 0, 4.00
M, 107413542, 0, -313.147736, 818.595032, -181.382614, 1, 0, 0, 0, 4.00
M, 107413542, 1, -240.748840, 809.976868, -165.929993, 1, 0, 0, 0, 3.32
M, 107413542, 2, -316.093567, 817.030273, -224.002441, 1, 0, 0, 0, 4.00
M, 107413542, 3, -211.830093, 810.048767, -161.407318, 1, 0, 0, 0, 4.00
M, 107413542, 4, -268.145630, 816.530884, -175.102371, 1, 0, 0, 0, 4.00
M, 107413542, 5, -176.456314, 810.658813, -162.372437, 1, 0, 0, 0, 3.34
M, 107413542, 6, -152.799149, 811.604614, -163.460876, 1, 0, 0, 0, 4.00
M, 107413542, 7, -130.013016, 811.067139, -167.778366, 1, 0, 0, 0, 4.00
M, 107414583, 0, -313.148224, 818.595032, -181.382675, 1, 0, 0, 0, 4.00
M, 107414583, 1, -240.744522, 809.978638, -165.925705, 1, 0, 0, 0, 4.00
M, 107414583, 2, -316.117462, 817.015869, -224.018616, 1, 0, 0, 0, 3.55
M, 107414583, 3, -211.830307, 810.047913, -161.407852, 1, 0, 0, 0, 4.00
M, 107414583, 4, -268.146362, 816.530029, -175.103302, 1, 0, 0, 0, 4.00
M, 107414583, 5, -176.456467, 810.658875, -162.369003, 1, 0, 0, 0, 4.00
M, 107414583, 6, -152.804871, 811.603516, -163.473511, 1, 0, 0, 0, 3.52
M, 107414583, 7, -130.012421, 811.066528, -167.778992, 1, 0, 0, 0, 4.00
M, 107415625, 0, -313.148621, 818.595093, -181.382797, 1, 0, 0, 0, 4.00
M, 107415625, 1, -240.745026, 809.976501, -165.926773, 1, 0, 0, 0, 4.00
M, 107415625, 2, -316.111755, 817.019043, -224.015793, 1, 0, 0, 0, 4.00
M, 107415625, 3, -211.839722, 810.040466, -161.423889, 1, 0, 0, 0, 3.79
M, 107415625, 4, -268.147003, 816.529053, -175.104218, 1, 0, 0, 0, 4.00
M, 107415625, 5, -176.455994, 810.658813, -162.369629, 1, 0, 0, 0, 4.00
M, 107415625, 6, -152.803864, 811.603149, -163.471237, 1, 0, 0, 0, 4.00
M, 107415625, 7, -130.017715, 811.066345, -167.781723, 1, 0, 0, 0, 3.07
M, 107416667, 0, -313.139740, 818.591675, -181.378738, 1, 0, 0, 0, 3.57
M, 107416667, 1, -240.745560, 809.974487, -165.927902, 1, 0, 0, 0, 4.00
M, 107416667, 2, -316.113129, 817.017883, -224.017487, 1, 0, 0, 0, 4.00
M, 107416667, 3, -211.838379, 810.040955, -161.421799, 1, 0, 0, 0, 4.00
M, 107416667, 4, -268.149200, 816.522461, -175.118973, 1, 0, 0, 0, 3.32
M, 107416667, 5, -176.455460, 810.658752, -162.370224, 1, 0, 0, 0, 4.00
M, 107416667, 6, -152.804428, 811.602600, -163.472549, 1, 0, 0, 0, 4.00
M, 107416667, 7, -130.016113, 811.065735, -167.782028, 1, 0, 0, 0, 4.00
M, 107417708, 0, -313.141724, 818.592224, -181.379486, 1, 0, 0, 0, 4.00
M, 107417708, 1, -240.741028, 810.009460, -165.922958, 1, 0, 0, 0, 3.32
M, 107417708, 2, -316.114380, 817.016907, -224.019150, 1, 0, 0, 0, 4.00
M, 107417708, 3, -211.839630, 810.039429, -161.423996, 1, 0, 0, 0, 4.00
M, 107417708, 4, -268.149689, 816.522400, -175.117630, 1, 0, 0, 0, 4.00
M, 107417708, 5, -176.457657, 810.664856, -162.378036, 1, 0, 0, 0, 3.34
M, 107417708, 6, -152.804993, 811.602051, -163.473801, 1, 0, 0, 0, 4.00
M, 107417708, 7, -130.016113, 811.065186, -167.782867, 1, 0, 0, 0, 4.00
M, 107418750, 0, -313.141113, 818.591858, -181.379166, 1, 0, 0, 0, 4.00
M, 107418750, 1, -240.742371, 810.001343, -165.925049, 1, 0, 0, 0, 4.00
M, 107418750, 2, -316.087555, 817.034119, -224.018463, 1, 0, 0, 0, 3.55
M, 107418750, 3, -211.840820, 810.037964, -161.426208, 1, 0, 0, 0, 4.00
M, 107418750, 4, -268.150452, 816.520935, -175.120010, 1, 0, 0, 0, 4.00
M, 107418750, 5, -176.456711, 810.663757, -162.377441, 1, 0, 0, 0, 4.00
M, 107418750, 6, -152.807587, 811.589600, -163.481430, 1, 0, 0, 0, 3.52
M, 107418750, 7, -130.016113, 811.064758, -167.783691, 1, 0, 0, 0, 4.00
M, 107419792, 0, -313.140594, 818.591492, -181.378769, 1, 0, 0, 0, 4.00
M, 107419792, 1, -240.742340, 810.003357, -165.925461, 1, 0, 0, 0, 4.00
M, 107419792, 2, -316.093445, 817.030151, -224.020493, 1, 0, 0, 0, 4.00
M, 107419792, 3, -211.826874, 810.041443, -161.418167, 1, 0, 0, 0, 3.79
M, 107419792, 4, -268.151367, 816.519348, -175.122452, 1, 0, 0, 0, 4.00
M, 107419792, 5, -176.456467, 810.664368, -162.378860, 1, 0, 0, 0, 4.00
M, 107419792, 6, -152.807816, 811.591003, -163.481674, 1, 0, 0, 0, 4.00
M, 107419792, 7, -130.013367, 811.072144, -167.786621, 1, 0, 0, 0, 3.07
M, 107420833, 0, -313.142365, 818.591614, -181.383896, 1, 0, 0, 0, 3.57
M, 107420833, 1, -240.742310, 810.005249, -165.925903, 1, 0, 0, 0, 4.00
M, 107420833, 2, -316.091736, 817.031006, -224.021957, 1, 0, 0, 0, 4.00
M, 107420833, 3, -211.830566, 810.039307, -161.422028, 1, 0, 0, 0, 4.00
M, 107420833, 4, -268.131805, 816.533020, -175.110367, 1, 0, 0, 0, 3.32
M, 107420833, 5, -176.456314, 810.664795, -162.380234, 1, 0, 0, 0, 4.00
M, 107420833, 6, -152.808624, 811.589111, -163.483643, 1, 0, 0, 0, 4.00
M, 107420833, 7, -130.013809, 811.070313, -167.787094, 1, 0, 0, 0, 4.00
M, 107421875, 0, -313.141418, 818.591125, -181.382614, 1, 0, 0, 0, 4.00
M, 107421875, 1, -240.757950, 809.992310, -165.934708, 1, 0, 0, 0, 3.34
M, 107421875, 2, -316.089935, 817.032043, -224.023361, 1, 0, 0, 0, 4.00
M, 107421875, 3, -211.830093, 810.038330, -161.423111, 1, 0, 0, 0, 4.00
M, 107421875, 4, -268.136108, 816.528992, -175.115189, 1, 0, 0, 0, 4.00
M, 107421875, 5, -176.452530, 810.664368, -162.371185, 1, 0, 0, 0, 3.34
M, 107421875, 6, -152.809464, 811.587219, -163.485611, 1, 0, 0, 0, 4.00
M, 107421875, 7, -130.013550, 811.070679, -167.788162, 1, 0, 0, 0, 4.00
M, 107422917, 0, -313.141052, 818.590820, -181.382828, 1, 0, 0, 0, 4.00
M, 107422917, 1, -240.755341, 809.996826, -165.933716, 1, 0, 0, 0, 4.00
M, 107422917, 2, -316.115326, 817.021179, -224.029907, 1, 0, 0, 0, 3.55
M, 107422917, 3, -211.829651, 810.037354, -161.424179, 1, 0, 0, 0, 4.00
M, 107422917, 4, -268.134674, 816.529114, -175.116028, 1, 0, 0, 0, 4.00
M, 107422917, 5, -176.452957, 810.664978, -162.374344, 1, 0, 0, 0, 4.00
M, 107422917, 6, -152.800049, 811.600586, -163.476303, 1, 0, 0, 0, 3.52
M, 107422917, 7, -130.013275, 811.070923, -167.789246, 1, 0, 0, 0, 4.00
M, 107423958, 0, -313.140747, 818.590454, -181.383026, 1, 0, 0, 0, 4.00
M, 107423958, 1, -240.757004, 809.997131, -165.935059, 1, 0, 0, 0, 4.00
M, 107423958, 2, -316.109131, 817.023926, -224.030548, 1, 0, 0, 0, 4.00
M, 107423958, 3, -211.840652, 810.039978, -161.426437, 1, 0, 0, 0, 3.79
M, 107423958, 4, -268.133301, 816.529175, -175.116852, 1, 0, 0, 0, 4.00
M, 107423958, 5, -176.452362, 810.665405, -162.374634, 1, 0, 0, 0, 4.00
M, 107423958, 6, -152.802582, 811.596191, -163.480179, 1, 0, 0, 0, 4.00
M, 107423958, 7, -130.011307, 811.074646, -167.784088, 1, 0, 0, 0, 3.07
M, 107425000, 0, -313.133301, 818.587036, -181.384079, 1, 0, 0, 0, 3.57
M, 107425000, 1, -240.758636, 809.997437, -165.936371, 1, 0, 0, 0, 4.00
M, 107425000, 2, -316.110321, 817.023682, -224.032532, 1, 0, 0, 0, 4.00
M, 107425000, 3, -211.838226, 810.038574, -161.427277, 1, 0, 0, 0, 4.00
M, 107425000, 4, -268.132874, 816.531799, -175.110474, 1, 0, 0, 0, 3.32
M, 107425000, 5, -176.451828, 810.665771, -162.374878, 1, 0, 0, 0, 4.00
M, 107425000, 6, -152.802277, 811.595886, -163.480896, 1, 0, 0, 0, 4.00
M, 107425000, 7, -130.011307, 811.074463, -167.786194, 1, 0, 0, 0, 4.00
M, 107426042, 0, -313.134155, 818.587280, -181.384171, 1, 0, 0, 0, 4.00
M, 107426042, 1, -240.743118, 809.987915, -165.932907, 1, 0, 0, 0, 3.45
M, 107426042, 2, -316.111511, 817.023315, -224.034531, 1, 0, 0, 0, 4.00
M, 107426042, 3, -211.838974, 810.038147, -161.428436, 1, 0, 0, 0, 4.00
M, 107426042, 4, -268.131317, 816.531616, -175.112564, 1, 0, 0, 0, 4.00
M, 107426042, 5, -176.447922, 810.663635, -162.369751, 1, 0, 0, 0, 3.34
M, 107426042, 6, -152.801956, 811.595642, -163.481644, 1, 0, 0, 0, 4.00
M, 107426042, 7, -130.010864, 811.075134, -167.786621, 1, 0, 0, 0, 4.00
M, 107427083, 0, -313.133026, 818.586731, -181.384399, 1, 0, 0, 0, 4.00
M, 107427083, 1, -240.747650, 809.989868, -165.935059, 1, 0, 0, 0, 4.00
M, 107427083, 2, -316.113312, 817.009521, -224.019730, 1, 0, 0, 0, 3.55
M, 107427083, 3, -211.839813, 810.037598, -161.429626, 1, 0, 0, 0, 4.00
M, 107427083, 4, -268.130066, 816.531982, -175.112625, 1, 0, 0, 0, 4.00
M, 107427083, 5, -176.447891, 810.664490, -162.370880, 1, 0, 0, 0, 4.00
M, 107427083, 6, -152.811371, 811.588257, -163.481827, 1, 0, 0, 0, 3.52
M, 107427083, 7, -130.010422, 811.075806, -167.787033, 1, 0, 0, 0, 4.00
M, 107428125, 0, -313.131866, 818.586121, -181.384766, 1, 0, 0, 0, 4.00
M, 107428125, 1, -240.747406, 809.989136, -165.935867, 1, 0, 0, 0, 4.00
M, 107428125, 2, -316.114502, 817.011353, -224.024551, 1, 0, 0, 0, 4.00
M, 107428125, 3, -211.829742, 810.043945, -161.418640, 1, 0, 0, 0, 3.79
M, 107428125, 4, -268.128815, 816.532349, -175.112656, 1, 0, 0, 0, 4.00
M, 107428125, 5, -176.446960, 810.664734, -162.370560, 1, 0, 0, 0, 4.00
M, 107428125, 6, -152.809464, 811.589172, -163.482620, 1, 0, 0, 0, 4.00
M, 107428125, 7, -130.013779, 811.080505, -167.792221, 1, 0, 0, 0, 3.07
M, 107429167, 0, -313.129852, 818.584534, -181.384933, 1, 0, 0, 0, 3.57
M, 107429167, 1, -240.747253, 809.988342, -165.936691, 1, 0, 0, 0, 4.00
M, 107429167, 2, -316.115692, 817.009521, -224.024734, 1, 0, 0, 0, 4.00
M, 107429167, 3, -211.832306, 810.042358, -161.421890, 1, 0, 0, 0, 4.00
M, 107429167, 4, -268.123566, 816.536194, -175.107315, 1, 0, 0, 0, 3.32
M, 107429167, 5, -176.445984, 810.664734, -162.370193, 1, 0, 0, 0, 4.00
M, 107429167, 6, -152.810242, 811.588257, -163.483337, 1, 0, 0, 0, 4.00
M, 107429167, 7, -130.012680, 811.080566, -167.791809, 1, 0, 0, 0, 4.00
M, 107430208, 0, -313.128845, 818.584106, -181.385300, 1, 0, 0, 0, 4.00
M, 107430208, 1, -240.745499, 809.976318, -165.935501, 1, 0, 0, 0, 3.34
M, 107430208, 2, -316.117065, 817.007568, -224.024902, 1, 0, 0, 0, 4.00
M, 107430208, 3, -211.831940, 810.042480, -161.421768, 1, 0, 0, 0, 4.00
M, 107430208, 4, -268.122925, 816.536011, -175.108276, 1, 0, 0, 0, 4.00
M, 107430208, 5, -176.456772, 810.661804, -162.376358, 1, 0, 0, 0, 3.34
M, 107430208, 6, -152.811005, 811.587158, -163.484055, 1, 0, 0, 0, 4.00
M, 107430208, 7, -130.012650, 811.081726, -167.792725, 1, 0, 0, 0, 4.00
M, 107431250, 0, -313.127594, 818.583496, -181.385590, 1, 0, 0, 0, 4.00
M, 107431250, 1, -240.745499, 809.977478, -165.936646, 1, 0, 0, 0, 4.00
M, 107431250, 2, -316.102203, 817.020935, -224.009705, 1, 0, 0, 0, 3.55
M, 107431250, 3, -211.831528, 810.042664, -161.421616, 1, 0, 0, 0, 4.00
M, 107431250, 4, -268.121246, 816.536865, -175.107742, 1, 0, 0, 0, 4.00
M, 107431250, 5, -176.453903, 810.662415, -162.374969, 1, 0, 0, 0, 4.00
M, 107431250, 6, -152.808151, 811.593872, -163.475952, 1, 0, 0, 0, 3.52
M, 107431250, 7, -130.012589, 811.082886, -167.793655, 1, 0, 0, 0, 4.00
M, 107432292, 0, -313.126404, 818.582764, -181.385895, 1, 0, 0, 0, 4.00
M, 107432292, 1, -240.745148, 809.975525, -165.937210, 1, 0, 0, 0, 4.00
M, 107432292, 2, -316.106140, 817.016663, -224.012390, 1, 0, 0, 0, 4.00
M, 107432292, 3, -211.823959, 810.042297, -161.422577, 1, 0, 0, 0, 3.54
M, 107432292, 4, -268.119537, 816.537598, -175.107147, 1, 0, 0, 0, 4.00
M, 107432292, 5, -176.454208, 810.662231, -162.375351, 1, 0, 0, 0, 4.00
M, 107432292, 6, -152.809525, 811.591614, -163.478104, 1, 0, 0, 0, 4.00
M, 107432292, 7, -130.010834, 811.070862, -167.782501, 1, 0, 0, 0, 3.07
M, 107433333, 0, -313.131042, 818.586914, -181.373947, 1, 0, 0, 0, 3.57
M, 107433333, 1, -240.744751, 809.973511, -165.937805, 1, 0, 0, 0, 4.00
M, 107433333, 2, -316.105621, 817.016541, -224.010834, 1, 0, 0, 0, 4.00
M, 107433333, 3, -211.824738, 810.042542, -161.422272, 1, 0, 0, 0, 4.00
M, 107433333, 4, -268.113861, 816.542297, -175.086929, 1, 0, 0, 0, 3.32
M, 107433333, 5, -176.454590, 810.661987, -162.375763, 1, 0, 0, 0, 4.00
M, 107433333, 6, -152.809906, 811.591431, -163.477829, 1, 0, 0, 0, 4.00
M, 107433333, 7, -130.011108, 811.074158, -167.785431, 1, 0, 0, 0, 4.00
M, 107434375, 0, -313.128845, 818.585388, -181.376236, 1, 0, 0, 0, 4.00
M, 107434375, 1, -240.739059, 809.997681, -165.921234, 1, 0, 0, 0, 3.34
M, 107434375, 2, -316.105133, 817.016357, -224.009354, 1, 0, 0, 0, 4.00
M, 107434375, 3, -211.823563, 810.042725, -161.422272, 1, 0, 0, 0, 4.00
M, 107434375, 4, -268.112854, 816.542419, -175.089676, 1, 0, 0, 0, 4.00
M, 107434375, 5, -176.448776, 810.658386, -162.359680, 1, 0, 0, 0, 3.34
M, 107434375, 6, -152.810272, 811.591248, -163.477554, 1, 0, 0, 0, 4.00
M, 107434375, 7, -130.010864, 811.073792, -167.785065, 1, 0, 0, 0, 4.00
M, 107435417, 0, -313.128235, 818.585205, -181.375229, 1, 0, 0, 0, 4.00
M, 107435417, 1, -240.739532, 809.991455, -165.924652, 1, 0, 0, 0, 4.00
M, 107435417, 2, -316.083862, 817.029541, -223.998032, 1, 0, 0, 0, 3.55
M, 107435417, 3, -211.822403, 810.042908, -161.422272, 1, 0, 0, 0, 4.00
M, 107435417, 4, -268.110779, 816.543457, -175.086990, 1, 0, 0, 0, 4.00
M, 107435417, 5, -176.450119, 810.658752, -162.362808, 1, 0, 0, 0, 4.00
M, 107435417, 6, -152.800400, 811.601868, -163.469986, 1, 0, 0, 0, 3.52
M, 107435417, 7, -130.010681, 811.073364, -167.784653, 1, 0, 0, 0, 4.00
M, 107436458, 0, -313.127716, 818.584961, -181.374176, 1, 0, 0, 0, 4.00
M, 107436458, 1, -240.738586, 809.992432, -165.923370, 1, 0, 0, 0, 4.00
M, 107436458, 2, -316.086853, 817.027161, -223.998138, 1, 0, 0, 0, 4.00
M, 107436458, 3, -211.821335, 810.065674, -161.409515, 1, 0, 0, 0, 3.54
M, 107436458, 4, -268.108612, 816.544678, -175.084305, 1, 0, 0, 0, 4.00
M, 107436458, 5, -176.449799, 810.658142, -162.361404, 1, 0, 0, 0, 4.00
M, 107436458, 6, -152.802490, 811.599976, -163.470886, 1, 0, 0, 0, 4.00
M, 107436458, 7, -129.997162, 811.076050, -167.771057, 1, 0, 0, 0, 3.07
M, 107437500, 0, -313.136658, 818.590210, -181.375763, 1, 0, 0, 0, 3.57
M, 107437500, 1, -240.737625, 809.993286, -165.922089, 1, 0, 0, 0, 4.00
M, 107437500, 2, -316.084106, 817.028442, -223.995575, 1, 0, 0, 0, 4.00
M, 107437500, 3, -211.820145, 810.062195, -161.411606, 1, 0, 0, 0, 4.00
M, 107437500, 4, -268.121918, 816.534729, -175.096176, 1, 0, 0, 0, 3.32
M, 107437500, 5, -176.449432, 810.657654, -162.359970, 1, 0, 0, 0, 4.00
M, 107437500, 6, -152.801712, 811.601013, -163.469818, 1, 0, 0, 0, 4.00
M, 107437500, 7, -129.999100, 811.075195, -167.772812, 1, 0, 0, 0, 4.00
M, 107438542, 0, -313.134491, 818.589111, -181.374298, 1, 0, 0, 0, 4.00
M, 107438542, 1, -240.748215, 809.997314, -165.925735, 1, 0, 0, 0, 3.34
M, 107438542, 2, -316.081421, 817.029663, -223.993027, 1, 0, 0, 0, 4.00
M, 107438542, 3, -211.818954, 810.064819, -161.410233, 1, 0, 0, 0, 4.00
M, 107438542, 4, -268.117249, 816.537659, -175.091110, 1, 0, 0, 0, 4.00
M, 107438542, 5, -176.458023, 810.663147, -162.365402, 1, 0, 0, 0, 3.34
M, 107438542, 6, -152.800934, 811.601929, -163.468735, 1, 0, 0, 0, 4.00
M, 107438542, 7, -129.997421, 811.075195, -167.770966, 1, 0, 0, 0, 4.00
M, 107439583, 0, -313.134979, 818.589539, -181.373550, 1, 0, 0, 0, 4.00
M, 107439583, 1, -240.745316, 809.997742, -165.923615, 1, 0, 0, 0, 4.00
M, 107439583, 2, -316.110199, 817.019836, -224.005386, 1, 0, 0, 0, 3.55
M, 107439583, 3, -211.817764, 810.067444, -161.408768, 1, 0, 0, 0, 4.00
M, 107439583, 4, -268.116791, 816.537659, -175.090012, 1, 0, 0, 0, 4.00
M, 107439583, 5, -176.456177, 810.661682, -162.362839, 1, 0, 0, 0, 4.00
M, 107439583, 6, -152.803238, 811.598206, -163.468445, 1, 0, 0, 0, 3.52
M, 107439583, 7, -129.995758, 811.075195, -167.769150, 1, 0, 0, 0, 4.00
M, 107440625, 0, -313.135468, 818.589966, -181.372787, 1, 0, 0, 0, 4.00
M, 107440625, 1, -240.745621, 809.999023, -165.922836, 1, 0, 0, 0, 4.00
M, 107440625, 2, -316.102203, 817.023132, -224.000351, 1, 0, 0, 0, 4.00
M, 107440625, 3, -211.824585, 810.056580, -161.408508, 1, 0, 0, 0, 3.54
M, 107440625, 4, -268.116364, 816.537659, -175.088898, 1, 0, 0, 0, 4.00
M, 107440625, 5, -176.456833, 810.661804, -162.362152, 1, 0, 0, 0, 4.00
M, 107440625, 6, -152.801956, 811.599976, -163.467255, 1, 0, 0, 0, 4.00
M, 107440625, 7, -130.006516, 811.072327, -167.769089, 1, 0, 0, 0, 3.07
M, 107441667, 0, -313.129486, 818.585266, -181.377853, 1, 0, 0, 0, 3.57
M, 107441667, 1, -240.745880, 810.000183, -165.922119, 1, 0, 0, 0, 4.00
M, 107441667, 2, -316.102936, 817.023254, -223.999390, 1, 0, 0, 0, 4.00
M, 107441667, 3, -211.822113, 810.061401, -161.406891, 1, 0, 0, 0, 4.00
M, 107441667, 4, -268.122162, 816.535828, -175.087418, 1, 0, 0, 0, 3.32
M, 107441667, 5, -176.457458, 810.661865, -162.361465, 1, 0, 0, 0, 4.00
M, 107441667, 6, -152.801529, 811.600525, -163.466232, 1, 0, 0, 0, 4.00
M, 107441667, 7, -130.002762, 811.072815, -167.766953, 1, 0, 0, 0, 4.00
M, 107442708, 0, -313.130920, 818.586670, -181.376114, 1, 0, 0, 0, 4.00
M, 107442708, 1, -240.742310, 809.991333, -165.925232, 1, 0, 0, 0, 3.34
M, 107442708, 2, -316.103577, 817.023315, -223.998444, 1, 0, 0, 0, 4.00
M, 107442708, 3, -211.821808, 810.062622, -161.405640, 1, 0, 0, 0, 4.00
M, 107442708, 4, -268.120728, 816.536011, -175.086395, 1, 0, 0, 0, 4.00
M, 107442708, 5, -176.450684, 810.652100, -162.360565, 1, 0, 0, 0, 3.34
M, 107442708, 6, -152.801117, 811.601013, -163.465256, 1, 0, 0, 0, 4.00
M, 107442708, 7, -130.002426, 811.072449, -167.765274, 1, 0, 0, 0, 4.00
M, 107443750, 0, -313.130676, 818.586609, -181.376022, 1, 0, 0, 0, 4.00
M, 107443750, 1, -240.743240, 809.994202, -165.923828, 1, 0, 0, 0, 4.00
M, 107443750, 2, -316.099365, 817.010925, -224.005661, 1, 0, 0, 0, 3.98
M, 107443750, 3, -211.821518, 810.063660, -161.404358, 1, 0, 0, 0, 4.00
M, 107443750, 4, -268.120972, 816.535767, -175.085266, 1, 0, 0, 0, 4.00
M, 107443750, 5, -176.452530, 810.653748, -162.359940, 1, 0, 0, 0, 4.00
M, 107443750, 6, -152.796524, 811.596558, -163.461227, 1, 0, 0, 0, 3.52
M, 107443750, 7, -130.002136, 811.072144, -167.763641, 1, 0, 0, 0, 4.00
M, 107444792, 0, -313.130463, 818.586548, -181.375916, 1, 0, 0, 0, 4.00
M, 107444792, 1, -240.743118, 809.994202, -165.923492, 1, 0, 0, 0, 4.00
M, 107444792, 2, -316.100800, 817.013184, -224.003326, 1, 0, 0, 0, 4.00
M, 107444792, 3, -211.827148, 810.064270, -161.407669, 1, 0, 0, 0, 3.54
M, 107444792, 4, -268.121185, 816.535522, -175.084137, 1, 0, 0, 0, 4.00
M, 107444792, 5, -176.452362, 810.652893, -162.359253, 1, 0, 0, 0, 4.00
M, 107444792, 6, -152.796768, 811.597839, -163.460785, 1, 0, 0, 0, 4.00
M, 107444792, 7, -130.003296, 811.078491, -167.765762, 1, 0, 0, 0, 3.07
M, 107445833, 0, -313.136475, 818.582825, -181.387894, 1, 0, 0, 0, 3.57
M, 107445833, 1, -240.743057, 809.994202, -165.923203, 1, 0, 0, 0, 4.00
M, 107445833, 2, -316.100952, 817.011902, -224.003296, 1, 0, 0, 0, 4.00
M, 107445833, 3, -211.825867, 810.065430, -161.405640, 1, 0, 0, 0, 4.00
M, 107445833, 4, -268.129608, 816.536255, -175.101715, 1, 0, 0, 0, 3.32
M, 107445833, 5, -176.452148, 810.651978, -162.358536, 1, 0, 0, 0, 4.00
M, 107445833, 6, -152.795929, 811.597778, -163.459442, 1, 0, 0, 0, 4.00
M, 107445833, 7, -130.002701, 811.077087, -167.763489, 1, 0, 0, 0, 4.00
M, 107446875, 0, -313.135223, 818.583435, -181.385712, 1, 0, 0, 0, 4.00
M, 107446875, 1, -240.748306, 809.994263, -165.918732, 1, 0, 0, 0, 3.34
M, 107446875, 2, -316.101074, 817.010620, -224.003204, 1, 0, 0, 0, 4.00
M, 107446875, 3, -211.826218, 810.066467, -161.404861, 1, 0, 0, 0, 4.00
M, 107446875, 4, -268.128479, 816.535950, -175.097458, 1, 0, 0, 0, 4.00
M, 107446875, 5, -176.466782, 810.651367, -162.376846, 1, 0, 0, 0, 3.34
M, 107446875, 6, -152.795074, 811.597656, -163.458191, 1, 0, 0, 0, 4.00
M, 107446875, 7, -130.002548, 811.077515, -167.762238, 1, 0, 0, 0, 4.00
M, 107447917, 0, -313.135590, 818.582825, -181.386963, 1, 0, 0, 0, 4.00
M, 107447917, 1, -240.747345, 809.994324, -165.919083, 1, 0, 0, 0, 4.00
M, 107447917, 2, -316.111267, 817.025085, -224.011581, 1, 0, 0, 0, 3.55
M, 107447917, 3, -211.826614, 810.067566, -161.404099, 1, 0, 0, 0, 4.00
M, 107447917, 4, -268.129547, 816.535889, -175.098373, 1, 0, 0, 0, 4.00
M, 107447917, 5, -176.464096, 810.650330, -162.372971, 1, 0, 0, 0, 4.00
M, 107447917, 6, -152.798798, 811.607910, -163.469986, 1, 0, 0, 0, 3.52
M, 107447917, 7, -130.002396, 811.077881, -167.761047, 1, 0, 0, 0, 4.00
M, 107448958, 0, -313.136047, 818.582336, -181.388123, 1, 0, 0, 0, 4.00
M, 107448958, 1, -240.747818, 809.994324, -165.918304, 1, 0, 0, 0, 4.00
M, 107448958, 2, -316.109802, 817.021179, -224.010132, 1, 0, 0, 0, 4.00
M, 107448958, 3, -211.834274, 810.061890, -161.423401, 1, 0, 0, 0, 3.54
M, 107448958, 4, -268.130676, 816.535828, -175.099243, 1, 0, 0, 0, 4.00
M, 107448958, 5, -176.465530, 810.649536, -162.374313, 1, 0, 0, 0, 4.00
M, 107448958, 6, -152.797180, 811.606140, -163.466537, 1, 0, 0, 0, 4.00
M, 107448958, 7, -130.024460, 811.074036, -167.785034, 1, 0, 0, 0, 3.07
M, 107450000, 0, -313.132660, 818.599365, -181.386139, 1, 0, 0, 0, 3.57
M, 107450000, 1, -240.748367, 809.994385, -165.917572, 1, 0, 0, 0, 4.00
M, 107450000, 2, -316.111053, 817.021667, -224.011017, 1, 0, 0, 0, 4.00
M, 107450000, 3, -211.833405, 810.063965, -161.419327, 1, 0, 0, 0, 4.00
M, 107450000, 4, -268.130371, 816.533875, -175.110596, 1, 0, 0, 0, 3.32
M, 107450000, 5, -176.466965, 810.648560, -162.375702, 1, 0, 0, 0, 4.00
M, 107450000, 6, -152.796829, 811.607178, -163.466660, 1, 0, 0, 0, 4.00
M, 107450000, 7, -130.020584, 811.075256, -167.779587, 1, 0, 0, 0, 4.00
M, 107451042, 0, -313.133728, 818.595947, -181.387863, 1, 0, 0, 0, 4.00
M, 107451042, 1, -240.745743, 810.009338, -165.925522, 1, 0, 0, 0, 3.34
M, 107451042, 2, -316.112244, 817.022217, -224.011856, 1, 0, 0, 0, 4.00
M, 107451042, 3, -211.834564, 810.064270, -161.420715, 1, 0, 0, 0, 4.00
M, 107451042, 4, -268.131683, 816.534119, -175.109756, 1, 0, 0, 0, 4.00
M, 107451042, 5, -176.468536, 810.654419, -162.380478, 1, 0, 0, 0, 3.34
M, 107451042, 6, -152.796402, 811.608398, -163.466766, 1, 0, 0, 0, 4.00
M, 107451042, 7, -130.022842, 811.075256, -167.781128, 1, 0, 0, 0, 4.00
M, 107452083, 0, -313.133728, 818.597412, -181.388702, 1, 0, 0, 0, 4.00
M, 107452083, 1, -240.746719, 810.006897, -165.923325, 1, 0, 0, 0, 4.00
M, 107452083, 2, -316.099121, 817.025757, -224.006134, 1, 0, 0, 0, 3.55
M, 107452083, 3, -211.835754, 810.064697, -161.422150, 1, 0, 0, 0, 4.00
M, 107452083, 4, -268.132690, 816.533813, -175.111847, 1, 0, 0, 0, 4.00
M, 107452083, 5, -176.469971, 810.652344, -162.381256, 1, 0, 0, 0, 4.00
M, 107452083, 6, -152.811432, 811.600159, -163.480057, 1, 0, 0, 0, 3.52
M, 107452083, 7, -130.025116, 811.075195, -167.782623, 1, 0, 0, 0, 4.00
M, 107453125, 0, -313.133789, 818.598755, -181.389587, 1, 0, 0, 0, 4.00
M, 107453125, 1, -240.746811, 810.008667, -165.923492, 1, 0, 0, 0, 4.00
M, 107453125, 2, -316.102692, 817.025696, -224.008102, 1, 0, 0, 0, 4.00
M, 107453125, 3, -211.837524, 810.015442, -161.394440, 1, 0, 0, 0, 3.54
M, 107453125, 4, -268.133667, 816.533508, -175.113876, 1, 0, 0, 0, 4.00
M, 107453125, 5, -176.471436, 810.652222, -162.382980, 1, 0, 0, 0, 4.00
M, 107453125, 6, -152.808502, 811.602905, -163.477982, 1, 0, 0, 0, 4.00
M, 107453125, 7, -130.021988, 811.076721, -167.785599, 1, 0, 0, 0, 3.07
M, 107454167, 0, -313.145233, 818.584778, -181.389053, 1, 0, 0, 0, 3.57
M, 107454167, 1, -240.746933, 810.010315, -165.923676, 1, 0, 0, 0, 4.00
M, 107454167, 2, -316.102386, 817.026489, -224.008255, 1, 0, 0, 0, 4.00
M, 107454167, 3, -211.838562, 810.023987, -161.400635, 1, 0, 0, 0, 4.00
M, 107454167, 4, -268.127167, 816.545227, -175.105835, 1, 0, 0, 0, 3.32
M, 107454167, 5, -176.472855, 810.652039, -162.384705, 1, 0, 0, 0, 4.00
M, 107454167, 6, -152.809753, 811.602966, -163.479523, 1, 0, 0, 0, 4.00
M, 107454167, 7, -130.025177, 811.076416, -167.786911, 1, 0, 0, 0, 4.00
M, 107455208, 0, -313.143311, 818.588745, -181.390121, 1, 0, 0, 0, 4.00
M, 107455208, 1, -240.750351, 810.000244, -165.933685, 1, 0, 0, 0, 3.34
M, 107455208, 2, -316.102112, 817.027283, -224.008453, 1, 0, 0, 0, 4.00
M, 107455208, 3, -211.839752, 810.018921, -161.398911, 1, 0, 0, 0, 4.00
M, 107455208, 4, -268.129425, 816.542786, -175.109589, 1, 0, 0, 0, 4.00
M, 107455208, 5, -176.456619, 810.656250, -162.378067, 1, 0, 0, 0, 3.34
M, 107455208, 6, -152.811096, 811.603027, -163.481079, 1, 0, 0, 0, 4.00
M, 107455208, 7, -130.026840, 811.076538, -167.788589, 1, 0, 0, 0, 4.00
M, 107456250, 0, -313.144623, 818.588440, -181.390839, 1, 0, 0, 0, 4.00
M, 107456250, 1, -240.749969, 810.003784, -165.932251, 1, 0, 0, 0, 4.00
M, 107456250, 2, -316.113190, 817.024597, -224.021210, 1, 0, 0, 0, 3.55
M, 107456250, 3, -211.841003, 810.013855, -161.397125, 1, 0, 0, 0, 4.00
M, 107456250, 4, -268.129547, 816.543945, -175.110474, 1, 0, 0, 0, 4.00
M, 107456250, 5, -176.461029, 810.655334, -162.381195, 1, 0, 0, 0, 4.00
M, 107456250, 6, -152.798523, 811.616699, -163.469757, 1, 0, 0, 0, 3.52
M, 107456250, 7, -130.028503, 811.076721, -167.790253, 1, 0, 0, 0, 4.00
M, 107457292, 0, -313.145874, 818.588074, -181.391495, 1, 0, 0, 0, 4.00
M, 107457292, 1, -240.750473, 810.004150, -165.933502, 1, 0, 0, 0, 4.00
M, 107457292, 2, -316.111053, 817.025940, -224.019302, 1, 0, 0, 0, 4.00
M, 107457292, 3, -211.843918, 810.053406, -161.418991, 1, 0, 0, 0, 3.79
M, 107457292, 4, -268.129730, 816.544983, -175.111496, 1, 0, 0, 0, 4.00
M, 107457292, 5, -176.460526, 810.655640, -162.382019, 1, 0, 0, 0, 4.00
M, 107457292, 6, -152.802124, 811.614563, -163.473450, 1, 0, 0, 0, 4.00
M, 107457292, 7, -130.010361, 811.071167, -167.779053, 1, 0, 0, 0, 3.07
M, 107458333, 0, -313.146667, 818.591553, -181.394302, 1, 0, 0, 0, 3.57
M, 107458333, 1, -240.750977, 810.004456, -165.934769, 1, 0, 0, 0, 4.00
M, 107458333, 2, -316.111938, 817.026245, -224.020859, 1, 0, 0, 0, 4.00
M, 107458333, 3, -211.844879, 810.040894, -161.413330, 1, 0, 0, 0, 4.00
M, 107458333, 4, -268.136322, 816.533752, -175.118042, 1, 0, 0, 0, 3.32
M, 107458333, 5, -176.460052, 810.656006, -162.382797, 1, 0, 0, 0, 4.00
M, 107458333, 6, -152.801895, 811.616333, -163.473572, 1, 0, 0, 0, 4.00
M, 107458333, 7, -130.015335, 811.072144, -167.782867, 1, 0, 0, 0, 4.00
M, 107459375, 0, -313.147980, 818.590698, -181.394653, 1, 0, 0, 0, 4.00
M, 107459375, 1, -240.751968, 809.997192, -165.933426, 1, 0, 0, 0, 3.34
M, 107459375, 2, -316.112885, 817.026672, -224.022400, 1, 0, 0, 0, 4.00
M, 107459375, 3, -211.846283, 810.040771, -161.414169, 1, 0, 0, 0, 4.00
M, 107459375, 4, -268.135376, 816.536804, -175.118042, 1, 0, 0, 0, 4.00
M, 107459375, 5, -176.462585, 810.657837, -162.378693, 1, 0, 0, 0, 3.34
M, 107459375, 6, -152.801620, 811.617920, -163.473709, 1, 0, 0, 0, 4.00
M, 107459375, 7, -130.014862, 811.071655, -167.783157, 1, 0, 0, 0, 4.00
M, 107460417, 0, -313.149231, 818.590820, -181.395584, 1, 0, 0, 0, 4.00
M, 107460417, 1, -240.752350, 809.998840, -165.935089, 1, 0, 0, 0, 4.00
M, 107460417, 2, -316.115814, 817.026489, -224.020767, 1, 0, 0, 0, 3.55
M, 107460417, 3, -211.847687, 810.040527, -161.414993, 1, 0, 0, 0, 4.00
M, 107460417, 4, -268.136230, 816.536499, -175.119598, 1, 0, 0, 0, 4.00
M, 107460417, 5, -176.461533, 810.657959, -162.380295, 1, 0, 0, 0, 4.00
M, 107460417, 6, -152.803680, 811.597656, -163.477386, 1, 0, 0, 0, 3.52
M, 107460417, 7, -130.014389, 811.071228, -167.783432, 1, 0, 0, 0, 4.00
M, 107461458, 0, -313.150421, 818.590881, -181.396439, 1, 0, 0, 0, 4.00
M, 107461458, 1, -240.752914, 809.998474, -165.936066, 1, 0, 0, 0, 4.00
M, 107461458, 2, -316.116455, 817.026917, -224.022827, 1, 0, 0, 0, 4.00
M, 107461458, 3, -211.833130, 810.064636, -161.418869, 1, 0, 0, 0, 3.96
M, 107461458, 4, -268.137115, 816.536194, -175.121201, 1, 0, 0, 0, 4.00
M, 107461458, 5, -176.461411, 810.658508, -162.380600, 1, 0, 0, 0, 4.00
M, 107461458, 6, -152.803085, 811.602844, -163.476959, 1, 0, 0, 0, 4.00
M, 107461458, 7, -130.015396, 811.069153, -167.786087, 1, 0, 0, 0, 3.07
M, 107462500, 0, -313.142242, 818.596252, -181.392715, 1, 0, 0, 0, 3.57
M, 107462500, 1, -240.753494, 809.997986, -165.937057, 1, 0, 0, 0, 4.00
M, 107462500, 2, -316.117584, 817.027161, -224.024017, 1, 0, 0, 0, 4.00
M, 107462500, 3, -211.837189, 810.060303, -161.419174, 1, 0, 0, 0, 4.00
M, 107462500, 4, -268.134735, 816.535828, -175.119415, 1, 0, 0, 0, 3.32
M, 107462500, 5, -176.461243, 810.658997, -162.380890, 1, 0, 0, 0, 4.00
M, 107462500, 6, -152.803116, 811.601990, -163.477478, 1, 0, 0, 0, 4.00
M, 107462500, 7, -130.014648, 811.068909, -167.785965, 1, 0, 0, 0, 4.00
M, 107463542, 0, -313.145050, 818.595337, -181.394470, 1, 0, 0, 0, 4.00
M, 107463542, 1, -240.754791, 809.993896, -165.945007, 1, 0, 0, 0, 3.34
M, 107463542, 2, -316.118774, 817.027527, -224.025208, 1, 0, 0, 0, 4.00
M, 107463542, 3, -211.836838, 810.062805, -161.420334, 1, 0, 0, 0, 4.00
M, 107463542, 4, -268.136169, 816.535400, -175.121506, 1, 0, 0, 0, 4.00
M, 107463542, 5, -176.461411, 810.653931, -162.379349, 1, 0, 0, 0, 3.34
M, 107463542, 6, -152.803146, 811.601257, -163.478043, 1, 0, 0, 0, 4.00
M, 107463542, 7, -130.014389, 811.068237, -167.786469, 1, 0, 0, 0, 4.00
M, 107464583, 0, -313.145294, 818.596008, -181.394897, 1, 0, 0, 0, 4.00
M, 107464583, 1, -240.755219, 809.994080, -165.944839, 1, 0, 0, 0, 4.00
M, 107464583, 2, -316.112000, 817.028503, -224.022644, 1, 0, 0, 0, 3.55
M, 107464583, 3, -211.836533, 810.065125, -161.421494, 1, 0, 0, 0, 4.00
M, 107464583, 4, -268.136688, 816.535095, -175.122696, 1, 0, 0, 0, 4.00
M, 107464583, 5, -176.461182, 810.655334, -162.379913, 1, 0, 0, 0, 4.00
M, 107464583, 6, -152.806534, 811.595642, -163.477921, 1, 0, 0, 0, 3.52
M, 107464583, 7, -130.014084, 811.067444, -167.787033, 1, 0, 0, 0, 4.00
M, 107465625, 0, -313.145477, 818.596680, -181.395309, 1, 0, 0, 0, 4.00
M, 107465625, 1, -240.755875, 809.993225, -165.946533, 1, 0, 0, 0, 4.00
M, 107465625, 2, -316.114380, 817.028748, -224.024460, 1, 0, 0, 0, 4.00
M, 107465625, 3, -211.842499, 810.047363, -161.423233, 1, 0, 0, 0, 3.79
M, 107465625, 4, -268.137115, 816.534851, -175.123886, 1, 0, 0, 0, 4.00
M, 107465625, 5, -176.461090, 810.655151, -162.380005, 1, 0, 0, 0, 4.00
M, 107465625, 6, -152.806000, 811.595581, -163.478577, 1, 0, 0, 0, 4.00
M, 107465625, 7, -130.013809, 811.075256, -167.796692, 1, 0, 0, 0, 3.07
M, 107466667, 0, -313.148926, 818.589722, -181.390518, 1, 0, 0, 0, 3.57
M, 107466667, 1, -240.756470, 809.992310, -165.948227, 1, 0, 0, 0, 4.00
M, 107466667, 2, -316.114685, 817.029236, -224.025238, 1, 0, 0, 0, 4.00
M, 107466667, 3, -211.841187, 810.052917, -161.424301, 1, 0, 0, 0, 4.00
M, 107466667, 4, -268.128235, 816.537231, -175.114288, 1, 0, 0, 0, 3.32
M, 107466667, 5, -176.460968, 810.655029, -162.380096, 1, 0, 0, 0, 4.00
M, 107466667, 6, -152.806427, 811.594177, -163.479050, 1, 0, 0, 0, 4.00
M, 107466667, 7, -130.013489, 811.073120, -167.795685, 1, 0, 0, 0, 4.00
M, 107467708, 0, -313.148560, 818.591553, -181.391830, 1, 0, 0, 0, 4.00
M, 107467708, 1, -240.733734, 810.011719, -165.933090, 1, 0, 0, 0, 3.34
M, 107467708, 2, -316.114960, 817.029724, -224.026047, 1, 0, 0, 0, 4.00
M, 107467708, 3, -211.841537, 810.053101, -161.425522, 1, 0, 0, 0, 4.00
M, 107467708, 4, -268.130249, 816.536560, -175.117279, 1, 0, 0, 0, 4.00
M, 107467708, 5, -176.444901, 810.667908, -162.373688, 1, 0, 0, 0, 3.34
M, 107467708, 6, -152.806808, 811.592896, -163.479492, 1, 0, 0, 0, 4.00
M, 107467708, 7, -130.013184, 811.073364, -167.797226, 1, 0, 0, 0, 4.00
M, 107468750, 0, -313.149170, 818.591309, -181.391678, 1, 0, 0, 0, 4.00
M, 107468750, 1, -240.738205, 810.007507, -165.937622, 1, 0, 0, 0, 4.00
M, 107468750, 2, -316.091370, 817.034302, -224.004669, 1, 0, 0, 0, 3.55
M, 107468750, 3, -211.841904, 810.053284, -161.426743, 1, 0, 0, 0, 4.00
M, 107468750, 4, -268.129791, 816.536499, -175.117249, 1, 0, 0, 0, 4.00
M, 107468750, 5, -176.447403, 810.665588, -162.374878, 1, 0, 0, 0, 4.00
M, 107468750, 6, -152.793793, 811.605652, -163.467072, 1, 0, 0, 0, 3.52
M, 107468750, 7, -130.012894, 811.073669, -167.798752, 1, 0, 0, 0, 4.00
M, 107469792, 0, -313.149750, 818.591187, -181.391525, 1, 0, 0, 0, 4.00
M, 107469792, 1, -240.736298, 810.008789, -165.937500, 1, 0, 0, 0, 4.00
M, 107469792, 2, -316.095551, 817.034119, -224.009109, 1, 0, 0, 0, 4.00
M, 107469792, 3, -211.834335, 810.061829, -161.415604, 1, 0, 0, 0, 3.79
M, 107469792, 4, -268.129242, 816.536377, -175.117249, 1, 0, 0, 0, 4.00
M, 107469792, 5, -176.445587, 810.666809, -162.374222, 1, 0, 0, 0, 4.00
M, 107469792, 6, -152.796432, 811.601990, -163.469696, 1, 0, 0, 0, 4.00
M, 107469792, 7, -130.007401, 811.082275, -167.783463, 1, 0, 0, 0, 3.07
M, 107470833, 0, -313.154480, 818.588684, -181.396561, 1, 0, 0, 0, 3.57
M, 107470833, 1, -240.734421, 810.010132, -165.937378, 1, 0, 0, 0, 4.00
M, 107470833, 2, -316.093262, 817.034912, -224.007507, 1, 0, 0, 0, 4.00
M, 107470833, 3, -211.836029, 810.060547, -161.418869, 1, 0, 0, 0, 4.00
M, 107470833, 4, -268.130615, 816.536194, -175.119476, 1, 0, 0, 0, 3.32
M, 107470833, 5, -176.443680, 810.668152, -162.373566, 1, 0, 0, 0, 4.00
M, 107470833, 6, -152.795364, 811.602234, -163.468735, 1, 0, 0, 0, 4.00
M, 107470833, 7, -130.008011, 811.081055, -167.787750, 1, 0, 0, 0, 4.00
M, 107471875, 0, -313.154297, 818.588928, -181.395554, 1, 0, 0, 0, 4.00
M, 107471875, 1, -240.749619, 810.003662, -165.939285, 1, 0, 0, 0, 3.34
M, 107471875, 2, -316.090942, 817.035706, -224.005859, 1, 0, 0, 0, 4.00
M, 107471875, 3, -211.835526, 810.061707, -161.418762, 1, 0, 0, 0, 4.00
M, 107471875, 4, -268.129852, 816.536194, -175.119186, 1, 0, 0, 0, 4.00
M, 107471875, 5, -176.459747, 810.667664, -162.373978, 1, 0, 0, 0, 3.34
M, 107471875, 6, -152.794296, 811.602417, -163.467819, 1, 0, 0, 0, 4.00
M, 107471875, 7, -130.007111, 811.082336, -167.787476, 1, 0, 0, 0, 4.00
M, 107472917, 0, -313.155304, 818.588623, -181.395966, 1, 0, 0, 0, 4.00
M, 107472917, 1, -240.744873, 810.006409, -165.938812, 1, 0, 0, 0, 4.00
M, 107472917, 2, -316.123688, 817.011047, -224.004883, 1, 0, 0, 0, 3.55
M, 107472917, 3, -211.834991, 810.062866, -161.418640, 1, 0, 0, 0, 4.00
M, 107472917, 4, -268.129547, 816.536133, -175.119415, 1, 0, 0, 0, 4.00
M, 107472917, 5, -176.454926, 810.669250, -162.373199, 1, 0, 0, 0, 4.00
M, 107472917, 6, -152.806061, 811.594116, -163.465103, 1, 0, 0, 0, 3.52
M, 107472917, 7, -130.006271, 811.083374, -167.787155, 1, 0, 0, 0, 4.00
M, 107473958, 0, -313.156311, 818.588196, -181.396378, 1, 0, 0, 0, 4.00
M, 107473958, 1, -240.744781, 810.006836, -165.938934, 1, 0, 0, 0, 4.00
M, 107473958, 2, -316.115570, 817.016052, -224.003128, 1, 0, 0, 0, 4.00
M, 107473958, 3, -211.831284, 810.051575, -161.414856, 1, 0, 0, 0, 3.79
M, 107473958, 4, -268.129242, 816.536072, -175.119659, 1, 0, 0, 0, 4.00
M, 107473958, 5, -176.454987, 810.670410, -162.372665, 1, 0, 0, 0, 4.00
M, 107473958, 6, -152.802902, 811.595764, -163.464447, 1, 0, 0, 0, 4.00
M, 107473958, 7, -130.009888, 811.074890, -167.777679, 1, 0, 0, 0, 3.07
M, 107475000, 0, -313.136871, 818.592651, -181.384277, 1, 0, 0, 0, 3.57
M, 107475000, 1, -240.744781, 810.007324, -165.939056, 1, 0, 0, 0, 4.00
M, 107475000, 2, -316.117126, 817.014160, -224.001541, 1, 0, 0, 0, 4.00
M, 107475000, 3, -211.831284, 810.054871, -161.415329, 1, 0, 0, 0, 4.00
M, 107475000, 4, -268.124298, 816.532532, -175.105530, 1, 0, 0, 0, 3.32
M, 107475000, 5, -176.455063, 810.671509, -162.372131, 1, 0, 0, 0, 4.00
M, 107475000, 6, -152.803207, 811.595032, -163.463287, 1, 0, 0, 0, 4.00
M, 107475000, 7, -130.008270, 811.077576, -167.778900, 1, 0, 0, 0, 4.00
M, 107476042, 0, -313.141235, 818.591431, -181.386734, 1, 0, 0, 0, 4.00
M, 107476042, 1, -240.742813, 810.021851, -165.940430, 1, 0, 0, 0, 3.34
M, 107476042, 2, -316.118561, 817.012146, -224.000000, 1, 0, 0, 0, 4.00
M, 107476042, 3, -211.830460, 810.054626, -161.414825, 1, 0, 0, 0, 4.00
M, 107476042, 4, -268.124786, 816.533081, -175.108124, 1, 0, 0, 0, 4.00
M, 107476042, 5, -176.450119, 810.664490, -162.374222, 1, 0, 0, 0, 3.34
M, 107476042, 6, -152.803558, 811.594299, -163.462128, 1, 0, 0, 0, 4.00
M, 107476042, 7, -130.007950, 811.077637, -167.777557, 1, 0, 0, 0, 4.00
M, 107477083, 0, -313.140045, 818.591614, -181.385834, 1, 0, 0, 0, 4.00
M, 107477083, 1, -240.743057, 810.020142, -165.940308, 1, 0, 0, 0, 4.00
M, 107477083, 2, -316.106506, 817.016113, -224.002609, 1, 0, 0, 0, 3.55
M, 107477083, 3, -211.829559, 810.054443, -161.414291, 1, 0, 0, 0, 4.00
M, 107477083, 4, -268.123932, 816.532593, -175.106781, 1, 0, 0, 0, 4.00
M, 107477083, 5, -176.451050, 810.666870, -162.373322, 1, 0, 0, 0, 4.00
M, 107477083, 6, -152.792648, 811.602173, -163.464600, 1, 0, 0, 0, 3.52
M, 107477083, 7, -130.007553, 811.077637, -167.776276, 1, 0, 0, 0, 4.00
M, 107478125, 0, -313.138794, 818.591614, -181.384888, 1, 0, 0, 0, 4.00
M, 107478125, 1, -240.742813, 810.022156, -165.940598, 1, 0, 0, 0, 4.00
M, 107478125, 2, -316.110260, 817.013184, -224.000351, 1, 0, 0, 0, 4.00
M, 107478125, 3, -211.817337, 810.053467, -161.400879, 1, 0, 0, 0, 3.79
M, 107478125, 4, -268.123108, 816.532227, -175.105469, 1, 0, 0, 0, 4.00
M, 107478125, 5, -176.450577, 810.667114, -162.373062, 1, 0, 0, 0, 4.00
M, 107478125, 6, -152.794830, 811.600098, -163.462845, 1, 0, 0, 0, 4.00
M, 107478125, 7, -129.999451, 811.081726, -167.774872, 1, 0, 0, 0, 3.07
M, 107479167, 0, -313.144867, 818.592407, -181.388992, 1, 0, 0, 0, 3.57
M, 107479167, 1, -240.742584, 810.024109, -165.940842, 1, 0, 0, 0, 4.00
M, 107479167, 2, -316.110321, 817.011902, -223.999283, 1, 0, 0, 0, 4.00
M, 107479167, 3, -211.818329, 810.053345, -161.402420, 1, 0, 0, 0, 4.00
M, 107479167, 4, -268.131042, 816.535950, -175.117844, 1, 0, 0, 0, 3.60
M, 107479167, 5, -176.450150, 810.667358, -162.372849, 1, 0, 0, 0, 4.00
M, 107479167, 6, -152.793930, 811.600281, -163.462128, 1, 0, 0, 0, 4.00
M, 107479167, 7, -130.000320, 811.081238, -167.773560, 1, 0, 0, 0, 4.00
M, 107480208, 0, -313.142487, 818.592407, -181.387207, 1, 0, 0, 0, 4.00
M, 107480208, 1, -240.737930, 810.015869, -165.933746, 1, 0, 0, 0, 3.34
M, 107480208, 2, -316.110321, 817.010681, -223.998199, 1, 0, 0, 0, 4.00
M, 107480208, 3, -211.816208, 810.053040, -161.400513, 1, 0, 0, 0, 4.00
M, 107480208, 4, -268.128815, 816.534729, -175.114227, 1, 0, 0, 0, 4.00
M, 107480208, 5, -176.443207, 810.662537, -162.369064, 1, 0, 0, 0, 3.34
M, 107480208, 6, -152.792984, 811.600708, -163.461349, 1, 0, 0, 0, 4.00
M, 107480208, 7, -129.999069, 811.081848, -167.772247, 1, 0, 0, 0, 4.00
M, 107481250, 0, -313.141998, 818.592590, -181.386810, 1, 0, 0, 0, 4.00
M, 107481250, 1, -240.738403, 810.019653, -165.935181, 1, 0, 0, 0, 4.00
M, 107481250, 2, -316.114014, 817.009888, -224.002441, 1, 0, 0, 0, 3.55
M, 107481250, 3, -211.814117, 810.052673, -161.398605, 1, 0, 0, 0, 4.00
M, 107481250, 4, -268.128937, 816.534668, -175.114441, 1, 0, 0, 0, 4.00
M, 107481250, 5, -176.443832, 810.663574, -162.369415, 1, 0, 0, 0, 4.00
M, 107481250, 6, -152.797928, 811.594666, -163.466537, 1, 0, 0, 0, 3.52
M, 107481250, 7, -129.997818, 811.082520, -167.770889, 1, 0, 0, 0, 4.00
M, 107482292, 0, -313.141602, 818.592651, -181.386429, 1, 0, 0, 0, 4.00
M, 107482292, 1, -240.737656, 810.020569, -165.934647, 1, 0, 0, 0, 4.00
M, 107482292, 2, -316.113434, 817.008484, -224.000473, 1, 0, 0, 0, 4.00
M, 107482292, 3, -211.827057, 810.039795, -161.416428, 1, 0, 0, 0, 3.79
M, 107482292, 4, -268.129059, 816.534607, -175.114624, 1, 0, 0, 0, 4.00
M, 107482292, 5, -176.442673, 810.663208, -162.368790, 1, 0, 0, 0, 4.00
M, 107482292, 6, -152.796112, 811.595886, -163.464798, 1, 0, 0, 0, 4.00
M, 107482292, 7, -130.006073, 811.071838, -167.779282, 1, 0, 0, 0, 3.07
M, 107483333, 0, -313.127594, 818.588928, -181.383682, 1, 0, 0, 0, 3.57
M, 107483333, 1, -240.736923, 810.021606, -165.934082, 1, 0, 0, 0, 4.00
M, 107483333, 2, -316.113770, 817.007324, -223.999939, 1, 0, 0, 0, 4.00
M, 107483333, 3, -211.822464, 810.041565, -161.411240, 1, 0, 0, 0, 4.00
M, 107483333, 4, -268.125366, 816.534302, -175.111313, 1, 0, 0, 0, 3.32
M, 107483333, 5, -176.441513, 810.662964, -162.368256, 1, 0, 0, 0, 4.00
M, 107483333, 6, -152.795868, 811.595398, -163.464752, 1, 0, 0, 0, 4.00
M, 107483333, 7, -130.003265, 811.074158, -167.776367, 1, 0, 0, 0, 4.00
M, 107484375, 0, -313.129364, 818.589783, -181.383682, 1, 0, 0, 0, 4.00
M, 107484375, 1, -240.733276, 810.010132, -165.946915, 1, 0, 0, 0, 3.34
M, 107484375, 2, -316.114197, 817.006042, -223.999390, 1, 0, 0, 0, 4.00
M, 107484375, 3, -211.821991, 810.039978, -161.411484, 1, 0, 0, 0, 4.00
M, 107484375, 4, -268.126129, 816.534363, -175.112030, 1, 0, 0, 0, 4.00
M, 107484375, 5, -176.458496, 810.649963, -162.384201, 1, 0, 0, 0, 3.34
M, 107484375, 6, -152.795578, 811.594910, -163.464630, 1, 0, 0, 0, 4.00
M, 107484375, 7, -130.003113, 811.073303, -167.776123, 1, 0, 0, 0, 4.00
M, 107485417, 0, -313.127472, 818.589478, -181.383026, 1, 0, 0, 0, 4.00
M, 107485417, 1, -240.732986, 810.013123, -165.944122, 1, 0, 0, 0, 4.00
M, 107485417, 2, -316.105560, 817.012146, -224.004639, 1, 0, 0, 0, 3.55
M, 107485417, 3, -211.821548, 810.038147, -161.411728, 1, 0, 0, 0, 4.00
M, 107485417, 4, -268.125854, 816.534363, -175.111847, 1, 0, 0, 0, 4.00
M, 107485417, 5, -176.454330, 810.651733, -162.380829, 1, 0, 0, 0, 4.00
M, 107485417, 6, -152.796463, 811.583496, -163.466507, 1, 0, 0, 0, 3.52
M, 107485417, 7, -130.002945, 811.072571, -167.775894, 1, 0, 0, 0, 4.00
M, 107486458, 0, -313.125549, 818.589172, -181.382339, 1, 0, 0, 0, 4.00
M, 107486458, 1, -240.731934, 810.012817, -165.945007, 1, 0, 0, 0, 4.00
M, 107486458, 2, -316.107452, 817.009766, -224.003159, 1, 0, 0, 0, 4.00
M, 107486458, 3, -211.823715, 810.058777, -161.412796, 1, 0, 0, 0, 3.79
M, 107486458, 4, -268.125549, 816.534424, -175.111618, 1, 0, 0, 0, 4.00
M, 107486458, 5, -176.455185, 810.649963, -162.382080, 1, 0, 0, 0, 4.00
M, 107486458, 6, -152.795990, 811.584839, -163.466080, 1, 0, 0, 0, 4.00
M, 107486458, 7, -130.006638, 811.071472, -167.778336, 1, 0, 0, 0, 3.07
M, 107487500, 0, -313.132294, 818.591125, -181.386993, 1, 0, 0, 0, 3.57
M, 107487500, 1, -240.730865, 810.012329, -165.945908, 1, 0, 0, 0, 4.00
M, 107487500, 2, -316.106873, 817.009277, -224.003265, 1, 0, 0, 0, 4.00
M, 107487500, 3, -211.822830, 810.053467, -161.412918, 1, 0, 0, 0, 4.00
M, 107487500, 4, -268.108795, 816.534363, -175.100998, 1, 0, 0, 0, 3.32
M, 107487500, 5, -176.456024, 810.648193, -162.383286, 1, 0, 0, 0, 4.00
M, 107487500, 6, -152.795868, 811.583191, -163.466171, 1, 0, 0, 0, 4.00
M, 107487500, 7, -130.005829, 811.070862, -167.777618, 1, 0, 0, 0, 4.00
M, 107488542, 0, -313.129028, 818.590393, -181.385483, 1, 0, 0, 0, 4.00
M, 107488542, 1, -240.738647, 810.020142, -165.948532, 1, 0, 0, 0, 3.34
M, 107488542, 2, -316.106262, 817.008850, -224.003387, 1, 0, 0, 0, 4.00
M, 107488542, 3, -211.822586, 810.054260, -161.413208, 1, 0, 0, 0, 4.00
M, 107488542, 4, -268.111298, 816.534241, -175.102554, 1, 0, 0, 0, 4.00
M, 107488542, 5, -176.451584, 810.652344, -162.379852, 1, 0, 0, 0, 3.34
M, 107488542, 6, -152.795715, 811.581421, -163.466293, 1, 0, 0, 0, 4.00
M, 107488542, 7, -130.006042, 811.070129, -167.777649, 1, 0, 0, 0, 4.00
M, 107489583, 0, -313.127991, 818.590393, -181.385452, 1, 0, 0, 0, 4.00
M, 107489583, 1, -240.736115, 810.018311, -165.949127, 1, 0, 0, 0, 4.00
M, 107489583, 2, -316.107880, 817.015076, -224.016556, 1, 0, 0, 0, 3.55
M, 107489583, 3, -211.822403, 810.054993, -161.413513, 1, 0, 0, 0, 4.00
M, 107489583, 4, -268.109222, 816.534241, -175.101181, 1, 0, 0, 0, 4.00
M, 107489583, 5, -176.453308, 810.649597, -162.381851, 1, 0, 0, 0, 4.00
M, 107489583, 6, -152.792587, 811.590881, -163.468018, 1, 0, 0, 0, 3.52
M, 107489583, 7, -130.006271, 811.069458, -167.777679, 1, 0, 0, 0, 4.00
M, 107490625, 0, -313.127045, 818.590332, -181.385361, 1, 0, 0, 0, 4.00
M, 107490625, 1, -240.736023, 810.018860, -165.950195, 1, 0, 0, 0, 4.00
M, 107490625, 2, -316.106934, 817.013550, -224.014481, 1, 0, 0, 0, 4.00
M, 107490625, 3, -211.821396, 810.056335, -161.420670, 1, 0, 0, 0, 3.79
M, 107490625, 4, -268.107178, 816.534058, -175.099930, 1, 0, 0, 0, 4.00
M, 107490625, 5, -176.453613, 810.648438, -162.382538, 1, 0, 0, 0, 4.00
M, 107490625, 6, -152.792953, 811.587280, -163.467880, 1, 0, 0, 0, 4.00
M, 107490625, 7, -129.993256, 811.078735, -167.783524, 1, 0, 0, 0, 3.07
M, 107491667, 0, -313.132660, 818.586426, -181.395676, 1, 0, 0, 0, 3.57
M, 107491667, 1, -240.735901, 810.019348, -165.951279, 1, 0, 0, 0, 4.00
M, 107491667, 2, -316.106567, 817.013916, -224.015991, 1, 0, 0, 0, 4.00
M, 107491667, 3, -211.821335, 810.057129, -161.419830, 1, 0, 0, 0, 4.00
M, 107491667, 4, -268.124359, 816.530273, -175.112534, 1, 0, 0, 0, 3.32
M, 107491667, 5, -176.453842, 810.647461, -162.383255, 1, 0, 0, 0, 4.00
M, 107491667, 6, -152.792526, 811.586792, -163.468170, 1, 0, 0, 0, 4.00
M, 107491667, 7, -129.995697, 811.076294, -167.782593, 1, 0, 0, 0, 4.00
M, 107492708, 0, -313.130554, 818.587036, -181.393875, 1, 0, 0, 0, 4.00
M, 107492708, 1, -240.745255, 809.997742, -165.942276, 1, 0, 0, 0, 3.34
M, 107492708, 2, -316.106140, 817.014282, -224.017517, 1, 0, 0, 0, 4.00
M, 107492708, 3, -211.821030, 810.057861, -161.420898, 1, 0, 0, 0, 4.00
M, 107492708, 4, -268.119110, 816.530945, -175.108871, 1, 0, 0, 0, 4.00
M, 107492708, 5, -176.446457, 810.666809, -162.381973, 1, 0, 0, 0, 3.34
M, 107492708, 6, -152.792053, 811.586365, -163.468445, 1, 0, 0, 0, 4.00
M, 107492708, 7, -129.994476, 811.076660, -167.783279, 1, 0, 0, 0, 4.00
M, 107493750, 0, -313.130341, 818.586548, -181.394958, 1, 0, 0, 0, 4.00
M, 107493750, 1, -240.743591, 810.001953, -165.945007, 1, 0, 0, 0, 4.00
M, 107493750, 2, -316.110809, 817.021912, -224.020798, 1, 0, 0, 0, 3.55
M, 107493750, 3, -211.820801, 810.058777, -161.421982, 1, 0, 0, 0, 4.00
M, 107493750, 4, -268.119110, 816.530396, -175.109055, 1, 0, 0, 0, 4.00
M, 107493750, 5, -176.447952, 810.662354, -162.382980, 1, 0, 0, 0, 4.00
M, 107493750, 6, -152.795807, 811.588196, -163.488647, 1, 0, 0, 0, 3.52
M, 107493750, 7, -129.993286, 811.077026, -167.783936, 1, 0, 0, 0, 4.00
M, 107494792, 0, -313.130035, 818.586060, -181.395966, 1, 0, 0, 0, 4.00
M, 107494792, 1, -240.744492, 810.000122, -165.944977, 1, 0, 0, 0, 4.00
M, 107494792, 2, -316.109619, 817.020935, -224.022049, 1, 0, 0, 0, 4.00
M, 107494792, 3, -211.836777, 810.051147, -161.418457, 1, 0, 0, 0, 3.79
M, 107494792, 4, -268.119171, 816.529968, -175.109222, 1, 0, 0, 0, 4.00
M, 107494792, 5, -176.447388, 810.663574, -162.383453, 1, 0, 0, 0, 4.00
M, 107494792, 6, -152.794617, 811.587341, -163.485641, 1, 0, 0, 0, 4.00
M, 107494792, 7, -130.010147, 811.068665, -167.784592, 1, 0, 0, 0, 3.07
M, 107495833, 0, -313.133301, 818.589905, -181.381210, 1, 0, 0, 0, 3.57
M, 107495833, 1, -240.745438, 809.998169, -165.944946, 1, 0, 0, 0, 4.00
M, 107495833, 2, -316.109833, 817.022034, -224.023773, 1, 0, 0, 0, 4.00
M, 107495833, 3, -211.833847, 810.053284, -161.420273, 1, 0, 0, 0, 4.00
M, 107495833, 4, -268.121674, 816.543396, -175.118469, 1, 0, 0, 0, 3.32
M, 107495833, 5, -176.446777, 810.664795, -162.383926, 1, 0, 0, 0, 4.00
M, 107495833, 6, -152.794617, 811.587158, -163.488052, 1, 0, 0, 0, 4.00
M, 107495833, 7, -130.005981, 811.070496, -167.785309, 1, 0, 0, 0, 4.00
M, 107496875, 0, -313.132416, 818.588867, -181.384888, 1, 0, 0, 0, 4.00
M, 107496875, 1, -240.742020, 810.002930, -165.949905, 1, 0, 0, 0, 3.45
M, 107496875, 2, -316.110016, 817.023071, -224.025497, 1, 0, 0, 0, 4.00
M, 107496875, 3, -211.835342, 810.053162, -161.420837, 1, 0, 0, 0, 4.00
M, 107496875, 4, -268.121368, 816.540588, -175.117218, 1, 0, 0, 0, 4.00
M, 107496875, 5, -176.457336, 810.669922, -162.385956, 1, 0, 0, 0, 3.34
M, 107496875, 6, -152.794586, 811.586975, -163.490494, 1, 0, 0, 0, 4.00
M, 107496875, 7, -130.006760, 811.069885, -167.785965, 1, 0, 0, 0, 4.00
M, 107497917, 0, -313.132538, 818.588928, -181.384201, 1, 0, 0, 0, 4.00
M, 107497917, 1, -240.743713, 809.999878, -165.949127, 1, 0, 0, 0, 4.00
M, 107497917, 2, -316.114746, 817.021118, -224.018234, 1, 0, 0, 0, 3.55
M, 107497917, 3, -211.836838, 810.053040, -161.421432, 1, 0, 0, 0, 4.00
M, 107497917, 4, -268.121674, 816.541565, -175.118408, 1, 0, 0, 0, 4.00
M, 107497917, 5, -176.454926, 810.670349, -162.386200, 1, 0, 0, 0, 4.00
M, 107497917, 6, -152.802933, 811.597595, -163.485901, 1, 0, 0, 0, 3.52
M, 107497917, 7, -130.007492, 811.069336, -167.786621, 1, 0, 0, 0, 4.00
M, 107498958, 0, -313.132660, 818.588989, -181.383514, 1, 0, 0, 0, 4.00
M, 107498958, 1, -240.744156, 809.998657, -165.949600, 1, 0, 0, 0, 4.00
M, 107498958, 2, -316.114136, 817.022888, -224.021393, 1, 0, 0, 0, 4.00
M, 107498958, 3, -211.838684, 810.049988, -161.424301, 1, 0, 0, 0, 3.79
M, 107498958, 4, -268.121918, 816.542725, -175.119568, 1, 0, 0, 0, 4.00
M, 107498958, 5, -176.455612, 810.671936, -162.386856, 1, 0, 0, 0, 4.00
M, 107498958, 6, -152.801529, 811.595581, -163.489548, 1, 0, 0, 0, 4.00
M, 107498958, 7, -130.011047, 811.071167, -167.788406, 1, 0, 0, 0, 3.07
M, 107500000, 0, -313.128784, 818.587036, -181.382431, 1, 0, 0, 0, 3.57
M, 107500000, 1, -240.744598, 809.997498, -165.950134, 1, 0, 0, 0, 4.00
M, 107500000, 2, -316.114807, 817.023621, -224.022110, 1, 0, 0, 0, 4.00
M, 107500000, 3, -211.840103, 810.050293, -161.424484, 1, 0, 0, 0, 4.00
M, 107500000, 4, -268.116241, 816.537781, -175.102615, 1, 0, 0, 0, 3.32
M, 107500000, 5, -176.456207, 810.673523, -162.387512, 1, 0, 0, 0, 4.00
M, 107500000, 6, -152.802490, 811.596497, -163.491241, 1, 0, 0, 0, 4.00
M, 107500000, 7, -130.011368, 811.070129, -167.788879, 1, 0, 0, 0, 4.00
M, 107501042, 0, -313.129608, 818.587402, -181.381775, 1, 0, 0, 0, 4.00
M, 107501042, 1, -240.732620, 810.017578, -165.940903, 1, 0, 0, 0, 3.34
M, 107501042, 2, -316.115448, 817.024475, -224.022888, 1, 0, 0, 0, 4.00
M, 107501042, 3, -211.841660, 810.049988, -161.425278, 1, 0, 0, 0, 4.00
M, 107501042, 4, -268.117493, 816.539978, -175.106781, 1, 0, 0, 0, 4.00
M, 107501042, 5, -176.441055, 810.680908, -162.381668, 1, 0, 0, 0, 3.34
M, 107501042, 6, -152.803375, 811.597534, -163.492905, 1, 0, 0, 0, 4.00
M, 107501042, 7, -130.012451, 811.069946, -167.789658, 1, 0, 0, 0, 4.00
M, 107502083, 0, -313.129242, 818.587219, -181.381119, 1, 0, 0, 0, 4.00
M, 107502083, 1, -240.735184, 810.012817, -165.943039, 1, 0, 0, 0, 4.00
M, 107502083, 2, -316.087982, 817.035278, -224.017990, 1, 0, 0, 0, 3.55
M, 107502083, 3, -211.843185, 810.049500, -161.426117, 1, 0, 0, 0, 4.00
M, 107502083, 4, -268.117157, 816.540405, -175.106003, 1, 0, 0, 0, 4.00
M, 107502083, 5, -176.444305, 810.681519, -162.383392, 1, 0, 0, 0, 4.00
M, 107502083, 6, -152.783112, 811.605347, -163.477493, 1, 0, 0, 0, 3.52
M, 107502083, 7, -130.013519, 811.069641, -167.790497, 1, 0, 0, 0, 4.00
M, 107503125, 0, -313.128967, 818.587036, -181.380386, 1, 0, 0, 0, 4.00
M, 107503125, 1, -240.734329, 810.013855, -165.942535, 1, 0, 0, 0, 4.00
M, 107503125, 2, -316.093262, 817.034485, -224.019638, 1, 0, 0, 0, 4.00
M, 107503125, 3, -211.824966, 810.062805, -161.420746, 1, 0, 0, 0, 3.79
M, 107503125, 4, -268.116791, 816.540710, -175.105179, 1, 0, 0, 0, 4.00
M, 107503125, 5, -176.443268, 810.683655, -162.383331, 1, 0, 0, 0, 4.00
M, 107503125, 6, -152.787552, 811.605103, -163.482025, 1, 0, 0, 0, 4.00
M, 107503125, 7, -130.000488, 811.080078, -167.782898, 1, 0, 0, 0, 3.07
M, 107504167, 0, -313.133545, 818.596008, -181.389618, 1, 0, 0, 0, 3.57
M, 107504167, 1, -240.733459, 810.014954, -165.942032, 1, 0, 0, 0, 4.00
M, 107504167, 2, -316.090881, 817.036316, -224.019730, 1, 0, 0, 0, 4.00
M, 107504167, 3, -211.829773, 810.060120, -161.422577, 1, 0, 0, 0, 4.00
M, 107504167, 4, -268.122986, 816.543030, -175.109589, 1, 0, 0, 0, 3.32
M, 107504167, 5, -176.442139, 810.685974, -162.383255, 1, 0, 0, 0, 4.00
M, 107504167, 6, -152.786133, 811.606934, -163.481857, 1, 0, 0, 0, 4.00
M, 107504167, 7, -130.003922, 811.077881, -167.785065, 1, 0, 0, 0, 4.00
M, 107505208, 0, -313.132355, 818.594421, -181.387268, 1, 0, 0, 0, 4.00
M, 107505208, 1, -240.732742, 810.026978, -165.951691, 1, 0, 0, 0, 3.34
M, 107505208, 2, -316.088501, 817.038269, -224.019897, 1, 0, 0, 0, 4.00
M, 107505208, 3, -211.829208, 810.061035, -161.422714, 1, 0, 0, 0, 4.00
M, 107505208, 4, -268.121552, 816.543152, -175.107971, 1, 0, 0, 0, 4.00
M, 107505208, 5, -176.455643, 810.668091, -162.378922, 1, 0, 0, 0, 3.34
M, 107505208, 6, -152.784729, 811.608643, -163.481674, 1, 0, 0, 0, 4.00
M, 107505208, 7, -130.003418, 811.078796, -167.784943, 1, 0, 0, 0, 4.00
M, 107506250, 0, -313.132721, 818.595032, -181.387589, 1, 0, 0, 0, 4.00
M, 107506250, 1, -240.731857, 810.026245, -165.949478, 1, 0, 0, 0, 4.00
M, 107506250, 2, -316.108887, 817.024719, -224.029312, 1, 0, 0, 0, 3.55
M, 107506250, 3, -211.828613, 810.062073, -161.422897, 1, 0, 0, 0, 4.00
M, 107506250, 4, -268.121918, 816.543762, -175.107742, 1, 0, 0, 0, 4.00
M, 107506250, 5, -176.452179, 810.673462, -162.379578, 1, 0, 0, 0, 4.00
M, 107506250, 6, -152.797424, 811.605042, -163.493362, 1, 0, 0, 0, 3.52
M, 107506250, 7, -130.002960, 811.079651, -167.784836, 1, 0, 0, 0, 4.00
M, 107507292, 0, -313.132904, 818.595825, -181.388016, 1, 0, 0, 0, 4.00
M, 107507292, 1, -240.731018, 810.028442, -165.950027, 1, 0, 0, 0, 4.00
M, 107507292, 2, -316.102692, 817.029053, -224.027954, 1, 0, 0, 0, 4.00
M, 107507292, 3, -211.833755, 810.046082, -161.421051, 1, 0, 0, 0, 3.79
M, 107507292, 4, -268.122314, 816.544373, -175.107529, 1, 0, 0, 0, 4.00
M, 107507292, 5, -176.452682, 810.673401, -162.379044, 1, 0, 0, 0, 4.00
M, 107507292, 6, -152.793701, 811.607666, -163.491211, 1, 0, 0, 0, 4.00
M, 107507292, 7, -130.008118, 811.078918, -167.782272, 1, 0, 0, 0, 3.07
M, 107508333, 0, -313.131866, 818.600403, -181.378983, 1, 0, 0, 0, 3.57
M, 107508333, 1, -240.730087, 810.030762, -165.950623, 1, 0, 0, 0, 4.00
M, 107508333, 2, -316.102814, 817.029236, -224.029083, 1, 0, 0, 0, 4.00
M, 107508333, 3, -211.832184, 810.049988, -161.421524, 1, 0, 0, 0, 4.00
M, 107508333, 4, -268.109222, 816.551636, -175.104462, 1, 0, 0, 0, 3.32
M, 107508333, 5, -176.453186, 810.673401, -162.378540, 1, 0, 0, 0, 4.00
M, 107508333, 6, -152.793808, 811.608765, -163.492340, 1, 0, 0, 0, 4.00
M, 107508333, 7, -130.006805, 811.079956, -167.782593, 1, 0, 0, 0, 4.00
M, 107509375, 0, -313.132355, 818.600586, -181.380890, 1, 0, 0, 0, 4.00
M, 107509375, 1, -240.733215, 810.022034, -165.946091, 1, 0, 0, 0, 3.34
M, 107509375, 2, -316.102936, 817.029419, -224.030212, 1, 0, 0, 0, 4.00
M, 107509375, 3, -211.832245, 810.049133, -161.421432, 1, 0, 0, 0, 4.00
M, 107509375, 4, -268.111786, 816.551086, -175.104645, 1, 0, 0, 0, 4.00
M, 107509375, 5, -176.443954, 810.666077, -162.368378, 1, 0, 0, 0, 3.34
M, 107509375, 6, -152.793961, 811.609802, -163.493439, 1, 0, 0, 0, 4.00
M, 107509375, 7, -130.006958, 811.080566, -167.782242, 1, 0, 0, 0, 4.00
M, 107510417, 0, -313.132477, 818.601746, -181.380295, 1, 0, 0, 0, 4.00
M, 107510417, 1, -240.731674, 810.026184, -165.947540, 1, 0, 0, 0, 4.00
M, 107510417, 2, -316.092804, 817.036865, -224.005478, 1, 0, 0, 0, 3.55
M, 107510417, 3, -211.832245, 810.048340, -161.421371, 1, 0, 0, 0, 4.00
M, 107510417, 4, -268.110718, 816.552429, -175.104156, 1, 0, 0, 0, 4.00
M, 107510417, 5, -176.446075, 810.667358, -162.369385, 1, 0, 0, 0, 4.00
M, 107510417, 6, -152.793671, 811.607117, -163.476929, 1, 0, 0, 0, 3.52
M, 107510417, 7, -130.007111, 811.081299, -167.781845, 1, 0, 0, 0, 4.00
M, 107511458, 0, -313.132477, 818.602966, -181.379639, 1, 0, 0, 0, 4.00
M, 107511458, 1, -240.731277, 810.027222, -165.947540, 1, 0, 0, 0, 4.00
M, 107511458, 2, -316.094543, 817.035950, -224.010864, 1, 0, 0, 0, 4.00
M, 107511458, 3, -211.820328, 810.060913, -161.411423, 1, 0, 0, 0, 3.79
M, 107511458, 4, -268.109528, 816.553955, -175.103561, 1, 0, 0, 0, 4.00
M, 107511458, 5, -176.445496, 810.666504, -162.367844, 1, 0, 0, 0, 4.00
M, 107511458, 6, -152.793839, 811.609070, -163.480957, 1, 0, 0, 0, 4.00
M, 107511458, 7, -129.997040, 811.084778, -167.768921, 1, 0, 0, 0, 3.07
M, 107512500, 0, -313.139801, 818.587585, -181.388306, 1, 0, 0, 0, 3.57
M, 107512500, 1, -240.730774, 810.028564, -165.947540, 1, 0, 0, 0, 4.00
M, 107512500, 2, -316.093506, 817.036804, -224.009171, 1, 0, 0, 0, 4.00
M, 107512500, 3, -211.822311, 810.057861, -161.413010, 1, 0, 0, 0, 4.00
M, 107512500, 4, -268.119873, 816.559448, -175.100220, 1, 0, 0, 0, 3.32
M, 107512500, 5, -176.444962, 810.665649, -162.366226, 1, 0, 0, 0, 4.00
M, 107512500, 6, -152.793900, 811.609863, -163.480118, 1, 0, 0, 0, 4.00
M, 107512500, 7, -129.998886, 811.084900, -167.770584, 1, 0, 0, 0, 4.00
M, 107513542, 0, -313.138672, 818.591614, -181.386139, 1, 0, 0, 0, 4.00
M, 107513542, 1, -240.742050, 810.003052, -165.926895, 1, 0, 0, 0, 3.34
M, 107513542, 2, -316.092438, 817.038025, -224.007477, 1, 0, 0, 0, 4.00
M, 107513542, 3, -211.821091, 810.058533, -161.411865, 1, 0, 0, 0, 4.00
M, 107513542, 4, -268.116791, 816.560364, -175.100113, 1, 0, 0, 0, 4.00
M, 107513542, 5, -176.443771, 810.671387, -162.360626, 1, 0, 0, 0, 3.34
M, 107513542, 6, -152.793991, 811.610657, -163.479355, 1, 0, 0, 0, 4.00
M, 107513542, 7, -129.997925, 811.085876, -167.768860, 1, 0, 0, 0, 4.00
M, 107514583, 0, -313.139557, 818.591003, -181.386490, 1, 0, 0, 0, 4.00
M, 107514583, 1, -240.739655, 810.008606, -165.930344, 1, 0, 0, 0, 4.00
M, 107514583, 2, -316.115204, 817.025757, -224.011322, 1, 0, 0, 0, 3.98
M, 107514583, 3, -211.819839, 810.059021, -161.410767, 1, 0, 0, 0, 4.00
M, 107514583, 4, -268.116974, 816.562134, -175.099274, 1, 0, 0, 0, 4.00
M, 107514583, 5, -176.443298, 810.669373, -162.359680, 1, 0, 0, 0, 4.00
M, 107514583, 6, -152.793045, 811.608643, -163.473633, 1, 0, 0, 0, 3.52
M, 107514583, 7, -129.996948, 811.086975, -167.767120, 1, 0, 0, 0, 4.00
M, 107515625, 0, -313.140411, 818.590393, -181.386841, 1, 0, 0, 0, 4.00
M, 107515625, 1, -240.740494, 810.006897, -165.928085, 1, 0, 0, 0, 4.00
M, 107515625, 2, -316.110321, 817.028870, -224.008759, 1, 0, 0, 0, 4.00
M, 107515625, 3, -211.832504, 810.059387, -161.407547, 1, 0, 0, 0, 3.79
M, 107515625, 4, -268.117157, 816.563904, -175.098434, 1, 0, 0, 0, 4.00
M, 107515625, 5, -176.442703, 810.669312, -162.357651, 1, 0, 0, 0, 4.00
M, 107515625, 6, -152.793274, 811.609802, -163.473633, 1, 0, 0, 0, 4.00
M, 107515625, 7, -130.002884, 811.080505, -167.763672, 1, 0, 0, 0, 3.07
M, 107516667, 0, -313.141052, 818.593750, -181.380585, 1, 0, 0, 0, 3.57
M, 107516667, 1, -240.741333, 810.005066, -165.925873, 1, 0, 0, 0, 4.00
M, 107516667, 2, -316.111877, 817.028381, -224.007629, 1, 0, 0, 0, 4.00
M, 107516667, 3, -211.828934, 810.060181, -161.406723, 1, 0, 0, 0, 4.00
M, 107516667, 4, -268.129547, 816.577454, -175.082764, 1, 0, 0, 0, 3.32
M, 107516667, 5, -176.442017, 810.669312, -162.355621, 1, 0, 0, 0, 4.00
M, 107516667, 6, -152.793243, 811.610168, -163.472290, 1, 0, 0, 0, 4.00
M, 107516667, 7, -130.000793, 811.082703, -167.762207, 1, 0, 0, 0, 4.00
M, 107517708, 0, -313.141968, 818.592468, -181.382080, 1, 0, 0, 0, 4.00
M, 107517708, 1, -240.737488, 810.007324, -165.923050, 1, 0, 0, 0, 3.34
M, 107517708, 2, -316.113434, 817.027893, -224.006546, 1, 0, 0, 0, 4.00
M, 107517708, 3, -211.829178, 810.060669, -161.405350, 1, 0, 0, 0, 4.00
M, 107517708, 4, -268.127625, 816.577393, -175.084366, 1, 0, 0, 0, 4.00
M, 107517708, 5, -176.452835, 810.664612, -162.364212, 1, 0, 0, 0, 3.34
M, 107517708, 6, -152.793213, 811.610657, -163.470947, 1, 0, 0, 0, 4.00
M, 107517708, 7, -130.000610, 811.082825, -167.760269, 1, 0, 0, 0, 4.00
M, 107518750, 0, -313.142853, 818.592407, -181.381714, 1, 0, 0, 0, 4.00
M, 107518750, 1, -240.739151, 810.004700, -165.920929, 1, 0, 0, 0, 4.00
M, 107518750, 2, -316.097076, 817.029968, -223.995880, 1, 0, 0, 0, 3.55
M, 107518750, 3, -211.829437, 810.061340, -161.403976, 1, 0, 0, 0, 4.00
M, 107518750, 4, -268.129181, 816.580383, -175.081924, 1, 0, 0, 0, 4.00
M, 107518750, 5, -176.450333, 810.665283, -162.360443, 1, 0, 0, 0, 4.00
M, 107518750, 6, -152.788177, 811.607605, -163.462845, 1, 0, 0, 0, 3.52
M, 107518750, 7, -130.000427, 811.083008, -167.758362, 1, 0, 0, 0, 4.00
M, 107519792, 0, -313.143677, 818.592163, -181.381363, 1, 0, 0, 0, 4.00
M, 107519792, 1, -240.739487, 810.003479, -165.918640, 1, 0, 0, 0, 4.00
M, 107519792, 2, -316.101624, 817.029114, -223.996414, 1, 0, 0, 0, 4.00
M, 107519792, 3, -211.823059, 810.056396, -161.404327, 1, 0, 0, 0, 3.79
M, 107519792, 4, -268.130676, 816.583435, -175.079422, 1, 0, 0, 0, 4.00
M, 107519792, 5, -176.450928, 810.664673, -162.359558, 1, 0, 0, 0, 4.00
M, 107519792, 6, -152.788956, 811.608582, -163.462662, 1, 0, 0, 0, 4.00
M, 107519792, 7, -130.008636, 811.078918, -167.763611, 1, 0, 0, 0, 3.07
M, 107520833, 0, -313.139160, 818.598022, -181.380173, 1, 0, 0, 0, 3.57
M, 107520833, 1, -240.739838, 810.002014, -165.916336, 1, 0, 0, 0, 4.00
M, 107520833, 2, -316.101257, 817.028992, -223.994308, 1, 0, 0, 0, 4.00
M, 107520833, 3, -211.824371, 810.057983, -161.402664, 1, 0, 0, 0, 4.00
M, 107520833, 4, -268.114868, 816.563049, -175.097397, 1, 0, 0, 0, 3.32
M, 107520833, 5, -176.451553, 810.664185, -162.358719, 1, 0, 0, 0, 4.00
M, 107520833, 6, -152.788422, 811.608643, -163.460571, 1, 0, 0, 0, 4.00
M, 107520833, 7, -130.007050, 811.079773, -167.760544, 1, 0, 0, 0, 4.00
M, 107521875, 0, -313.140869, 818.596985, -181.379990, 1, 0, 0, 0, 4.00
M, 107521875, 1, -240.744751, 810.001587, -165.940491, 1, 0, 0, 0, 3.34
M, 107521875, 2, -316.100861, 817.028809, -223.992126, 1, 0, 0, 0, 4.00
M, 107521875, 3, -211.823929, 810.057922, -161.401474, 1, 0, 0, 0, 4.00
M, 107521875, 4, -268.119232, 816.570007, -175.091553, 1, 0, 0, 0, 4.00
M, 107521875, 5, -176.443115, 810.671997, -162.359772, 1, 0, 0, 0, 3.34
M, 107521875, 6, -152.787857, 811.608643, -163.458481, 1, 0, 0, 0, 4.00
M, 107521875, 7, -130.007767, 811.079407, -167.759384, 1, 0, 0, 0, 4.00
M, 107522917, 0, -313.141113, 818.597534, -181.379517, 1, 0, 0, 0, 4.00
M, 107522917, 1, -240.744278, 810.000122, -165.933777, 1, 0, 0, 0, 4.00
M, 107522917, 2, -316.106628, 817.019714, -224.011795, 1, 0, 0, 0, 3.55
M, 107522917, 3, -211.823425, 810.058044, -161.400314, 1, 0, 0, 0, 4.00
M, 107522917, 4, -268.118805, 816.570557, -175.091293, 1, 0, 0, 0, 4.00
M, 107522917, 5, -176.445236, 810.669983, -162.358597, 1, 0, 0, 0, 4.00
M, 107522917, 6, -152.784256, 811.604431, -163.457169, 1, 0, 0, 0, 3.52
M, 107522917, 7, -130.008514, 811.079041, -167.758240, 1, 0, 0, 0, 4.00
M, 107523958, 0, -313.141418, 818.598022, -181.379105, 1, 0, 0, 0, 4.00
M, 107523958, 1, -240.745087, 809.998901, -165.934402, 1, 0, 0, 0, 4.00
M, 107523958, 2, -316.105194, 817.021057, -224.006042, 1, 0, 0, 0, 4.00
M, 107523958, 3, -211.835159, 810.040710, -161.410767, 1, 0, 0, 0, 3.79
M, 107523958, 4, -268.118469, 816.571045, -175.091110, 1, 0, 0, 0, 4.00
M, 107523958, 5, -176.444855, 810.670288, -162.357880, 1, 0, 0, 0, 4.00
M, 107523958, 6, -152.784195, 811.605103, -163.454971, 1, 0, 0, 0, 4.00
M, 107523958, 7, -130.001450, 811.071594, -167.767014, 1, 0, 0, 0, 3.07
M, 107525000, 0, -313.146484, 818.592896, -181.375290, 1, 0, 0, 0, 3.57
M, 107525000, 1, -240.745911, 809.997620, -165.934937, 1, 0, 0, 0, 4.00
M, 107525000, 2, -316.105560, 817.020020, -224.006317, 1, 0, 0, 0, 4.00
M, 107525000, 3, -211.832657, 810.043640, -161.407669, 1, 0, 0, 0, 4.00
M, 107525000, 4, -268.130371, 816.552917, -175.102188, 1, 0, 0, 0, 3.32
M, 107525000, 5, -176.444427, 810.670654, -162.357224, 1, 0, 0, 0, 4.00
M, 107525000, 6, -152.783295, 811.604614, -163.452972, 1, 0, 0, 0, 4.00
M, 107525000, 7, -130.003418, 811.072449, -167.764206, 1, 0, 0, 0, 4.00
M, 107526042, 0, -313.145935, 818.594360, -181.375397, 1, 0, 0, 0, 4.00
M, 107526042, 1, -240.735306, 810.009460, -165.935242, 1, 0, 0, 0, 3.34
M, 107526042, 2, -316.105865, 817.018677, -224.006577, 1, 0, 0, 0, 4.00
M, 107526042, 3, -211.833557, 810.041626, -161.407791, 1, 0, 0, 0, 4.00
M, 107526042, 4, -268.127930, 816.556519, -175.100113, 1, 0, 0, 0, 4.00
M, 107526042, 5, -176.445557, 810.667908, -162.369034, 1, 0, 0, 0, 3.34
M, 107526042, 6, -152.782394, 811.604187, -163.450974, 1, 0, 0, 0, 4.00
M, 107526042, 7, -130.003357, 811.071350, -167.764206, 1, 0, 0, 0, 4.00
M, 107527083, 0, -313.146790, 818.594238, -181.374603, 1, 0, 0, 0, 4.00
M, 107527083, 1, -240.738022, 810.006104, -165.935837, 1, 0, 0, 0, 4.00
M, 107527083, 2, -316.104187, 817.024841, -224.013763, 1, 0, 0, 0, 3.55
M, 107527083, 3, -211.834412, 810.039795, -161.407852, 1, 0, 0, 0, 4.00
M, 107527083, 4, -268.128937, 816.554993, -175.101120, 1, 0, 0, 0, 4.00
M, 107527083, 5, -176.444901, 810.668762, -162.366287, 1, 0, 0, 0, 4.00
M, 107527083, 6, -152.798309, 811.601929, -163.475586, 1, 0, 0, 0, 3.52
M, 107527083, 7, -130.003204, 811.070251, -167.764145, 1, 0, 0, 0, 4.00
M, 107528125, 0, -313.147491, 818.594055, -181.373764, 1, 0, 0, 0, 4.00
M, 107528125, 1, -240.737579, 810.006348, -165.936432, 1, 0, 0, 0, 4.00
M, 107528125, 2, -316.104767, 817.022522, -224.012863, 1, 0, 0, 0, 4.00
M, 107528125, 3, -211.824020, 810.054688, -161.419266, 1, 0, 0, 0, 3.79
M, 107528125, 4, -268.129852, 816.553528, -175.102097, 1, 0, 0, 0, 4.00
M, 107528125, 5, -176.444672, 810.668762, -162.367004, 1, 0, 0, 0, 4.00
M, 107528125, 6, -152.794647, 811.601685, -163.469208, 1, 0, 0, 0, 4.00
M, 107528125, 7, -130.004852, 811.085327, -167.778748, 1, 0, 0, 0, 3.07
M, 107529167, 0, -313.142242, 818.584778, -181.380020, 1, 0, 0, 0, 3.57
M, 107529167, 1, -240.737152, 810.006470, -165.936966, 1, 0, 0, 0, 4.00
M, 107529167, 2, -316.104828, 817.022156, -224.013885, 1, 0, 0, 0, 4.00
M, 107529167, 3, -211.826752, 810.049988, -161.417511, 1, 0, 0, 0, 4.00
M, 107529167, 4, -268.124664, 816.547485, -175.104752, 1, 0, 0, 0, 3.32
M, 107529167, 5, -176.444489, 810.668823, -162.367722, 1, 0, 0, 0, 4.00
M, 107529167, 6, -152.795547, 811.601135, -163.470078, 1, 0, 0, 0, 4.00
M, 107529167, 7, -130.004486, 811.081543, -167.776245, 1, 0, 0, 0, 4.00
M, 107530208, 0, -313.144043, 818.586060, -181.378082, 1, 0, 0, 0, 4.00
M, 107530208, 1, -240.740677, 810.004517, -165.948166, 1, 0, 0, 0, 3.34
M, 107530208, 2, -316.104950, 817.021912, -224.014862, 1, 0, 0, 0, 4.00
M, 107530208, 3, -211.826401, 810.049927, -161.418808, 1, 0, 0, 0, 4.00
M, 107530208, 4, -268.126617, 816.546692, -175.105499, 1, 0, 0, 0, 4.00
M, 107530208, 5, -176.453812, 810.658813, -162.373978, 1, 0, 0, 0, 3.34
M, 107530208, 6, -152.796463, 811.600525, -163.471008, 1, 0, 0, 0, 4.00
M, 107530208, 7, -130.004547, 811.082214, -167.777802, 1, 0, 0, 0, 4.00
M, 107531250, 0, -313.144165, 818.585022, -181.378021, 1, 0, 0, 0, 4.00
M, 107531250, 1, -240.739594, 810.005066, -165.946976, 1, 0, 0, 0, 4.00
M, 107531250, 2, -316.107330, 817.020447, -224.020370, 1, 0, 0, 0, 3.55
M, 107531250, 3, -211.826019, 810.049866, -161.420151, 1, 0, 0, 0, 4.00
M, 107531250, 4, -268.126862, 816.544861, -175.106659, 1, 0, 0, 0, 4.00
M, 107531250, 5, -176.452026, 810.660461, -162.373795, 1, 0, 0, 0, 4.00
M, 107531250, 6, -152.798431, 811.593933, -163.481796, 1, 0, 0, 0, 3.52
M, 107531250, 7, -130.004639, 811.082825, -167.779343, 1, 0, 0, 0, 4.00
M, 107532292, 0, -313.144287, 818.583740, -181.377991, 1, 0, 0, 0, 4.00
M, 107532292, 1, -240.739624, 810.004944, -165.948715, 1, 0, 0, 0, 4.00
M, 107532292, 2, -316.107056, 817.020264, -224.020676, 1, 0, 0, 0, 4.00
M, 107532292, 3, -211.824905, 810.055786, -161.417084, 1, 0, 0, 0, 3.96
M, 107532292, 4, -268.127106, 816.542908, -175.107819, 1, 0, 0, 0, 4.00
M, 107532292, 5, -176.452866, 810.659485, -162.375107, 1, 0, 0, 0, 4.00
M, 107532292, 6, -152.799240, 811.594177, -163.481079, 1, 0, 0, 0, 4.00
M, 107532292, 7, -130.015366, 811.080078, -167.779816, 1, 0, 0, 0, 3.07
M, 107533333, 0, -313.133789, 818.597839, -181.377548, 1, 0, 0, 0, 3.57
M, 107533333, 1, -240.739655, 810.004822, -165.950470, 1, 0, 0, 0, 4.00
M, 107533333, 2, -316.107330, 817.019775, -224.022110, 1, 0, 0, 0, 4.00
M, 107533333, 3, -211.824615, 810.054871, -161.419144, 1, 0, 0, 0, 4.00
M, 107533333, 4, -268.121185, 816.544861, -175.106598, 1, 0, 0, 0, 3.32
M, 107533333, 5, -176.453735, 810.658325, -162.376419, 1, 0, 0, 0, 4.00
M, 107533333, 6, -152.800278, 811.592957, -163.483109, 1, 0, 0, 0, 4.00
M, 107533333, 7, -130.013672, 811.081299, -167.781555, 1, 0, 0, 0, 4.00
M, 107534375, 0, -313.135590, 818.594238, -181.377609, 1, 0, 0, 0, 4.00
M, 107534375, 1, -240.738281, 810.013733, -165.940842, 1, 0, 0, 0, 3.34
M, 107534375, 2, -316.107697, 817.019287, -224.023651, 1, 0, 0, 0, 4.00
M, 107534375, 3, -211.824173, 810.055481, -161.419952, 1, 0, 0, 0, 4.00
M, 107534375, 4, -268.122437, 816.542358, -175.108154, 1, 0, 0, 0, 4.00
M, 107534375, 5, -176.454407, 810.651001, -162.376846, 1, 0, 0, 0, 3.34
M, 107534375, 6, -152.801331, 811.591675, -163.485107, 1, 0, 0, 0, 4.00
M, 107534375, 7, -130.014923, 811.081604, -167.782990, 1, 0, 0, 0, 4.00
M, 107535417, 0, -313.134552, 818.594788, -181.377548, 1, 0, 0, 0, 4.00
M, 107535417, 1, -240.738586, 810.012085, -165.944473, 1, 0, 0, 0, 4.00
M, 107535417, 2, -316.091736, 817.021484, -224.015259, 1, 0, 0, 0, 3.55
M, 107535417, 3, -211.823746, 810.056030, -161.420837, 1, 0, 0, 0, 4.00
M, 107535417, 4, -268.122101, 816.540649, -175.109055, 1, 0, 0, 0, 4.00
M, 107535417, 5, -176.455215, 810.650940, -162.378265, 1, 0, 0, 0, 4.00
M, 107535417, 6, -152.790863, 811.599915, -163.471573, 1, 0, 0, 0, 3.52
M, 107535417, 7, -130.016113, 811.081970, -167.784348, 1, 0, 0, 0, 4.00
M, 107536458, 0, -313.133545, 818.595398, -181.377457, 1, 0, 0, 0, 4.00
M, 107536458, 1, -240.738464, 810.012939, -165.944946, 1, 0, 0, 0, 4.00
M, 107536458, 2, -316.094696, 817.020813, -224.018356, 1, 0, 0, 0, 4.00
M, 107536458, 3, -211.817108, 810.060425, -161.423996, 1, 0, 0, 0, 3.79
M, 107536458, 4, -268.121613, 816.539185, -175.109940, 1, 0, 0, 0, 4.00
M, 107536458, 5, -176.456055, 810.649109, -162.379517, 1, 0, 0, 0, 4.00
M, 107536458, 6, -152.793808, 811.597107, -163.476135, 1, 0, 0, 0, 4.00
M, 107536458, 7, -130.000015, 811.090881, -167.781189, 1, 0, 0, 0, 3.07
M, 107537500, 0, -313.133362, 818.589478, -181.381607, 1, 0, 0, 0, 3.57
M, 107537500, 1, -240.738312, 810.013916, -165.945435, 1, 0, 0, 0, 4.00
M, 107537500, 2, -316.093262, 817.020691, -224.018768, 1, 0, 0, 0, 4.00
M, 107537500, 3, -211.817703, 810.060425, -161.424484, 1, 0, 0, 0, 4.00
M, 107537500, 4, -268.126984, 816.554199, -175.113754, 1, 0, 0, 0, 3.32
M, 107537500, 5, -176.456833, 810.647461, -162.380661, 1, 0, 0, 0, 4.00
M, 107537500, 6, -152.793579, 811.596924, -163.476425, 1, 0, 0, 0, 4.00
M, 107537500, 7, -130.004135, 811.089722, -167.783340, 1, 0, 0, 0, 4.00
M, 107538542, 0, -313.132172, 818.591248, -181.380829, 1, 0, 0, 0, 4.00
M, 107538542, 1, -240.742310, 810.009583, -165.952255, 1, 0, 0, 0, 3.34
M, 107538542, 2, -316.091797, 817.020569, -224.019180, 1, 0, 0, 0, 4.00
M, 107538542, 3, -211.816513, 810.061584, -161.425491, 1, 0, 0, 0, 4.00
M, 107538542, 4, -268.125610, 816.549988, -175.114151, 1, 0, 0, 0, 4.00
M, 107538542, 5, -176.446609, 810.646606, -162.378235, 1, 0, 0, 0, 3.34
M, 107538542, 6, -152.793304, 811.596802, -163.476700, 1, 0, 0, 0, 4.00
M, 107538542, 7, -130.003479, 811.090881, -167.784286, 1, 0, 0, 0, 4.00
M, 107539583, 0, -313.131165, 818.591125, -181.381180, 1, 0, 0, 0, 4.00
M, 107539583, 1, -240.741440, 810.011414, -165.951691, 1, 0, 0, 0, 4.00
M, 107539583, 2, -316.098053, 817.020325, -224.028748, 1, 0, 0, 0, 3.55
M, 107539583, 3, -211.815399, 810.062500, -161.426590, 1, 0, 0, 0, 4.00
M, 107539583, 4, -268.125793, 816.550232, -175.115402, 1, 0, 0, 0, 4.00
M, 107539583, 5, -176.449203, 810.644714, -162.380005, 1, 0, 0, 0, 4.00
M, 107539583, 6, -152.795334, 811.588989, -163.480927, 1, 0, 0, 0, 3.52
M, 107539583, 7, -130.002792, 811.092224, -167.785187, 1, 0, 0, 0, 4.00
M, 107540625, 0, -313.130219, 818.590881, -181.381577, 1, 0, 0, 0, 4.00
M, 107540625, 1, -240.741806, 810.011719, -165.952881, 1, 0, 0, 0, 4.00
M, 107540625, 2, -316.095306, 817.020264, -224.027618, 1, 0, 0, 0, 4.00
M, 107540625, 3, -211.818329, 810.055481, -161.422150, 1, 0, 0, 0, 3.79
M, 107540625, 4, -268.125977, 816.550415, -175.116562, 1, 0, 0, 0, 4.00
M, 107540625, 5, -176.448807, 810.643127, -162.380829, 1, 0, 0, 0, 4.00
M, 107540625, 6, -152.794739, 811.590027, -163.480606, 1, 0, 0, 0, 4.00
M, 107540625, 7, -130.000641, 811.069885, -167.779816, 1, 0, 0, 0, 3.07
M, 107541667, 0, -313.123047, 818.589233, -181.381668, 1, 0, 0, 0, 3.57
M, 107541667, 1, -240.742096, 810.011963, -165.954041, 1, 0, 0, 0, 4.00
M, 107541667, 2, -316.094696, 817.020020, -224.029053, 1, 0, 0, 0, 4.00
M, 107541667, 3, -211.816513, 810.057861, -161.424118, 1, 0, 0, 0, 4.00
M, 107541667, 4, -268.108307, 816.549866, -175.108719, 1, 0, 0, 0, 3.32
M, 107541667, 5, -176.448425, 810.641296, -162.381668, 1, 0, 0, 0, 4.00
M, 107541667, 6, -152.794769, 811.588989, -163.481308, 1, 0, 0, 0, 4.00
M, 107541667, 7, -130.000259, 811.074951, -167.781784, 1, 0, 0, 0, 4.00
M, 107542708, 0, -313.123108, 818.589355, -181.382080, 1, 0, 0, 0, 4.00
M, 107542708, 1, -240.730240, 810.012451, -165.946091, 1, 0, 0, 0, 3.34
M, 107542708, 2, -316.094238, 817.019653, -224.030518, 1, 0, 0, 0, 4.00
M, 107542708, 3, -211.815826, 810.058044, -161.424622, 1, 0, 0, 0, 4.00
M, 107542708, 4, -268.111481, 816.550354, -175.111496, 1, 0, 0, 0, 4.00
M, 107542708, 5, -176.438293, 810.656616, -162.375031, 1, 0, 0, 0, 3.34
M, 107542708, 6, -152.794830, 811.588013, -163.482025, 1, 0, 0, 0, 4.00
M, 107542708, 7, -129.999451, 811.073608, -167.782028, 1, 0, 0, 0, 4.00
M, 107543750, 0, -313.121521, 818.589050, -181.382431, 1, 0, 0, 0, 4.00
M, 107543750, 1, -240.732559, 810.012634, -165.948761, 1, 0, 0, 0, 4.00
M, 107543750, 2, -316.095123, 817.012268, -224.014145, 1, 0, 0, 0, 3.55
M, 107543750, 3, -211.815140, 810.058167, -161.425110, 1, 0, 0, 0, 4.00
M, 107543750, 4, -268.109741, 816.550415, -175.111725, 1, 0, 0, 0, 4.00
M, 107543750, 5, -176.439545, 810.652100, -162.377045, 1, 0, 0, 0, 4.00
M, 107543750, 6, -152.780441, 811.606567, -163.468613, 1, 0, 0, 0, 3.52
M, 107543750, 7, -129.998642, 811.072144, -167.782272, 1, 0, 0, 0, 4.00
M, 107544792, 0, -313.119843, 818.588806, -181.382797, 1, 0, 0, 0, 4.00
M, 107544792, 1, -240.731491, 810.013123, -165.948883, 1, 0, 0, 0, 4.00
M, 107544792, 2, -316.094238, 817.013306, -224.018524, 1, 0, 0, 0, 4.00
M, 107544792, 3, -211.822998, 810.056458, -161.425964, 1, 0, 0, 0, 3.79
M, 107544792, 4, -268.108093, 816.550476, -175.111969, 1, 0, 0, 0, 4.00
M, 107544792, 5, -176.438049, 810.652344, -162.377014, 1, 0, 0, 0, 4.00
M, 107544792, 6, -152.782822, 811.602295, -163.471695, 1, 0, 0, 0, 4.00
M, 107544792, 7, -129.995789, 811.075867, -167.772583, 1, 0, 0, 0, 3.07
M, 107545833, 0, -313.129486, 818.588989, -181.380920, 1, 0, 0, 0, 3.57
M, 107545833, 1, -240.730484, 810.013367, -165.949066, 1, 0, 0, 0, 4.00
M, 107545833, 2, -316.093872, 817.012207, -224.017990, 1, 0, 0, 0, 4.00
M, 107545833, 3, -211.820923, 810.056824, -161.426392, 1, 0, 0, 0, 4.00
M, 107545833, 4, -268.114349, 816.553650, -175.111343, 1, 0, 0, 0, 3.32
M, 107545833, 5, -176.436600, 810.652527, -162.377045, 1, 0, 0, 0, 4.00
M, 107545833, 6, -152.781326, 811.603394, -163.470886, 1, 0, 0, 0, 4.00
M, 107545833, 7, -129.995316, 811.073669, -167.774460, 1, 0, 0, 0, 4.00
M, 107546875, 0, -313.126038, 818.588562, -181.381668, 1, 0, 0, 0, 4.00
M, 107546875, 1, -240.734238, 809.990845, -165.949844, 1, 0, 0, 0, 3.34
M, 107546875, 2, -316.093384, 817.011292, -224.017456, 1, 0, 0, 0, 4.00
M, 107546875, 3, -211.821152, 810.056702, -161.426926, 1, 0, 0, 0, 4.00
M, 107546875, 4, -268.111237, 816.553406, -175.111725, 1, 0, 0, 0, 4.00
M, 107546875, 5, -176.454926, 810.655273, -162.370163, 1, 0, 0, 0, 3.34
M, 107546875, 6, -152.779785, 811.604492, -163.470078, 1, 0, 0, 0, 4.00
M, 107546875, 7, -129.994232, 811.072876, -167.773560, 1, 0, 0, 0, 4.00
M, 107547917, 0, -313.125549, 818.588318, -181.381714, 1, 0, 0, 0, 4.00
M, 107547917, 1, -240.732452, 809.994934, -165.949936, 1, 0, 0, 0, 4.00
M, 107547917, 2, -316.107574, 817.010010, -224.014267, 1, 0, 0, 0, 3.55
M, 107547917, 3, -211.821396, 810.056580, -161.427399, 1, 0, 0, 0, 4.00
M, 107547917, 4, -268.110352, 816.553894, -175.111877, 1, 0, 0, 0, 4.00
M, 107547917, 5, -176.450211, 810.654907, -162.371292, 1, 0, 0, 0, 4.00
M, 107547917, 6, -152.790802, 811.596558, -163.476135, 1, 0, 0, 0, 3.52
M, 107547917, 7, -129.993195, 811.072083, -167.772736, 1, 0, 0, 0, 4.00
M, 107548958, 0, -313.125153, 818.588013, -181.381836, 1, 0, 0, 0, 4.00
M, 107548958, 1, -240.731964, 809.992737, -165.950195, 1, 0, 0, 0, 4.00
M, 107548958, 2, -316.104767, 817.008972, -224.014236, 1, 0, 0, 0, 4.00
M, 107548958, 3, -211.824493, 810.053406, -161.423859, 1, 0, 0, 0, 3.79
M, 107548958, 4, -268.109467, 816.554565, -175.111969, 1, 0, 0, 0, 4.00
M, 107548958, 5, -176.450928, 810.655396, -162.370560, 1, 0, 0, 0, 4.00
M, 107548958, 6, -152.787170, 811.599060, -163.474167, 1, 0, 0, 0, 4.00
M, 107548958, 7, -130.004517, 811.064331, -167.770493, 1, 0, 0, 0, 3.07
M, 107550000, 0, -313.121033, 818.597046, -181.377304, 1, 0, 0, 0, 3.57
M, 107550000, 1, -240.731461, 809.990479, -165.950439, 1, 0, 0, 0, 4.00
M, 107550000, 2, -316.105927, 817.007935, -224.013397, 1, 0, 0, 0, 4.00
M, 107550000, 3, -211.824310, 810.053772, -161.425079, 1, 0, 0, 0, 4.00
M, 107550000, 4, -268.115173, 816.546631, -175.103561, 1, 0, 0, 0, 3.60
M, 107550000, 5, -176.451584, 810.655884, -162.369812, 1, 0, 0, 0, 4.00
M, 107550000, 6, -152.786987, 811.599121, -163.474106, 1, 0, 0, 0, 4.00
M, 107550000, 7, -130.001419, 811.064697, -167.769867, 1, 0, 0, 0, 4.00
M, 107551042, 0, -313.121277, 818.595215, -181.378143, 1, 0, 0, 0, 4.00
M, 107551042, 1, -240.737244, 810.006836, -165.940125, 1, 0, 0, 0, 3.34
M, 107551042, 2, -316.107117, 817.006958, -224.012634, 1, 0, 0, 0, 4.00
M, 107551042, 3, -211.824844, 810.053284, -161.425171, 1, 0, 0, 0, 4.00
M, 107551042, 4, -268.113220, 816.548523, -175.105148, 1, 0, 0, 0, 4.00
M, 107551042, 5, -176.459152, 810.650208, -162.371414, 1, 0, 0, 0, 3.34
M, 107551042, 6, -152.786835, 811.599182, -163.474045, 1, 0, 0, 0, 4.00
M, 107551042, 7, -130.001678, 811.063171, -167.768860, 1, 0, 0, 0, 4.00
M, 107552083, 0, -313.120422, 818.595947, -181.377731, 1, 0, 0, 0, 4.00
M, 107552083, 1, -240.735718, 810.001587, -165.942093, 1, 0, 0, 0, 4.00
M, 107552083, 2, -316.093262, 817.016724, -224.003265, 1, 0, 0, 0, 3.55
M, 107552083, 3, -211.825455, 810.052673, -161.425278, 1, 0, 0, 0, 4.00
M, 107552083, 4, -268.113098, 816.548096, -175.104340, 1, 0, 0, 0, 4.00
M, 107552083, 5, -176.458801, 810.651611, -162.370316, 1, 0, 0, 0, 4.00
M, 107552083, 6, -152.798309, 811.593811, -163.467484, 1, 0, 0, 0, 3.52
M, 107552083, 7, -130.001984, 811.061768, -167.767838, 1, 0, 0, 0, 4.00
M, 107553125, 0, -313.119659, 818.596619, -181.377304, 1, 0, 0, 0, 4.00
M, 107553125, 1, -240.735931, 810.001343, -165.941193, 1, 0, 0, 0, 4.00
M, 107553125, 2, -316.096985, 817.013916, -224.003891, 1, 0, 0, 0, 4.00
M, 107553125, 3, -211.819962, 810.057983, -161.410706, 1, 0, 0, 0, 3.79
M, 107553125, 4, -268.112976, 816.547729, -175.103561, 1, 0, 0, 0, 4.00
M, 107553125, 5, -176.460220, 810.651367, -162.369812, 1, 0, 0, 0, 4.00
M, 107553125, 6, -152.796204, 811.594788, -163.468506, 1, 0, 0, 0, 4.00
M, 107553125, 7, -130.009140, 811.067383, -167.771988, 1, 0, 0, 0, 3.07
M, 107554167, 0, -313.139038, 818.591919, -181.381775, 1, 0, 0, 0, 3.57
M, 107554167, 1, -240.736145, 810.001160, -165.940308, 1, 0, 0, 0, 4.00
M, 107554167, 2, -316.096497, 817.014221, -224.002136, 1, 0, 0, 0, 4.00
M, 107554167, 3, -211.821518, 810.056580, -161.413208, 1, 0, 0, 0, 4.00
M, 107554167, 4, -268.114044, 816.555908, -175.095932, 1, 0, 0, 0, 3.32
M, 107554167, 5, -176.461716, 810.651062, -162.369324, 1, 0, 0, 0, 4.00
M, 107554167, 6, -152.797272, 811.594360, -163.467728, 1, 0, 0, 0, 4.00
M, 107554167, 7, -130.008301, 811.064697, -167.770111, 1, 0, 0, 0, 4.00
M, 107555208, 0, -313.134857, 818.593628, -181.380585, 1, 0, 0, 0, 4.00
M, 107555208, 1, -240.734833, 810.015869, -165.938278, 1, 0, 0, 0, 3.34
M, 107555208, 2, -316.096008, 817.014465, -224.000412, 1, 0, 0, 0, 4.00
M, 107555208, 3, -211.821365, 810.056885, -161.411667, 1, 0, 0, 0, 4.00
M, 107555208, 4, -268.113678, 816.554138, -175.096268, 1, 0, 0, 0, 4.00
M, 107555208, 5, -176.439133, 810.655396, -162.356400, 1, 0, 0, 0, 3.34
M, 107555208, 6, -152.798340, 811.593933, -163.466949, 1, 0, 0, 0, 4.00
M, 107555208, 7, -130.009308, 811.063965, -167.769684, 1, 0, 0, 0, 4.00
M, 107556250, 0, -313.136292, 818.593811, -181.380707, 1, 0, 0, 0, 4.00
M, 107556250, 1, -240.735184, 810.013367, -165.937561, 1, 0, 0, 0, 4.00
M, 107556250, 2, -316.101990, 817.018677, -224.004944, 1, 0, 0, 0, 3.55
M, 107556250, 3, -211.821243, 810.057129, -161.410172, 1, 0, 0, 0, 4.00
M, 107556250, 4, -268.113617, 816.554565, -175.094681, 1, 0, 0, 0, 4.00
M, 107556250, 5, -176.444550, 810.654480, -162.357941, 1, 0, 0, 0, 4.00
M, 107556250, 6, -152.785080, 811.609924, -163.463760, 1, 0, 0, 0, 3.52
M, 107556250, 7, -130.010391, 811.063049, -167.769241, 1, 0, 0, 0, 4.00
M, 107557292, 0, -313.137665, 818.593994, -181.380829, 1, 0, 0, 0, 4.00
M, 107557292, 1, -240.735245, 810.014893, -165.936493, 1, 0, 0, 0, 4.00
M, 107557292, 2, -316.100433, 817.018311, -224.002136, 1, 0, 0, 0, 4.00
M, 107557292, 3, -211.827240, 810.041504, -161.409195, 1, 0, 0, 0, 3.79
M, 107557292, 4, -268.113617, 816.555115, -175.093170, 1, 0, 0, 0, 4.00
M, 107557292, 5, -176.443420, 810.654663, -162.356125, 1, 0, 0, 0, 4.00
M, 107557292, 6, -152.788635, 811.606689, -163.463440, 1, 0, 0, 0, 4.00
M, 107557292, 7, -130.003357, 811.068970, -167.774078, 1, 0, 0, 0, 3.07
M, 107558333, 0, -313.141052, 818.584778, -181.388748, 1, 0, 0, 0, 3.57
M, 107558333, 1, -240.735245, 810.016357, -165.935471, 1, 0, 0, 0, 4.00
M, 107558333, 2, -316.100616, 817.018921, -224.001129, 1, 0, 0, 0, 4.00
M, 107558333, 3, -211.826096, 810.044373, -161.407578, 1, 0, 0, 0, 4.00
M, 107558333, 4, -268.123352, 816.552063, -175.101563, 1, 0, 0, 0, 3.32
M, 107558333, 5, -176.442261, 810.654968, -162.354248, 1, 0, 0, 0, 4.00
M, 107558333, 6, -152.788177, 811.607910, -163.462387, 1, 0, 0, 0, 4.00
M, 107558333, 7, -130.005798, 811.067017, -167.772736, 1, 0, 0, 0, 4.00
M, 107559375, 0, -313.142120, 818.586548, -181.387619, 1, 0, 0, 0, 4.00
M, 107559375, 1, -240.741867, 809.991760, -165.928391, 1, 0, 0, 0, 3.34
M, 107559375, 2, -316.100800, 817.019592, -224.000046, 1, 0, 0, 0, 4.00
M, 107559375, 3, -211.826645, 810.042969, -161.406113, 1, 0, 0, 0, 4.00
M, 107559375, 4, -268.121796, 816.553040, -175.098404, 1, 0, 0, 0, 4.00
M, 107559375, 5, -176.454025, 810.663147, -162.360214, 1, 0, 0, 0, 3.34
M, 107559375, 6, -152.787704, 811.609070, -163.461349, 1, 0, 0, 0, 4.00
M, 107559375, 7, -130.005981, 811.066956, -167.772873, 1, 0, 0, 0, 4.00
M, 107560417, 0, -313.143799, 818.585571, -181.388641, 1, 0, 0, 0, 4.00
M, 107560417, 1, -240.740784, 809.997437, -165.928391, 1, 0, 0, 0, 4.00
M, 107560417, 2, -316.114685, 817.013672, -224.002441, 1, 0, 0, 0, 3.55
M, 107560417, 3, -211.827179, 810.041504, -161.404694, 1, 0, 0, 0, 4.00
M, 107560417, 4, -268.122803, 816.553162, -175.097961, 1, 0, 0, 0, 4.00
M, 107560417, 5, -176.450745, 810.662109, -162.357056, 1, 0, 0, 0, 4.00
M, 107560417, 6, -152.805771, 811.591187, -163.474930, 1, 0, 0, 0, 3.52
M, 107560417, 7, -130.006149, 811.066895, -167.773026, 1, 0, 0, 0, 4.00
M, 107561458, 0, -313.145416, 818.584778, -181.389587, 1, 0, 0, 0, 4.00
M, 107561458, 1, -240.741592, 809.995972, -165.926712, 1, 0, 0, 0, 4.00
M, 107561458, 2, -316.112640, 817.015381, -224.000824, 1, 0, 0, 0, 4.00
M, 107561458, 3, -211.840622, 810.036133, -161.412613, 1, 0, 0, 0, 3.79
M, 107561458, 4, -268.123871, 816.553284, -175.097549, 1, 0, 0, 0, 4.00
M, 107561458, 5, -176.451019, 810.663208, -162.356094, 1, 0, 0, 0, 4.00
M, 107561458, 6, -152.802246, 811.595642, -163.471512, 1, 0, 0, 0, 4.00
M, 107561458, 7, -130.006271, 811.066345, -167.777618, 1, 0, 0, 0, 3.07
M, 107562500, 0, -313.140472, 818.596069, -181.380554, 1, 0, 0, 0, 3.57
M, 107562500, 1, -240.742340, 809.994507, -165.925018, 1, 0, 0, 0, 4.00
M, 107562500, 2, -316.114380, 817.015381, -224.000107, 1, 0, 0, 0, 4.00
M, 107562500, 3, -211.839035, 810.035339, -161.409637, 1, 0, 0, 0, 4.00
M, 107562500, 4, -268.132294, 816.547485, -175.111496, 1, 0, 0, 0, 3.32
M, 107562500, 5, -176.451279, 810.664246, -162.355118, 1, 0, 0, 0, 4.00
M, 107562500, 6, -152.803802, 811.594788, -163.472076, 1, 0, 0, 0, 4.00
M, 107562500, 7, -130.006485, 811.066284, -167.777084, 1, 0, 0, 0, 4.00
M, 107563542, 0, -313.143097, 818.593201, -181.383179, 1, 0, 0, 0, 4.00
M, 107563542, 1, -240.749527, 810.007202, -165.952469, 1, 0, 0, 0, 3.34
M, 107563542, 2, -316.116058, 817.015259, -223.999451, 1, 0, 0, 0, 4.00
M, 107563542, 3, -211.841034, 810.033325, -161.409225, 1, 0, 0, 0, 4.00
M, 107563542, 4, -268.132172, 816.548462, -175.108688, 1, 0, 0, 0, 4.00
M, 107563542, 5, -176.453186, 810.655701, -162.368286, 1, 0, 0, 0, 3.34
M, 107563542, 6, -152.805405, 811.593811, -163.472672, 1, 0, 0, 0, 4.00
M, 107563542, 7, -130.006638, 811.066162, -167.777740, 1, 0, 0, 0, 4.00
M, 107564583, 0, -313.144043, 818.593689, -181.383057, 1, 0, 0, 0, 4.00
M, 107564583, 1, -240.749161, 810.003601, -165.945969, 1, 0, 0, 0, 4.00
M, 107564583, 2, -316.123566, 817.020203, -224.016174, 1, 0, 0, 0, 3.55
M, 107564583, 3, -211.842972, 810.031494, -161.408737, 1, 0, 0, 0, 4.00
M, 107564583, 4, -268.134003, 816.547974, -175.109818, 1, 0, 0, 0, 4.00
M, 107564583, 5, -176.453125, 810.658569, -162.364944, 1, 0, 0, 0, 4.00
M, 107564583, 6, -152.789917, 811.605530, -163.471237, 1, 0, 0, 0, 3.52
M, 107564583, 7, -130.006805, 811.066101, -167.778336, 1, 0, 0, 0, 4.00
M, 107565625, 0, -313.144867, 818.594238, -181.382980, 1, 0, 0, 0, 4.00
M, 107565625, 1, -240.750626, 810.003723, -165.947433, 1, 0, 0, 0, 4.00
M, 107565625, 2, -316.124268, 817.019348, -224.012634, 1, 0, 0, 0, 4.00
M, 107565625, 3, -211.835617, 810.039978, -161.406235, 1, 0, 0, 0, 3.79
M, 107565625, 4, -268.135864, 816.547424, -175.110901, 1, 0, 0, 0, 4.00
M, 107565625, 5, -176.453613, 810.658630, -162.365509, 1, 0, 0, 0, 4.00
M, 107565625, 6, -152.794205, 811.602844, -163.472137, 1, 0, 0, 0, 4.00
M, 107565625, 7, -130.017029, 811.072083, -167.783752, 1, 0, 0, 0, 3.07
M, 107566667, 0, -313.142975, 818.601196, -181.381897, 1, 0, 0, 0, 3.57
M, 107566667, 1, -240.752029, 810.003845, -165.948883, 1, 0, 0, 0, 4.00
M, 107566667, 2, -316.126648, 817.019897, -224.013824, 1, 0, 0, 0, 4.00
M, 107566667, 3, -211.839127, 810.036316, -161.406174, 1, 0, 0, 0, 4.00
M, 107566667, 4, -268.127991, 816.547607, -175.107437, 1, 0, 0, 0, 3.32
M, 107566667, 5, -176.454025, 810.658691, -162.366058, 1, 0, 0, 0, 4.00
M, 107566667, 6, -152.793900, 811.603394, -163.472458, 1, 0, 0, 0, 4.00
M, 107566667, 7, -130.015518, 811.070923, -167.783585, 1, 0, 0, 0, 4.00
M, 107567708, 0, -313.144348, 818.600403, -181.381958, 1, 0, 0, 0, 4.00
M, 107567708, 1, -240.734207, 810.023621, -165.939590, 1, 0, 0, 0, 3.45
M, 107567708, 2, -316.128906, 817.020386, -224.015015, 1, 0, 0, 0, 4.00
M, 107567708, 3, -211.840057, 810.035400, -161.405487, 1, 0, 0, 0, 4.00
M, 107567708, 4, -268.131439, 816.547058, -175.109283, 1, 0, 0, 0, 4.00
M, 107567708, 5, -176.455521, 810.660706, -162.374451, 1, 0, 0, 0, 3.34
M, 107567708, 6, -152.793610, 811.604004, -163.472794, 1, 0, 0, 0, 4.00
M, 107567708, 7, -130.016769, 811.071472, -167.784714, 1, 0, 0, 0, 4.00
M, 107568750, 0, -313.144867, 818.601807, -181.381714, 1, 0, 0, 0, 4.00
M, 107568750, 1, -240.738831, 810.020447, -165.942841, 1, 0, 0, 0, 4.00
M, 107568750, 2, -316.111633, 817.012268, -224.009674, 1, 0, 0, 0, 3.55
M, 107568750, 3, -211.841003, 810.034729, -161.404861, 1, 0, 0, 0, 4.00
M, 107568750, 4, -268.132233, 816.546570, -175.109940, 1, 0, 0, 0, 4.00
M, 107568750, 5, -176.455780, 810.660461, -162.373749, 1, 0, 0, 0, 4.00
M, 107568750, 6, -152.800522, 811.613831, -163.471420, 1, 0, 0, 0, 3.52
M, 107568750, 7, -130.018051, 811.072083, -167.785843, 1, 0, 0, 0, 4.00
M, 107569792, 0, -313.145477, 818.602844, -181.381485, 1, 0, 0, 0, 4.00
M, 107569792, 1, -240.738205, 810.022705, -165.943161, 1, 0, 0, 0, 4.00
M, 107569792, 2, -316.117188, 817.014160, -224.011978, 1, 0, 0, 0, 4.00
M, 107569792, 3, -211.848907, 810.043518, -161.415833, 1, 0, 0, 0, 3.79
M, 107569792, 4, -268.132996, 816.546082, -175.110565, 1, 0, 0, 0, 4.00
M, 107569792, 5, -176.456345, 810.660645, -162.375137, 1, 0, 0, 0, 4.00
M, 107569792, 6, -152.799026, 811.612793, -163.472076, 1, 0, 0, 0, 4.00
M, 107569792, 7, -130.001984, 811.087341, -167.781845, 1, 0, 0, 0, 3.07
M, 107570833, 0, -313.144501, 818.595032, -181.379639, 1, 0, 0, 0, 3.57
M, 107570833, 1, -240.737518, 810.025024, -165.943466, 1, 0, 0, 0, 4.00
M, 107570833, 2, -316.117371, 817.013611, -224.012451, 1, 0, 0, 0, 4.00
M, 107570833, 3, -211.848755, 810.041138, -161.413300, 1, 0, 0, 0, 4.00
M, 107570833, 4, -268.130615, 816.562073, -175.114594, 1, 0, 0, 0, 3.32
M, 107570833, 5, -176.456894, 810.660889, -162.376541, 1, 0, 0, 0, 4.00
M, 107570833, 6, -152.799515, 811.614319, -163.472198, 1, 0, 0, 0, 4.00
M, 107570833, 7, -130.006134, 811.085388, -167.783844, 1, 0, 0, 0, 4.00
M, 107571875, 0, -313.145355, 818.597717, -181.379700, 1, 0, 0, 0, 4.00
M, 107571875, 1, -240.738373, 810.021484, -165.946320, 1, 0, 0, 0, 3.34
M, 107571875, 2, -316.117584, 817.013123, -224.012985, 1, 0, 0, 0, 4.00
M, 107571875, 3, -211.850418, 810.041321, -161.413895, 1, 0, 0, 0, 4.00
M, 107571875, 4, -268.131989, 816.558777, -175.114655, 1, 0, 0, 0, 4.00
M, 107571875, 5, -176.464157, 810.663269, -162.381973, 1, 0, 0, 0, 3.34
M, 107571875, 6, -152.799988, 811.616089, -163.472382, 1, 0, 0, 0, 4.00
M, 107571875, 7, -130.005478, 811.087708, -167.784409, 1, 0, 0, 0, 4.00
M, 107572917, 0, -313.145782, 818.597961, -181.379333, 1, 0, 0, 0, 4.00
M, 107572917, 1, -240.737457, 810.024719, -165.946213, 1, 0, 0, 0, 4.00
M, 107572917, 2, -316.110748, 817.027161, -224.016922, 1, 0, 0, 0, 3.55
M, 107572917, 3, -211.852158, 810.041565, -161.414520, 1, 0, 0, 0, 4.00
M, 107572917, 4, -268.132416, 816.560120, -175.115662, 1, 0, 0, 0, 4.00
M, 107572917, 5, -176.463593, 810.663208, -162.382706, 1, 0, 0, 0, 4.00
M, 107572917, 6, -152.804092, 811.605042, -163.486206, 1, 0, 0, 0, 3.52
M, 107572917, 7, -130.004852, 811.089966, -167.785004, 1, 0, 0, 0, 4.00
M, 107573958, 0, -313.146179, 818.598145, -181.378922, 1, 0, 0, 0, 4.00
M, 107573958, 1, -240.736969, 810.026367, -165.946808, 1, 0, 0, 0, 4.00
M, 107573958, 2, -316.112122, 817.024353, -224.016830, 1, 0, 0, 0, 4.00
M, 107573958, 3, -211.848816, 810.050537, -161.433304, 1, 0, 0, 0, 3.79
M, 107573958, 4, -268.132874, 816.561340, -175.116653, 1, 0, 0, 0, 4.00
M, 107573958, 5, -176.464844, 810.663757, -162.384537, 1, 0, 0, 0, 4.00
M, 107573958, 6, -152.803970, 811.608765, -163.484116, 1, 0, 0, 0, 4.00
M, 107573958, 7, -130.015274, 811.090393, -167.782928, 1, 0, 0, 0, 3.07
M, 107575000, 0, -313.144409, 818.597412, -181.386185, 1, 0, 0, 0, 3.57
M, 107575000, 1, -240.736496, 810.027893, -165.947403, 1, 0, 0, 0, 4.00
M, 107575000, 2, -316.111511, 817.025452, -224.017761, 1, 0, 0, 0, 4.00
M, 107575000, 3, -211.851288, 810.049500, -161.430893, 1, 0, 0, 0, 4.00
M, 107575000, 4, -268.125305, 816.565247, -175.112747, 1, 0, 0, 0, 3.32
M, 107575000, 5, -176.466125, 810.664307, -162.386383, 1, 0, 0, 0, 4.00
M, 107575000, 6, -152.804871, 811.609009, -163.485779, 1, 0, 0, 0, 4.00
M, 107575000, 7, -130.012833, 811.092834, -167.783905, 1, 0, 0, 0, 4.00
M, 107576042, 0, -313.145172, 818.597717, -181.384521, 1, 0, 0, 0, 4.00
M, 107576042, 1, -240.729675, 810.027161, -165.944870, 1, 0, 0, 0, 3.34
M, 107576042, 2, -316.110931, 817.026550, -224.018616, 1, 0, 0, 0, 4.00
M, 107576042, 3, -211.852448, 810.050598, -161.433472, 1, 0, 0, 0, 4.00
M, 107576042, 4, -268.127045, 816.566162, -175.114532, 1, 0, 0, 0, 4.00
M, 107576042, 5, -176.456116, 810.674011, -162.375107, 1, 0, 0, 0, 3.34
M, 107576042, 6, -152.805710, 811.609192, -163.487457, 1, 0, 0, 0, 4.00
M, 107576042, 7, -130.013367, 811.094910, -167.784210, 1, 0, 0, 0, 4.00
M, 107577083, 0, -313.145355, 818.597839, -181.384933, 1, 0, 0, 0, 4.00
M, 107577083, 1, -240.730240, 810.029236, -165.945969, 1, 0, 0, 0, 4.00
M, 107577083, 2, -316.112885, 817.023254, -224.002350, 1, 0, 0, 0, 3.55
M, 107577083, 3, -211.853577, 810.051880, -161.436035, 1, 0, 0, 0, 4.00
M, 107577083, 4, -268.126617, 816.567871, -175.114975, 1, 0, 0, 0, 4.00
M, 107577083, 5, -176.459244, 810.673096, -162.379105, 1, 0, 0, 0, 4.00
M, 107577083, 6, -152.794922, 811.620117, -163.475113, 1, 0, 0, 0, 3.52
M, 107577083, 7, -130.013901, 811.096924, -167.784470, 1, 0, 0, 0, 4.00
M, 107578125, 0, -313.145477, 818.597961, -181.385361, 1, 0, 0, 0, 4.00
M, 107578125, 1, -240.729050, 810.030579, -165.946213, 1, 0, 0, 0, 4.00
M, 107578125, 2, -316.111938, 817.025024, -224.006073, 1, 0, 0, 0, 4.00
M, 107578125, 3, -211.836563, 810.060303, -161.428711, 1, 0, 0, 0, 3.79
M, 107578125, 4, -268.126190, 816.569397, -175.115433, 1, 0, 0, 0, 4.00
M, 107578125, 5, -176.459335, 810.674622, -162.379578, 1, 0, 0, 0, 4.00
M, 107578125, 6, -152.797775, 811.618408, -163.479080, 1, 0, 0, 0, 4.00
M, 107578125, 7, -129.997269, 811.091614, -167.784897, 1, 0, 0, 0, 3.07
M, 107579167, 0, -313.141174, 818.589050, -181.392212, 1, 0, 0, 0, 3.57
M, 107579167, 1, -240.727859, 810.031860, -165.946442, 1, 0, 0, 0, 4.00
M, 107579167, 2, -316.111633, 817.025696, -224.005112, 1, 0, 0, 0, 4.00
M, 107579167, 3, -211.840714, 810.060486, -161.432999, 1, 0, 0, 0, 4.00
M, 107579167, 4, -268.131195, 816.566772, -175.110306, 1, 0, 0, 0, 3.32
M, 107579167, 5, -176.459396, 810.676025, -162.380005, 1, 0, 0, 0, 4.00
M, 107579167, 6, -152.797424, 811.619690, -163.479233, 1, 0, 0, 0, 4.00
M, 107579167, 7, -130.000732, 811.094727, -167.785187, 1, 0, 0, 0, 4.00
M, 107580208, 0, -313.142120, 818.590576, -181.391617, 1, 0, 0, 0, 4.00
M, 107580208, 1, -240.745972, 810.005005, -165.954071, 1, 0, 0, 0, 3.34
M, 107580208, 2, -316.111267, 817.026489, -224.004105, 1, 0, 0, 0, 4.00
M, 107580208, 3, -211.839874, 810.062500, -161.434494, 1, 0, 0, 0, 4.00
M, 107580208, 4, -268.129852, 816.569092, -175.111664, 1, 0, 0, 0, 4.00
M, 107580208, 5, -176.450928, 810.675598, -162.385040, 1, 0, 0, 0, 3.34
M, 107580208, 6, -152.796997, 811.621155, -163.479355, 1, 0, 0, 0, 4.00
M, 107580208, 7, -129.999390, 811.096008, -167.785461, 1, 0, 0, 0, 4.00
M, 107581250, 0, -313.141785, 818.589600, -181.392746, 1, 0, 0, 0, 4.00
M, 107581250, 1, -240.741562, 810.011230, -165.953064, 1, 0, 0, 0, 4.00
M, 107581250, 2, -316.110626, 817.022217, -224.018524, 1, 0, 0, 0, 3.55
M, 107581250, 3, -211.839035, 810.064575, -161.435974, 1, 0, 0, 0, 4.00
M, 107581250, 4, -268.130005, 816.570374, -175.111496, 1, 0, 0, 0, 4.00
M, 107581250, 5, -176.452362, 810.677551, -162.384674, 1, 0, 0, 0, 4.00
M, 107581250, 6, -152.800522, 811.605225, -163.480484, 1, 0, 0, 0, 3.52
M, 107581250, 7, -129.998108, 811.097229, -167.785812, 1, 0, 0, 0, 4.00
M, 107582292, 0, -313.141479, 818.588745, -181.393875, 1, 0, 0, 0, 4.00
M, 107582292, 1, -240.742493, 810.009521, -165.954132, 1, 0, 0, 0, 4.00
M, 107582292, 2, -316.110382, 817.023682, -224.014954, 1, 0, 0, 0, 4.00
M, 107582292, 3, -211.848724, 810.052246, -161.433365, 1, 0, 0, 0, 3.79
M, 107582292, 4, -268.130127, 816.571533, -175.111313, 1, 0, 0, 0, 4.00
M, 107582292, 5, -176.451462, 810.678711, -162.385605, 1, 0, 0, 0, 4.00
M, 107582292, 6, -152.799515, 811.609375, -163.480423, 1, 0, 0, 0, 4.00
M, 107582292, 7, -129.997330, 811.081116, -167.778687, 1, 0, 0, 0, 3.07
M, 107583333, 0, -313.134491, 818.600159, -181.395020, 1, 0, 0, 0, 3.57
M, 107583333, 1, -240.743378, 810.007996, -165.955139, 1, 0, 0, 0, 4.00
M, 107583333, 2, -316.110077, 817.023804, -224.015671, 1, 0, 0, 0, 4.00
M, 107583333, 3, -211.846161, 810.056580, -161.435562, 1, 0, 0, 0, 4.00
M, 107583333, 4, -268.138824, 816.578796, -175.097610, 1, 0, 0, 0, 3.32
M, 107583333, 5, -176.450623, 810.680054, -162.386551, 1, 0, 0, 0, 4.00
M, 107583333, 6, -152.799515, 811.609009, -163.480652, 1, 0, 0, 0, 4.00
M, 107583333, 7, -129.995911, 811.085205, -167.780243, 1, 0, 0, 0, 4.00
M, 107584375, 0, -313.135345, 818.597290, -181.396149, 1, 0, 0, 0, 4.00
M, 107584375, 1, -240.736343, 810.025330, -165.947662, 1, 0, 0, 0, 3.34
M, 107584375, 2, -316.109680, 817.023987, -224.016327, 1, 0, 0, 0, 4.00
M, 107584375, 3, -211.846481, 810.057007, -161.436584, 1, 0, 0, 0, 4.00
M, 107584375, 4, -268.137634, 816.578857, -175.099686, 1, 0, 0, 0, 4.00
M, 107584375, 5, -176.463303, 810.661377, -162.380722, 1, 0, 0, 0, 3.34
M, 107584375, 6, -152.799561, 811.608521, -163.480896, 1, 0, 0, 0, 4.00
M, 107584375, 7, -129.994705, 811.084534, -167.779770, 1, 0, 0, 0, 4.00
M, 107585417, 0, -313.134277, 818.597778, -181.397278, 1, 0, 0, 0, 4.00
M, 107585417, 1, -240.738586, 810.020508, -165.950104, 1, 0, 0, 0, 4.00
M, 107585417, 2, -316.100739, 817.017029, -224.011551, 1, 0, 0, 0, 3.98
M, 107585417, 3, -211.846817, 810.057373, -161.437653, 1, 0, 0, 0, 4.00
M, 107585417, 4, -268.138733, 816.580688, -175.098083, 1, 0, 0, 0, 4.00
M, 107585417, 5, -176.460159, 810.666016, -162.382736, 1, 0, 0, 0, 4.00
M, 107585417, 6, -152.811905, 811.594788, -163.479233, 1, 0, 0, 0, 3.52
M, 107585417, 7, -129.993454, 811.083801, -167.779251, 1, 0, 0, 0, 4.00
M, 107586458, 0, -313.133179, 818.598328, -181.398407, 1, 0, 0, 0, 4.00
M, 107586458, 1, -240.738647, 810.020996, -165.950256, 1, 0, 0, 0, 4.00
M, 107586458, 2, -316.101746, 817.018311, -224.013168, 1, 0, 0, 0, 4.00
M, 107586458, 3, -211.850006, 810.035828, -161.429550, 1, 0, 0, 0, 3.79
M, 107586458, 4, -268.139801, 816.582520, -175.096436, 1, 0, 0, 0, 4.00
M, 107586458, 5, -176.460739, 810.665222, -162.382919, 1, 0, 0, 0, 4.00
M, 107586458, 6, -152.809875, 811.596497, -163.479736, 1, 0, 0, 0, 4.00
M, 107586458, 7, -130.000137, 811.075134, -167.780304, 1, 0, 0, 0, 3.07
M, 107587500, 0, -313.139343, 818.590027, -181.390427, 1, 0, 0, 0, 3.57
M, 107587500, 1, -240.738678, 810.021423, -165.950378, 1, 0, 0, 0, 4.00
M, 107587500, 2, -316.100494, 817.017761, -224.013229, 1, 0, 0, 0, 4.00
M, 107587500, 3, -211.849823, 810.039795, -161.432114, 1, 0, 0, 0, 4.00
M, 107587500, 4, -268.122437, 816.555176, -175.106598, 1, 0, 0, 0, 3.32
M, 107587500, 5, -176.461334, 810.664307, -162.383102, 1, 0, 0, 0, 4.00
M, 107587500, 6, -152.811249, 811.594666, -163.479767, 1, 0, 0, 0, 4.00
M, 107587500, 7, -129.997635, 811.075684, -167.779587, 1, 0, 0, 0, 4.00
M, 107588542, 0, -313.137115, 818.592041, -181.393112, 1, 0, 0, 0, 4.00
M, 107588542, 1, -240.738770, 810.015808, -165.951035, 1, 0, 0, 0, 3.34
M, 107588542, 2, -316.099182, 817.017090, -224.013290, 1, 0, 0, 0, 4.00
M, 107588542, 3, -211.850479, 810.037842, -161.432159, 1, 0, 0, 0, 4.00
M, 107588542, 4, -268.126556, 816.561768, -175.103027, 1, 0, 0, 0, 4.00
M, 107588542, 5, -176.447617, 810.671387, -162.367966, 1, 0, 0, 0, 3.34
M, 107588542, 6, -152.812622, 811.592712, -163.479828, 1, 0, 0, 0, 4.00
M, 107588542, 7, -129.997269, 811.074158, -167.779221, 1, 0, 0, 0, 4.00
M, 107589583, 0, -313.136871, 818.591614, -181.393250, 1, 0, 0, 0, 4.00
M, 107589583, 1, -240.738831, 810.017151, -165.951096, 1, 0, 0, 0, 4.00
M, 107589583, 2, -316.112457, 817.011536, -224.015671, 1, 0, 0, 0, 3.55
M, 107589583, 3, -211.851074, 810.035889, -161.432220, 1, 0, 0, 0, 4.00
M, 107589583, 4, -268.125610, 816.560486, -175.102676, 1, 0, 0, 0, 4.00
M, 107589583, 5, -176.450546, 810.669250, -162.370636, 1, 0, 0, 0, 4.00
M, 107589583, 6, -152.782104, 811.614197, -163.461975, 1, 0, 0, 0, 3.52
M, 107589583, 7, -129.996857, 811.072510, -167.778900, 1, 0, 0, 0, 4.00
M, 107590625, 0, -313.136536, 818.591125, -181.393341, 1, 0, 0, 0, 4.00
M, 107590625, 1, -240.738831, 810.016968, -165.951248, 1, 0, 0, 0, 4.00
M, 107590625, 2, -316.108704, 817.011841, -224.015366, 1, 0, 0, 0, 4.00
M, 107590625, 3, -211.824799, 810.051514, -161.410706, 1, 0, 0, 0, 3.79
M, 107590625, 4, -268.124725, 816.559082, -175.102310, 1, 0, 0, 0, 4.00
M, 107590625, 5, -176.449554, 810.669250, -162.369156, 1, 0, 0, 0, 4.00
M, 107590625, 6, -152.788773, 811.608398, -163.464951, 1, 0, 0, 0, 4.00
M, 107590625, 7, -130.000854, 811.088318, -167.782379, 1, 0, 0, 0, 3.07
M, 107591667, 0, -313.142365, 818.582886, -181.381714, 1, 0, 0, 0, 3.57
M, 107591667, 1, -240.738876, 810.016724, -165.951416, 1, 0, 0, 0, 4.00
M, 107591667, 2, -316.109009, 817.010681, -224.015701, 1, 0, 0, 0, 4.00
M, 107591667, 3, -211.829910, 810.046570, -161.414352, 1, 0, 0, 0, 4.00
M, 107591667, 4, -268.126495, 816.556335, -175.114151, 1, 0, 0, 0, 3.32
M, 107591667, 5, -176.448639, 810.669312, -162.367661, 1, 0, 0, 0, 4.00
M, 107591667, 6, -152.786667, 811.608948, -163.463013, 1, 0, 0, 0, 4.00
M, 107591667, 7, -129.999802, 811.083801, -167.781433, 1, 0, 0, 0, 4.00
M, 107592708, 0, -313.141052, 818.583679, -181.383835, 1, 0, 0, 0, 4.00
M, 107592708, 1, -240.738525, 810.018982, -165.952103, 1, 0, 0, 0, 3.34
M, 107592708, 2, -316.109253, 817.009460, -224.016022, 1, 0, 0, 0, 4.00
M, 107592708, 3, -211.827530, 810.046570, -161.412018, 1, 0, 0, 0, 4.00
M, 107592708, 4, -268.125122, 816.555420, -175.111786, 1, 0, 0, 0, 4.00
M, 107592708, 5, -176.463654, 810.645081, -162.368668, 1, 0, 0, 0, 3.34
M, 107592708, 6, -152.784546, 811.609619, -163.461105, 1, 0, 0, 0, 4.00
M, 107592708, 7, -129.999832, 811.084229, -167.781494, 1, 0, 0, 0, 4.00
M, 107593750, 0, -313.141541, 818.582336, -181.382706, 1, 0, 0, 0, 4.00
M, 107593750, 1, -240.738647, 810.018311, -165.952164, 1, 0, 0, 0, 4.00
M, 107593750, 2, -316.115936, 817.003906, -224.011703, 1, 0, 0, 0, 3.55
M, 107593750, 3, -211.825211, 810.046570, -161.409698, 1, 0, 0, 0, 4.00
M, 107593750, 4, -268.124481, 816.553894, -175.112747, 1, 0, 0, 0, 4.00
M, 107593750, 5, -176.460022, 810.649109, -162.366760, 1, 0, 0, 0, 4.00
M, 107593750, 6, -152.795609, 811.597046, -163.469452, 1, 0, 0, 0, 3.52
M, 107593750, 7, -129.999985, 811.084534, -167.781586, 1, 0, 0, 0, 4.00
M, 107594792, 0, -313.141907, 818.580994, -181.381577, 1, 0, 0, 0, 4.00
M, 107594792, 1, -240.738617, 810.018372, -165.952408, 1, 0, 0, 0, 4.00
M, 107594792, 2, -316.115143, 817.003418, -224.012863, 1, 0, 0, 0, 4.00
M, 107594792, 3, -211.835159, 810.045654, -161.413696, 1, 0, 0, 0, 3.79
M, 107594792, 4, -268.123810, 816.552429, -175.113724, 1, 0, 0, 0, 4.00
M, 107594792, 5, -176.460785, 810.646484, -162.365509, 1, 0, 0, 0, 4.00
M, 107594792, 6, -152.791336, 811.599731, -163.465881, 1, 0, 0, 0, 4.00
M, 107594792, 7, -130.001923, 811.072815, -167.780365, 1, 0, 0, 0, 3.07
M, 107595833, 0, -313.140656, 818.587830, -181.389175, 1, 0, 0, 0, 3.57
M, 107595833, 1, -240.738617, 810.018372, -165.952606, 1, 0, 0, 0, 4.00
M, 107595833, 2, -316.116150, 817.001770, -224.012726, 1, 0, 0, 0, 4.00
M, 107595833, 3, -211.830811, 810.045715, -161.410385, 1, 0, 0, 0, 4.00
M, 107595833, 4, -268.122925, 816.554382, -175.111664, 1, 0, 0, 0, 3.32
M, 107595833, 5, -176.461594, 810.643738, -162.364319, 1, 0, 0, 0, 4.00
M, 107595833, 6, -152.790680, 811.598877, -163.465073, 1, 0, 0, 0, 4.00
M, 107595833, 7, -130.001678, 811.075195, -167.780624, 1, 0, 0, 0, 4.00
M, 107596875, 0, -313.141357, 818.585022, -181.386551, 1, 0, 0, 0, 4.00
M, 107596875, 1, -240.738174, 810.022400, -165.951981, 1, 0, 0, 0, 3.34
M, 107596875, 2, -316.117126, 817.000183, -224.012512, 1, 0, 0, 0, 4.00
M, 107596875, 3, -211.829895, 810.045593, -161.408798, 1, 0, 0, 0, 4.00
M, 107596875, 4, -268.122375, 816.552307, -175.113159, 1, 0, 0, 0, 4.00
M, 107596875, 5, -176.465088, 810.660767, -162.380356, 1, 0, 0, 0, 3.34
M, 107596875, 6, -152.790024, 811.598145, -163.464264, 1, 0, 0, 0, 4.00
M, 107596875, 7, -130.002014, 811.074341, -167.780594, 1, 0, 0, 0, 4.00
M, 107597917, 0, -313.141541, 818.584595, -181.386368, 1, 0, 0, 0, 4.00
M, 107597917, 1, -240.738281, 810.021729, -165.952347, 1, 0, 0, 0, 4.00
M, 107597917, 2, -316.109558, 817.005005, -223.995636, 1, 0, 0, 0, 3.55
M, 107597917, 3, -211.828903, 810.045410, -161.407196, 1, 0, 0, 0, 4.00
M, 107597917, 4, -268.121674, 816.551086, -175.113815, 1, 0, 0, 0, 4.00
M, 107597917, 5, -176.465439, 810.654968, -162.376297, 1, 0, 0, 0, 4.00
M, 107597917, 6, -152.797424, 811.589539, -163.462326, 1, 0, 0, 0, 3.52
M, 107597917, 7, -130.002319, 811.073181, -167.780502, 1, 0, 0, 0, 4.00
M, 107598958, 0, -313.141785, 818.584045, -181.386139, 1, 0, 0, 0, 4.00
M, 107598958, 1, -240.738281, 810.022156, -165.952530, 1, 0, 0, 0, 4.00
M, 107598958, 2, -316.112000, 817.002258, -223.998291, 1, 0, 0, 0, 4.00
M, 107598958, 3, -211.831970, 810.029663, -161.412491, 1, 0, 0, 0, 3.79
M, 107598958, 4, -268.121033, 816.549988, -175.114471, 1, 0, 0, 0, 4.00
M, 107598958, 5, -176.466507, 810.654480, -162.376984, 1, 0, 0, 0, 4.00
M, 107598958, 6, -152.795456, 811.589905, -163.461731, 1, 0, 0, 0, 4.00
M, 107598958, 7, -130.012772, 811.059998, -167.784378, 1, 0, 0, 0, 3.07
M, 107600000, 0, -313.132599, 818.583557, -181.392517, 1, 0, 0, 0, 3.57
M, 107600000, 1, -240.738235, 810.022522, -165.952637, 1, 0, 0, 0, 4.00
M, 107600000, 2, -316.112000, 817.001282, -223.996262, 1, 0, 0, 0, 4.00
M, 107600000, 3, -211.830338, 810.032166, -161.409760, 1, 0, 0, 0, 4.00
M, 107600000, 4, -268.121429, 816.548096, -175.095276, 1, 0, 0, 0, 3.32
M, 107600000, 5, -176.467560, 810.653992, -162.377609, 1, 0, 0, 0, 4.00
M, 107600000, 6, -152.795700, 811.588196, -163.460815, 1, 0, 0, 0, 4.00
M, 107600000, 7, -130.011368, 811.060974, -167.783661, 1, 0, 0, 0, 4.00
M, 107601042, 0, -313.134369, 818.582947, -181.391205, 1, 0, 0, 0, 4.00
M, 107601042, 1, -240.736023, 810.007690, -165.932053, 1, 0, 0, 0, 3.34
M, 107601042, 2, -316.112122, 817.000366, -223.994308, 1, 0, 0, 0, 4.00
M, 107601042, 3, -211.829803, 810.030151, -161.408859, 1, 0, 0, 0, 4.00
M, 107601042, 4, -268.120605, 816.547241, -175.099213, 1, 0, 0, 0, 4.00
M, 107601042, 5, -176.450745, 810.656616, -162.369156, 1, 0, 0, 0, 3.34
M, 107601042, 6, -152.795898, 811.586426, -163.459915, 1, 0, 0, 0, 4.00
M, 107601042, 7, -130.012772, 811.058716, -167.784058, 1, 0, 0, 0, 4.00
M, 107602083, 0, -313.133545, 818.582458, -181.391739, 1, 0, 0, 0, 4.00
M, 107602083, 1, -240.736343, 810.010620, -165.935593, 1, 0, 0, 0, 4.00
M, 107602083, 2, -316.098175, 817.012390, -224.001358, 1, 0, 0, 0, 3.55
M, 107602083, 3, -211.829269, 810.028381, -161.408020, 1, 0, 0, 0, 4.00
M, 107602083, 4, -268.119995, 816.546021, -175.097641, 1, 0, 0, 0, 4.00
M, 107602083, 5, -176.454742, 810.655701, -162.371292, 1, 0, 0, 0, 4.00
M, 107602083, 6, -152.785736, 811.598816, -163.454849, 1, 0, 0, 0, 3.52
M, 107602083, 7, -130.014206, 811.056274, -167.784409, 1, 0, 0, 0, 4.00
M, 107603125, 0, -313.132721, 818.582092, -181.392212, 1, 0, 0, 0, 4.00
M, 107603125, 1, -240.736084, 810.009521, -165.933456, 1, 0, 0, 0, 4.00
M, 107603125, 2, -316.100555, 817.009216, -223.997910, 1, 0, 0, 0, 4.00
M, 107603125, 3, -211.824020, 810.052673, -161.412735, 1, 0, 0, 0, 3.96
M, 107603125, 4, -268.119476, 816.544861, -175.096176, 1, 0, 0, 0, 4.00
M, 107603125, 5, -176.453812, 810.655640, -162.371002, 1, 0, 0, 0, 4.00
M, 107603125, 6, -152.787735, 811.594666, -163.454605, 1, 0, 0, 0, 4.00
M, 107603125, 7, -129.995316, 811.071289, -167.780121, 1, 0, 0, 0, 3.07
M, 107604167, 0, -313.139160, 818.588745, -181.392715, 1, 0, 0, 0, 3.57
M, 107604167, 1, -240.735748, 810.008362, -165.931305, 1, 0, 0, 0, 4.00
M, 107604167, 2, -316.099121, 817.009705, -223.996918, 1, 0, 0, 0, 4.00
M, 107604167, 3, -211.824280, 810.046326, -161.411011, 1, 0, 0, 0, 4.00
M, 107604167, 4, -268.114532, 816.555542, -175.105652, 1, 0, 0, 0, 3.32
M, 107604167, 5, -176.452927, 810.655640, -162.370636, 1, 0, 0, 0, 4.00
M, 107604167, 6, -152.786804, 811.594421, -163.453308, 1, 0, 0, 0, 4.00
M, 107604167, 7, -130.000076, 811.066101, -167.781250, 1, 0, 0, 0, 4.00
M, 107605208, 0, -313.137115, 818.587280, -181.393219, 1, 0, 0, 0, 4.00
M, 107605208, 1, -240.742340, 810.004639, -165.950027, 1, 0, 0, 0, 3.34
M, 107605208, 2, -316.097626, 817.010071, -223.995941, 1, 0, 0, 0, 4.00
M, 107605208, 3, -211.823273, 810.047363, -161.410767, 1, 0, 0, 0, 4.00
M, 107605208, 4, -268.114746, 816.552307, -175.102310, 1, 0, 0, 0, 4.00
M, 107605208, 5, -176.454895, 810.647034, -162.365280, 1, 0, 0, 0, 3.34
M, 107605208, 6, -152.785919, 811.594177, -163.451935, 1, 0, 0, 0, 4.00
M, 107605208, 7, -129.999237, 811.065674, -167.781128, 1, 0, 0, 0, 4.00
M, 107606250, 0, -313.137054, 818.587585, -181.393707, 1, 0, 0, 0, 4.00
M, 107606250, 1, -240.740936, 810.003784, -165.944473, 1, 0, 0, 0, 4.00
M, 107606250, 2, -316.114380, 817.014465, -224.010071, 1, 0, 0, 0, 3.55
M, 107606250, 3, -211.822266, 810.048157, -161.410538, 1, 0, 0, 0, 4.00
M, 107606250, 4, -268.113739, 816.552368, -175.102051, 1, 0, 0, 0, 4.00
M, 107606250, 5, -176.453552, 810.648254, -162.365753, 1, 0, 0, 0, 4.00
M, 107606250, 6, -152.794205, 811.587708, -163.464890, 1, 0, 0, 0, 3.52
M, 107606250, 7, -129.998413, 811.065308, -167.781021, 1, 0, 0, 0, 4.00
M, 107607292, 0, -313.137054, 818.587830, -181.394241, 1, 0, 0, 0, 4.00
M, 107607292, 1, -240.741394, 810.002197, -165.944656, 1, 0, 0, 0, 4.00
M, 107607292, 2, -316.109833, 817.014282, -224.006546, 1, 0, 0, 0, 4.00
M, 107607292, 3, -211.839127, 810.036987, -161.416855, 1, 0, 0, 0, 3.79
M, 107607292, 4, -268.112732, 816.552429, -175.101715, 1, 0, 0, 0, 4.00
M, 107607292, 5, -176.452957, 810.647217, -162.364883, 1, 0, 0, 0, 4.00
M, 107607292, 6, -152.791794, 811.588623, -163.461136, 1, 0, 0, 0, 4.00
M, 107607292, 7, -130.019089, 811.055420, -167.783035, 1, 0, 0, 0, 3.07
M, 107608333, 0, -313.133911, 818.596680, -181.385330, 1, 0, 0, 0, 3.57
M, 107608333, 1, -240.741837, 810.000793, -165.944748, 1, 0, 0, 0, 4.00
M, 107608333, 2, -316.110382, 817.015259, -224.007202, 1, 0, 0, 0, 4.00
M, 107608333, 3, -211.835068, 810.040039, -161.415512, 1, 0, 0, 0, 4.00
M, 107608333, 4, -268.115662, 816.556763, -175.107025, 1, 0, 0, 0, 3.32
M, 107608333, 5, -176.452423, 810.646057, -162.364029, 1, 0, 0, 0, 4.00
M, 107608333, 6, -152.791885, 811.587708, -163.461349, 1, 0, 0, 0, 4.00
M, 107608333, 7, -130.014740, 811.056702, -167.782532, 1, 0, 0, 0, 4.00
M, 107609375, 0, -313.134369, 818.595520, -181.387390, 1, 0, 0, 0, 4.00
M, 107609375, 1, -240.737335, 810.004517, -165.945221, 1, 0, 0, 0, 3.34
M, 107609375, 2, -316.110870, 817.016113, -224.007797, 1, 0, 0, 0, 4.00
M, 107609375, 3, -211.835968, 810.039917, -161.415955, 1, 0, 0, 0, 4.00
M, 107609375, 4, -268.114044, 816.556030, -175.105804, 1, 0, 0, 0, 4.00
M, 107609375, 5, -176.447830, 810.663208, -162.371475, 1, 0, 0, 0, 3.34
M, 107609375, 6, -152.791931, 811.586914, -163.461533, 1, 0, 0, 0, 4.00
M, 107609375, 7, -130.016266, 811.055176, -167.782623, 1, 0, 0, 0, 4.00
M, 107610417, 0, -313.134033, 818.596863, -181.386932, 1, 0, 0, 0, 4.00
M, 107610417, 1, -240.738647, 810.002136, -165.945313, 1, 0, 0, 0, 4.00
M, 107610417, 2, -316.115814, 817.014832, -224.008636, 1, 0, 0, 0, 3.55
M, 107610417, 3, -211.836868, 810.039551, -161.416428, 1, 0, 0, 0, 4.00
M, 107610417, 4, -268.113434, 816.556641, -175.106064, 1, 0, 0, 0, 4.00
M, 107610417, 5, -176.447891, 810.659180, -162.369217, 1, 0, 0, 0, 4.00
M, 107610417, 6, -152.788956, 811.603638, -163.461319, 1, 0, 0, 0, 3.52
M, 107610417, 7, -130.017838, 811.053711, -167.782745, 1, 0, 0, 0, 4.00
M, 107611458, 0, -313.133667, 818.597961, -181.386429, 1, 0, 0, 0, 4.00
M, 107611458, 1, -240.738556, 810.001221, -165.945496, 1, 0, 0, 0, 4.00
M, 107611458, 2, -316.115631, 817.015930, -224.009232, 1, 0, 0, 0, 4.00
M, 107611458, 3, -211.833313, 810.058289, -161.420807, 1, 0, 0, 0, 3.79
M, 107611458, 4, -268.112915, 816.557129, -175.106430, 1, 0, 0, 0, 4.00
M, 107611458, 5, -176.446899, 810.660095, -162.369278, 1, 0, 0, 0, 4.00
M, 107611458, 6, -152.789551, 811.599915, -163.461533, 1, 0, 0, 0, 4.00
M, 107611458, 7, -130.008926, 811.085083, -167.783585, 1, 0, 0, 0, 3.07
M, 107612500, 0, -313.142487, 818.593750, -181.391556, 1, 0, 0, 0, 3.57
M, 107612500, 1, -240.738464, 810.000366, -165.945663, 1, 0, 0, 0, 4.00
M, 107612500, 2, -316.116638, 817.016479, -224.009949, 1, 0, 0, 0, 4.00
M, 107612500, 3, -211.834961, 810.054810, -161.420670, 1, 0, 0, 0, 4.00
M, 107612500, 4, -268.131683, 816.548096, -175.116913, 1, 0, 0, 0, 3.32
M, 107612500, 5, -176.445892, 810.661133, -162.369278, 1, 0, 0, 0, 4.00
M, 107612500, 6, -152.789291, 811.601013, -163.461639, 1, 0, 0, 0, 4.00
M, 107612500, 7, -130.012177, 811.078186, -167.783585, 1, 0, 0, 0, 4.00
M, 107613542, 0, -313.140656, 818.595764, -181.390121, 1, 0, 0, 0, 4.00
M, 107613542, 1, -240.748001, 810.018616, -165.954437, 1, 0, 0, 0, 3.34
M, 107613542, 2, -316.117706, 817.017029, -224.010666, 1, 0, 0, 0, 4.00
M, 107613542, 3, -211.835342, 810.056763, -161.421494, 1, 0, 0, 0, 4.00
M, 107613542, 4, -268.127869, 816.550232, -175.115479, 1, 0, 0, 0, 4.00
M, 107613542, 5, -176.461777, 810.661072, -162.372131, 1, 0, 0, 0, 3.34
M, 107613542, 6, -152.789017, 811.602051, -163.461823, 1, 0, 0, 0, 4.00
M, 107613542, 7, -130.012619, 811.080261, -167.783752, 1, 0, 0, 0, 4.00
M, 107614583, 0, -313.141296, 818.596497, -181.390244, 1, 0, 0, 0, 4.00
M, 107614583, 1, -240.746399, 810.014343, -165.953232, 1, 0, 0, 0, 4.00
M, 107614583, 2, -316.124146, 817.031006, -224.023392, 1, 0, 0, 0, 3.55
M, 107614583, 3, -211.835754, 810.058472, -161.422394, 1, 0, 0, 0, 4.00
M, 107614583, 4, -268.129486, 816.549683, -175.116913, 1, 0, 0, 0, 4.00
M, 107614583, 5, -176.457962, 810.662231, -162.371658, 1, 0, 0, 0, 4.00
M, 107614583, 6, -152.803375, 811.601868, -163.470703, 1, 0, 0, 0, 3.52
M, 107614583, 7, -130.013016, 811.082336, -167.783966, 1, 0, 0, 0, 4.00
M, 107615625, 0, -313.141907, 818.597107, -181.390366, 1, 0, 0, 0, 4.00
M, 107615625, 1, -240.747345, 810.015442, -165.954376, 1, 0, 0, 0, 4.00
M, 107615625, 2, -316.124207, 817.029419, -224.022018, 1, 0, 0, 0, 4.00
M, 107615625, 3, -211.841599, 810.055420, -161.430939, 1, 0, 0, 0, 3.79
M, 107615625, 4, -268.130981, 816.549194, -175.118286, 1, 0, 0, 0, 4.00
M, 107615625, 5, -176.458801, 810.663025, -162.372009, 1, 0, 0, 0, 4.00
M, 107615625, 6, -152.800735, 811.603149, -163.469452, 1, 0, 0, 0, 4.00
M, 107615625, 7, -130.025909, 811.072510, -167.789963, 1, 0, 0, 0, 3.07
M, 107616667, 0, -313.136169, 818.597046, -181.384705, 1, 0, 0, 0, 3.57
M, 107616667, 1, -240.748367, 810.016602, -165.955444, 1, 0, 0, 0, 4.00
M, 107616667, 2, -316.125824, 817.031494, -224.024017, 1, 0, 0, 0, 4.00
M, 107616667, 3, -211.841187, 810.057861, -161.430618, 1, 0, 0, 0, 4.00
M, 107616667, 4, -268.128540, 816.548401, -175.120010, 1, 0, 0, 0, 3.32
M, 107616667, 5, -176.459625, 810.663879, -162.372375, 1, 0, 0, 0, 4.00
M, 107616667, 6, -152.802048, 811.604004, -163.470520, 1, 0, 0, 0, 4.00
M, 107616667, 7, -130.024277, 811.076477, -167.789185, 1, 0, 0, 0, 4.00
M, 107617708, 0, -313.137848, 818.597656, -181.385773, 1, 0, 0, 0, 4.00
M, 107617708, 1, -240.733810, 810.020081, -165.946381, 1, 0, 0, 0, 3.34
M, 107617708, 2, -316.127441, 817.033569, -224.026047, 1, 0, 0, 0, 4.00
M, 107617708, 3, -211.842133, 810.059021, -161.432312, 1, 0, 0, 0, 4.00
M, 107617708, 4, -268.130737, 816.547791, -175.121445, 1, 0, 0, 0, 4.00
M, 107617708, 5, -176.457779, 810.665100, -162.379288, 1, 0, 0, 0, 3.34
M, 107617708, 6, -152.803375, 811.605164, -163.471603, 1, 0, 0, 0, 4.00
M, 107617708, 7, -130.026031, 811.077393, -167.790009, 1, 0, 0, 0, 4.00
M, 107618750, 0, -313.137787, 818.598267, -181.385178, 1, 0, 0, 0, 4.00
M, 107618750, 1, -240.737335, 810.020935, -165.949188, 1, 0, 0, 0, 4.00
M, 107618750, 2, -316.101379, 817.035645, -224.011551, 1, 0, 0, 0, 3.55
M, 107618750, 3, -211.843155, 810.060303, -161.434021, 1, 0, 0, 0, 4.00
M, 107618750, 4, -268.131927, 816.547363, -175.122879, 1, 0, 0, 0, 4.00
M, 107618750, 5, -176.459091, 810.665710, -162.378540, 1, 0, 0, 0, 4.00
M, 107618750, 6, -152.804901, 811.598877, -163.475296, 1, 0, 0, 0, 3.52
M, 107618750, 7, -130.027756, 811.078125, -167.790817, 1, 0, 0, 0, 4.00
M, 107619792, 0, -313.137726, 818.598694, -181.384705, 1, 0, 0, 0, 4.00
M, 107619792, 1, -240.736618, 810.022278, -165.949188, 1, 0, 0, 0, 4.00
M, 107619792, 2, -316.107574, 817.037537, -224.016327, 1, 0, 0, 0, 4.00
M, 107619792, 3, -211.841415, 810.057922, -161.416306, 1, 0, 0, 0, 3.79
M, 107619792, 4, -268.132996, 816.546570, -175.124344, 1, 0, 0, 0, 4.00
M, 107619792, 5, -176.459625, 810.666626, -162.379608, 1, 0, 0, 0, 4.00
M, 107619792, 6, -152.806244, 811.600891, -163.475983, 1, 0, 0, 0, 4.00
M, 107619792, 7, -130.018219, 811.072205, -167.778152, 1, 0, 0, 0, 3.07
M, 107620833, 0, -313.131866, 818.602295, -181.382553, 1, 0, 0, 0, 3.57
M, 107620833, 1, -240.735901, 810.023865, -165.949188, 1, 0, 0, 0, 4.00
M, 107620833, 2, -316.106140, 817.039673, -224.016510, 1, 0, 0, 0, 4.00
M, 107620833, 3, -211.842850, 810.059692, -161.421234, 1, 0, 0, 0, 4.00
M, 107620833, 4, -268.123108, 816.557739, -175.105469, 1, 0, 0, 0, 3.60
M, 107620833, 5, -176.460159, 810.667480, -162.380661, 1, 0, 0, 0, 4.00
M, 107620833, 6, -152.807617, 811.601013, -163.477386, 1, 0, 0, 0, 4.00
M, 107620833, 7, -130.021866, 811.074036, -167.781219, 1, 0, 0, 0, 4.00
M, 107621875, 0, -313.132782, 818.602295, -181.382324, 1, 0, 0, 0, 4.00
M, 107621875, 1, -240.752914, 810.007202, -165.948349, 1, 0, 0, 0, 3.34
M, 107621875, 2, -316.104706, 817.041687, -224.016739, 1, 0, 0, 0, 4.00
M, 107621875, 3, -211.843628, 810.060486, -161.420837, 1, 0, 0, 0, 4.00
M, 107621875, 4, -268.126038, 816.555359, -175.110306, 1, 0, 0, 0, 4.00
M, 107621875, 5, -176.461121, 810.671265, -162.381165, 1, 0, 0, 0, 3.34
M, 107621875, 6, -152.808929, 811.601135, -163.478729, 1, 0, 0, 0, 4.00
M, 107621875, 7, -130.022400, 811.074097, -167.780563, 1, 0, 0, 0, 4.00
M, 107622917, 0, -313.132050, 818.603149, -181.381638, 1, 0, 0, 0, 4.00
M, 107622917, 1, -240.749252, 810.011719, -165.948471, 1, 0, 0, 0, 4.00
M, 107622917, 2, -316.114075, 817.035522, -224.019272, 1, 0, 0, 0, 3.55
M, 107622917, 3, -211.844315, 810.061340, -161.420456, 1, 0, 0, 0, 4.00
M, 107622917, 4, -268.125977, 816.556030, -175.109528, 1, 0, 0, 0, 4.00
M, 107622917, 5, -176.461563, 810.671753, -162.382324, 1, 0, 0, 0, 4.00
M, 107622917, 6, -152.795151, 811.612183, -163.462067, 1, 0, 0, 0, 3.52
M, 107622917, 7, -130.022934, 811.074158, -167.779938, 1, 0, 0, 0, 4.00
M, 107623958, 0, -313.131409, 818.604065, -181.380951, 1, 0, 0, 0, 4.00
M, 107623958, 1, -240.750443, 810.011169, -165.948410, 1, 0, 0, 0, 4.00
M, 107623958, 2, -316.110931, 817.038818, -224.019119, 1, 0, 0, 0, 4.00
M, 107623958, 3, -211.847794, 810.044373, -161.414551, 1, 0, 0, 0, 3.79
M, 107623958, 4, -268.125854, 816.556824, -175.108749, 1, 0, 0, 0, 4.00
M, 107623958, 5, -176.462128, 810.673035, -162.383286, 1, 0, 0, 0, 4.00
M, 107623958, 6, -152.799026, 811.610474, -163.466476, 1, 0, 0, 0, 4.00
M, 107623958, 7, -130.005920, 811.076843, -167.761230, 1, 0, 0, 0, 3.07
M, 107625000, 0, -313.146301, 818.594299, -181.382080, 1, 0, 0, 0, 3.57
M, 107625000, 1, -240.751694, 810.010559, -165.948318, 1, 0, 0, 0, 4.00
M, 107625000, 2, -316.110687, 817.040161, -224.019547, 1, 0, 0, 0, 4.00
M, 107625000, 3, -211.848068, 810.048218, -161.415085, 1, 0, 0, 0, 4.00
M, 107625000, 4, -268.121063, 816.555054, -175.093246, 1, 0, 0, 0, 3.32
M, 107625000, 5, -176.462723, 810.674255, -162.384293, 1, 0, 0, 0, 4.00
M, 107625000, 6, -152.798737, 811.611755, -163.465851, 1, 0, 0, 0, 4.00
M, 107625000, 7, -130.009308, 811.076477, -167.763550, 1, 0, 0, 0, 4.00
M, 107626042, 0, -313.143097, 818.596985, -181.381088, 1, 0, 0, 0, 4.00
M, 107626042, 1, -240.747650, 809.993225, -165.946625, 1, 0, 0, 0, 3.34
M, 107626042, 2, -316.110443, 817.041199, -224.019928, 1, 0, 0, 0, 4.00
M, 107626042, 3, -211.849106, 810.046936, -161.414078, 1, 0, 0, 0, 4.00
M, 107626042, 4, -268.121735, 816.556274, -175.094864, 1, 0, 0, 0, 4.00
M, 107626042, 5, -176.459122, 810.666321, -162.369278, 1, 0, 0, 0, 3.34
M, 107626042, 6, -152.798462, 811.613159, -163.465286, 1, 0, 0, 0, 4.00
M, 107626042, 7, -130.007950, 811.076782, -167.760925, 1, 0, 0, 0, 4.00
M, 107627083, 0, -313.144043, 818.596680, -181.380585, 1, 0, 0, 0, 4.00
M, 107627083, 1, -240.749756, 809.995361, -165.946808, 1, 0, 0, 0, 4.00
M, 107627083, 2, -316.107941, 817.038330, -224.024017, 1, 0, 0, 0, 3.55
M, 107627083, 3, -211.850128, 810.045898, -161.413086, 1, 0, 0, 0, 4.00
M, 107627083, 4, -268.121124, 816.556641, -175.092484, 1, 0, 0, 0, 4.00
M, 107627083, 5, -176.460403, 810.669128, -162.372910, 1, 0, 0, 0, 4.00
M, 107627083, 6, -152.794922, 811.622253, -163.463821, 1, 0, 0, 0, 3.52
M, 107627083, 7, -130.006577, 811.077087, -167.758270, 1, 0, 0, 0, 4.00
M, 107628125, 0, -313.145050, 818.596375, -181.380081, 1, 0, 0, 0, 4.00
M, 107628125, 1, -240.750381, 809.992981, -165.946503, 1, 0, 0, 0, 4.00
M, 107628125, 2, -316.108063, 817.040283, -224.023865, 1, 0, 0, 0, 4.00
M, 107628125, 3, -211.837311, 810.058960, -161.408386, 1, 0, 0, 0, 3.79
M, 107628125, 4, -268.120483, 816.557129, -175.090088, 1, 0, 0, 0, 4.00
M, 107628125, 5, -176.460495, 810.669312, -162.372131, 1, 0, 0, 0, 4.00
M, 107628125, 6, -152.795151, 811.622253, -163.463379, 1, 0, 0, 0, 4.00
M, 107628125, 7, -130.013016, 811.068542, -167.772171, 1, 0, 0, 0, 3.07
M, 107629167, 0, -313.152679, 818.595825, -181.386581, 1, 0, 0, 0, 3.57
M, 107629167, 1, -240.751038, 809.990662, -165.946259, 1, 0, 0, 0, 4.00
M, 107629167, 2, -316.107513, 817.040955, -224.024704, 1, 0, 0, 0, 4.00
M, 107629167, 3, -211.840591, 810.055542, -161.408020, 1, 0, 0, 0, 4.00
M, 107629167, 4, -268.140991, 816.548096, -175.099030, 1, 0, 0, 0, 3.32
M, 107629167, 5, -176.460648, 810.669434, -162.371353, 1, 0, 0, 0, 4.00
M, 107629167, 6, -152.794495, 811.624512, -163.462723, 1, 0, 0, 0, 4.00
M, 107629167, 7, -130.010330, 811.070435, -167.766800, 1, 0, 0, 0, 4.00
M, 107630208, 0, -313.152618, 818.595581, -181.384933, 1, 0, 0, 0, 4.00
M, 107630208, 1, -240.734467, 810.016846, -165.943222, 1, 0, 0, 0, 3.34
M, 107630208, 2, -316.106995, 817.041687, -224.025558, 1, 0, 0, 0, 4.00
M, 107630208, 3, -211.840103, 810.055969, -161.406601, 1, 0, 0, 0, 4.00
M, 107630208, 4, -268.136871, 816.550232, -175.094742, 1, 0, 0, 0, 4.00
M, 107630208, 5, -176.456406, 810.670532, -162.374908, 1, 0, 0, 0, 3.34
M, 107630208, 6, -152.793839, 811.626648, -163.462006, 1, 0, 0, 0, 4.00
M, 107630208, 7, -130.009766, 811.069946, -167.765961, 1, 0, 0, 0, 4.00
M, 107631250, 0, -313.154297, 818.595215, -181.385208, 1, 0, 0, 0, 4.00
M, 107631250, 1, -240.737991, 810.009766, -165.943405, 1, 0, 0, 0, 4.00
M, 107631250, 2, -316.103180, 817.050110, -224.012329, 1, 0, 0, 0, 3.55
M, 107631250, 3, -211.839630, 810.056274, -161.405228, 1, 0, 0, 0, 4.00
M, 107631250, 4, -268.138611, 816.549744, -175.093613, 1, 0, 0, 0, 4.00
M, 107631250, 5, -176.457245, 810.670654, -162.373383, 1, 0, 0, 0, 4.00
M, 107631250, 6, -152.781738, 811.623474, -163.455688, 1, 0, 0, 0, 3.52
M, 107631250, 7, -130.009201, 811.069397, -167.765167, 1, 0, 0, 0, 4.00
M, 107632292, 0, -313.156067, 818.594849, -181.385452, 1, 0, 0, 0, 4.00
M, 107632292, 1, -240.736771, 810.010376, -165.942871, 1, 0, 0, 0, 4.00
M, 107632292, 2, -316.103241, 817.049683, -224.015488, 1, 0, 0, 0, 4.00
M, 107632292, 3, -211.844727, 810.041504, -161.404266, 1, 0, 0, 0, 3.79
M, 107632292, 4, -268.140259, 816.549072, -175.092484, 1, 0, 0, 0, 4.00
M, 107632292, 5, -176.456833, 810.671021, -162.373123, 1, 0, 0, 0, 4.00
M, 107632292, 6, -152.782990, 811.626465, -163.455978, 1, 0, 0, 0, 4.00
M, 107632292, 7, -130.006271, 811.068665, -167.763962, 1, 0, 0, 0, 3.07
M, 107633333, 0, -313.147247, 818.594177, -181.379929, 1, 0, 0, 0, 3.57
M, 107633333, 1, -240.735580, 810.011108, -165.942337, 1, 0, 0, 0, 4.00
M, 107633333, 2, -316.102325, 817.051208, -224.014832, 1, 0, 0, 0, 4.00
M, 107633333, 3, -211.843292, 810.044556, -161.402786, 1, 0, 0, 0, 4.00
M, 107633333, 4, -268.122498, 816.559692, -175.097610, 1, 0, 0, 0, 3.32
M, 107633333, 5, -176.456467, 810.671387, -162.372787, 1, 0, 0, 0, 4.00
M, 107633333, 6, -152.781082, 811.628052, -163.454666, 1, 0, 0, 0, 4.00
M, 107633333, 7, -130.006134, 811.068176, -167.763260, 1, 0, 0, 0, 4.00
M, 107634375, 0, -313.150726, 818.593933, -181.381180, 1, 0, 0, 0, 4.00
M, 107634375, 1, -240.730087, 810.020081, -165.940598, 1, 0, 0, 0, 3.34
M, 107634375, 2, -316.101501, 817.052795, -224.014145, 1, 0, 0, 0, 4.00
M, 107634375, 3, -211.843445, 810.043152, -161.401413, 1, 0, 0, 0, 4.00
M, 107634375, 4, -268.127441, 816.557312, -175.095428, 1, 0, 0, 0, 4.00
M, 107634375, 5, -176.454987, 810.661804, -162.353775, 1, 0, 0, 0, 3.34
M, 107634375, 6, -152.779236, 811.629517, -163.453415, 1, 0, 0, 0, 4.00
M, 107634375, 7, -130.005356, 811.067505, -167.762360, 1, 0, 0, 0, 4.00
M, 107635417, 0, -313.151306, 818.593506, -181.380829, 1, 0, 0, 0, 4.00
M, 107635417, 1, -240.729584, 810.019409, -165.940247, 1, 0, 0, 0, 4.00
M, 107635417, 2, -316.094116, 817.031067, -223.993820, 1, 0, 0, 0, 3.55
M, 107635417, 3, -211.843567, 810.042114, -161.400070, 1, 0, 0, 0, 4.00
M, 107635417, 4, -268.127045, 816.557922, -175.094986, 1, 0, 0, 0, 4.00
M, 107635417, 5, -176.454773, 810.663757, -162.356583, 1, 0, 0, 0, 4.00
M, 107635417, 6, -152.780731, 811.618896, -163.453125, 1, 0, 0, 0, 3.52
M, 107635417, 7, -130.004547, 811.066895, -167.761520, 1, 0, 0, 0, 4.00
M, 107636458, 0, -313.151917, 818.593079, -181.380417, 1, 0, 0, 0, 4.00
M, 107636458, 1, -240.727921, 810.020996, -165.939590, 1, 0, 0, 0, 4.00
M, 107636458, 2, -316.094360, 817.036499, -223.996414, 1, 0, 0, 0, 4.00
M, 107636458, 3, -211.828583, 810.056152, -161.401108, 1, 0, 0, 0, 3.79
M, 107636458, 4, -268.126678, 816.558350, -175.094559, 1, 0, 0, 0, 4.00
M, 107636458, 5, -176.454269, 810.663025, -162.354187, 1, 0, 0, 0, 4.00
M, 107636458, 6, -152.778290, 811.622559, -163.451660, 1, 0, 0, 0, 4.00
M, 107636458, 7, -130.002289, 811.078064, -167.770828, 1, 0, 0, 0, 3.07
M, 107637500, 0, -313.144562, 818.592529, -181.388275, 1, 0, 0, 0, 3.57
M, 107637500, 1, -240.726242, 810.022522, -165.938904, 1, 0, 0, 0, 4.00
M, 107637500, 2, -316.092804, 817.035522, -223.993561, 1, 0, 0, 0, 4.00
M, 107637500, 3, -211.831192, 810.052429, -161.399384, 1, 0, 0, 0, 4.00
M, 107637500, 4, -268.120056, 816.559082, -175.107468, 1, 0, 0, 0, 3.32
M, 107637500, 5, -176.453781, 810.662231, -162.351868, 1, 0, 0, 0, 4.00
M, 107637500, 6, -152.776733, 811.622803, -163.450500, 1, 0, 0, 0, 4.00
M, 107637500, 7, -130.001801, 811.075378, -167.768295, 1, 0, 0, 0, 4.00
M, 107638542, 0, -313.146423, 818.592224, -181.386551, 1, 0, 0, 0, 4.00
M, 107638542, 1, -240.749725, 810.003906, -165.947510, 1, 0, 0, 0, 3.45
M, 107638542, 2, -316.091248, 817.034424, -223.990814, 1, 0, 0, 0, 4.00
M, 107638542, 3, -211.829681, 810.052673, -161.398285, 1, 0, 0, 0, 4.00
M, 107638542, 4, -268.120728, 816.559692, -175.104813, 1, 0, 0, 0, 4.00
M, 107638542, 5, -176.466660, 810.656433, -162.365692, 1, 0, 0, 0, 3.34
M, 107638542, 6, -152.775253, 811.623047, -163.449310, 1, 0, 0, 0, 4.00
M, 107638542, 7, -130.000854, 811.075989, -167.768555, 1, 0, 0, 0, 4.00
M, 107639583, 0, -313.146179, 818.591797, -181.387054, 1, 0, 0, 0, 4.00
M, 107639583, 1, -240.743896, 810.008972, -165.945313, 1, 0, 0, 0, 4.00
M, 107639583, 2, -316.094116, 817.033569, -223.995667, 1, 0, 0, 0, 3.55
M, 107639583, 3, -211.828186, 810.053162, -161.397202, 1, 0, 0, 0, 4.00
M, 107639583, 4, -268.119659, 816.560242, -175.105804, 1, 0, 0, 0, 4.00
M, 107639583, 5, -176.463974, 810.656616, -162.360748, 1, 0, 0, 0, 4.00
M, 107639583, 6, -152.775726, 811.622192, -163.448029, 1, 0, 0, 0, 3.52
M, 107639583, 7, -129.999893, 811.076599, -167.768799, 1, 0, 0, 0, 4.00
M, 107640625, 0, -313.145935, 818.591431, -181.387558, 1, 0, 0, 0, 4.00
M, 107640625, 1, -240.744934, 810.008362, -165.945633, 1, 0, 0, 0, 4.00
M, 107640625, 2, -316.091797, 817.032471, -223.991562, 1, 0, 0, 0, 4.00
M, 107640625, 3, -211.837540, 810.052002, -161.412918, 1, 0, 0, 0, 3.79
M, 107640625, 4, -268.118561, 816.560791, -175.106812, 1, 0, 0, 0, 4.00
M, 107640625, 5, -176.464996, 810.655090, -162.360184, 1, 0, 0, 0, 4.00
M, 107640625, 6, -152.773849, 811.622742, -163.446869, 1, 0, 0, 0, 4.00
M, 107640625, 7, -130.017242, 811.060120, -167.774521, 1, 0, 0, 0, 3.07
M, 107641667, 0, -313.139740, 818.589600, -181.373138, 1, 0, 0, 0, 3.57
M, 107641667, 1, -240.745972, 810.007935, -165.945969, 1, 0, 0, 0, 4.00
M, 107641667, 2, -316.090729, 817.031433, -223.989624, 1, 0, 0, 0, 4.00
M, 107641667, 3, -211.834213, 810.052673, -161.409042, 1, 0, 0, 0, 4.00
M, 107641667, 4, -268.105591, 816.563660, -175.099152, 1, 0, 0, 0, 3.32
M, 107641667, 5, -176.465942, 810.653809, -162.359589, 1, 0, 0, 0, 4.00
M, 107641667, 6, -152.772507, 811.622925, -163.445618, 1, 0, 0, 0, 4.00
M, 107641667, 7, -130.013245, 811.063660, -167.773865, 1, 0, 0, 0, 4.00
M, 107642708, 0, -313.140411, 818.589478, -181.376114, 1, 0, 0, 0, 4.00
M, 107642708, 1, -240.737152, 810.019226, -165.951187, 1, 0, 0, 0, 3.34
M, 107642708, 2, -316.089569, 817.030457, -223.987595, 1, 0, 0, 0, 4.00
M, 107642708, 3, -211.833847, 810.052795, -161.409821, 1, 0, 0, 0, 4.00
M, 107642708, 4, -268.106476, 816.563904, -175.101624, 1, 0, 0, 0, 4.00
M, 107642708, 5, -176.444427, 810.669495, -162.364975, 1, 0, 0, 0, 3.34
M, 107642708, 6, -152.771194, 811.623108, -163.444412, 1, 0, 0, 0, 4.00
M, 107642708, 7, -130.014267, 811.062378, -167.774750, 1, 0, 0, 0, 4.00
M, 107643750, 0, -313.139496, 818.588867, -181.375046, 1, 0, 0, 0, 4.00
M, 107643750, 1, -240.739777, 810.016785, -165.950668, 1, 0, 0, 0, 4.00
M, 107643750, 2, -316.102692, 817.013794, -224.006256, 1, 0, 0, 0, 3.55
M, 107643750, 3, -211.833557, 810.053101, -161.410583, 1, 0, 0, 0, 4.00
M, 107643750, 4, -268.104095, 816.564636, -175.101654, 1, 0, 0, 0, 4.00
M, 107643750, 5, -176.449112, 810.665344, -162.363434, 1, 0, 0, 0, 4.00
M, 107643750, 6, -152.794266, 811.606262, -163.464691, 1, 0, 0, 0, 3.52
M, 107643750, 7, -130.015335, 811.061218, -167.775589, 1, 0, 0, 0, 4.00
M, 107644792, 0, -313.138550, 818.588318, -181.373947, 1, 0, 0, 0, 4.00
M, 107644792, 1, -240.739777, 810.017517, -165.951538, 1, 0, 0, 0, 4.00
M, 107644792, 2, -316.099243, 817.015381, -224.000854, 1, 0, 0, 0, 4.00
M, 107644792, 3, -211.829865, 810.050293, -161.419174, 1, 0, 0, 0, 3.79
M, 107644792, 4, -268.101715, 816.565552, -175.101715, 1, 0, 0, 0, 4.00
M, 107644792, 5, -176.447647, 810.665955, -162.363495, 1, 0, 0, 0, 4.00
M, 107644792, 6, -152.788895, 811.609131, -163.459915, 1, 0, 0, 0, 4.00
M, 107644792, 7, -130.010620, 811.079834, -167.778870, 1, 0, 0, 0, 3.07
M, 107645833, 0, -313.146973, 818.580261, -181.383331, 1, 0, 0, 0, 3.57
M, 107645833, 1, -240.739716, 810.018311, -165.952408, 1, 0, 0, 0, 4.00
M, 107645833, 2, -316.099701, 817.012817, -224.001129, 1, 0, 0, 0, 4.00
M, 107645833, 3, -211.830063, 810.050964, -161.418610, 1, 0, 0, 0, 4.00
M, 107645833, 4, -268.123688, 816.544128, -175.116165, 1, 0, 0, 0, 3.32
M, 107645833, 5, -176.446106, 810.666565, -162.363525, 1, 0, 0, 0, 4.00
M, 107645833, 6, -152.790237, 811.607483, -163.461044, 1, 0, 0, 0, 4.00
M, 107645833, 7, -130.012589, 811.075256, -167.779343, 1, 0, 0, 0, 4.00
M, 107646875, 0, -313.144470, 818.580994, -181.380463, 1, 0, 0, 0, 4.00
M, 107646875, 1, -240.751526, 809.994995, -165.954910, 1, 0, 0, 0, 3.34
M, 107646875, 2, -316.100128, 817.010071, -224.001358, 1, 0, 0, 0, 4.00
M, 107646875, 3, -211.829376, 810.050842, -161.420212, 1, 0, 0, 0, 4.00
M, 107646875, 4, -268.117371, 816.548706, -175.113876, 1, 0, 0, 0, 4.00
M, 107646875, 5, -176.456467, 810.654358, -162.370102, 1, 0, 0, 0, 3.34
M, 107646875, 6, -152.791580, 811.605774, -163.462189, 1, 0, 0, 0, 4.00
M, 107646875, 7, -130.013016, 811.076233, -167.780426, 1, 0, 0, 0, 4.00
M, 107647917, 0, -313.144562, 818.579590, -181.380524, 1, 0, 0, 0, 4.00
M, 107647917, 1, -240.749557, 809.999634, -165.955505, 1, 0, 0, 0, 4.00
M, 107647917, 2, -316.119080, 817.013489, -224.015366, 1, 0, 0, 0, 3.55
M, 107647917, 3, -211.828659, 810.050781, -161.421799, 1, 0, 0, 0, 4.00
M, 107647917, 4, -268.117615, 816.547058, -175.115479, 1, 0, 0, 0, 4.00
M, 107647917, 5, -176.453018, 810.657043, -162.369125, 1, 0, 0, 0, 4.00
M, 107647917, 6, -152.813538, 811.591614, -163.480118, 1, 0, 0, 0, 3.52
M, 107647917, 7, -130.013428, 811.077209, -167.781586, 1, 0, 0, 0, 4.00
M, 107648958, 0, -313.144684, 818.578247, -181.380585, 1, 0, 0, 0, 4.00
M, 107648958, 1, -240.750839, 809.997681, -165.956573, 1, 0, 0, 0, 4.00
M, 107648958, 2, -316.116455, 817.009766, -224.013351, 1, 0, 0, 0, 4.00
M, 107648958, 3, -211.847351, 810.042114, -161.430740, 1, 0, 0, 0, 3.79
M, 107648958, 4, -268.117920, 816.545349, -175.117126, 1, 0, 0, 0, 4.00
M, 107648958, 5, -176.452805, 810.656128, -162.369904, 1, 0, 0, 0, 4.00
M, 107648958, 6, -152.811523, 811.591919, -163.478516, 1, 0, 0, 0, 4.00
M, 107648958, 7, -130.019562, 811.080505, -167.784943, 1, 0, 0, 0, 3.07
M, 107650000, 0, -313.132355, 818.595093, -181.383331, 1, 0, 0, 0, 3.57
M, 107650000, 1, -240.752090, 809.995850, -165.957596, 1, 0, 0, 0, 4.00
M, 107650000, 2, -316.118958, 817.007629, -224.015137, 1, 0, 0, 0, 4.00
M, 107650000, 3, -211.843445, 810.043518, -161.431122, 1, 0, 0, 0, 4.00
M, 107650000, 4, -268.117737, 816.548767, -175.120529, 1, 0, 0, 0, 3.32
M, 107650000, 5, -176.452591, 810.655273, -162.370636, 1, 0, 0, 0, 4.00
M, 107650000, 6, -152.815063, 811.588928, -163.481461, 1, 0, 0, 0, 4.00
M, 107650000, 7, -130.019028, 811.081116, -167.785721, 1, 0, 0, 0, 4.00
M, 107651042, 0, -313.134491, 818.590759, -181.382919, 1, 0, 0, 0, 4.00
M, 107651042, 1, -240.736267, 810.028320, -165.950073, 1, 0, 0, 0, 3.34
M, 107651042, 2, -316.121399, 817.005676, -224.016861, 1, 0, 0, 0, 4.00
M, 107651042, 3, -211.844879, 810.042480, -161.433533, 1, 0, 0, 0, 4.00
M, 107651042, 4, -268.118042, 816.546387, -175.121857, 1, 0, 0, 0, 4.00
M, 107651042, 5, -176.453400, 810.644592, -162.378693, 1, 0, 0, 0, 3.34
M, 107651042, 6, -152.818695, 811.585876, -163.484421, 1, 0, 0, 0, 4.00
M, 107651042, 7, -130.020050, 811.082397, -167.787064, 1, 0, 0, 0, 4.00
M, 107652083, 0, -313.133179, 818.591553, -181.383270, 1, 0, 0, 0, 4.00
M, 107652083, 1, -240.740341, 810.020752, -165.952530, 1, 0, 0, 0, 4.00
M, 107652083, 2, -316.116882, 817.007568, -224.012009, 1, 0, 0, 0, 3.55
M, 107652083, 3, -211.846252, 810.041504, -161.435928, 1, 0, 0, 0, 4.00
M, 107652083, 4, -268.118286, 816.545532, -175.123657, 1, 0, 0, 0, 4.00
M, 107652083, 5, -176.453049, 810.645325, -162.378296, 1, 0, 0, 0, 4.00
M, 107652083, 6, -152.801834, 811.596436, -163.482208, 1, 0, 0, 0, 3.52
M, 107652083, 7, -130.021088, 811.083618, -167.788406, 1, 0, 0, 0, 4.00
M, 107653125, 0, -313.131927, 818.592163, -181.383621, 1, 0, 0, 0, 4.00
M, 107653125, 1, -240.739716, 810.022705, -165.952576, 1, 0, 0, 0, 4.00
M, 107653125, 2, -316.120453, 817.004944, -224.014832, 1, 0, 0, 0, 4.00
M, 107653125, 3, -211.831116, 810.056152, -161.424652, 1, 0, 0, 0, 3.79
M, 107653125, 4, -268.118469, 816.544556, -175.125443, 1, 0, 0, 0, 4.00
M, 107653125, 5, -176.452988, 810.643311, -162.379883, 1, 0, 0, 0, 4.00
M, 107653125, 6, -152.808807, 811.591125, -163.486023, 1, 0, 0, 0, 4.00
M, 107653125, 7, -130.020050, 811.073914, -167.790726, 1, 0, 0, 0, 3.07
M, 107654167, 0, -313.147491, 818.585693, -181.383621, 1, 0, 0, 0, 3.57
M, 107654167, 1, -240.739120, 810.024597, -165.952698, 1, 0, 0, 0, 4.00
M, 107654167, 2, -316.122192, 817.003235, -224.015915, 1, 0, 0, 0, 4.00
M, 107654167, 3, -211.835251, 810.052490, -161.429306, 1, 0, 0, 0, 4.00
M, 107654167, 4, -268.103241, 816.562683, -175.109619, 1, 0, 0, 0, 3.32
M, 107654167, 5, -176.452927, 810.641418, -162.381454, 1, 0, 0, 0, 4.00
M, 107654167, 6, -152.810150, 811.589600, -163.488403, 1, 0, 0, 0, 4.00
M, 107654167, 7, -130.021393, 811.077026, -167.791916, 1, 0, 0, 0, 4.00
M, 107655208, 0, -313.143433, 818.587524, -181.383987, 1, 0, 0, 0, 4.00
M, 107655208, 1, -240.750748, 810.011414, -165.953888, 1, 0, 0, 0, 3.34
M, 107655208, 2, -316.123901, 817.001648, -224.016922, 1, 0, 0, 0, 4.00
M, 107655208, 3, -211.834869, 810.053101, -161.430206, 1, 0, 0, 0, 4.00
M, 107655208, 4, -268.105988, 816.558594, -175.114349, 1, 0, 0, 0, 4.00
M, 107655208, 5, -176.449265, 810.661499, -162.384644, 1, 0, 0, 0, 3.34
M, 107655208, 6, -152.811554, 811.588013, -163.490845, 1, 0, 0, 0, 4.00
M, 107655208, 7, -130.022125, 811.077087, -167.793350, 1, 0, 0, 0, 4.00
M, 107656250, 0, -313.143921, 818.587402, -181.384277, 1, 0, 0, 0, 4.00
M, 107656250, 1, -240.748123, 810.015747, -165.953842, 1, 0, 0, 0, 4.00
M, 107656250, 2, -316.110077, 817.016357, -224.015305, 1, 0, 0, 0, 3.98
M, 107656250, 3, -211.834503, 810.053772, -161.431122, 1, 0, 0, 0, 4.00
M, 107656250, 4, -268.104553, 816.559631, -175.114258, 1, 0, 0, 0, 4.00
M, 107656250, 5, -176.449738, 810.656006, -162.385986, 1, 0, 0, 0, 4.00
M, 107656250, 6, -152.788116, 811.608398, -163.468048, 1, 0, 0, 0, 3.52
M, 107656250, 7, -130.022934, 811.077148, -167.794846, 1, 0, 0, 0, 4.00
M, 107657292, 0, -313.144501, 818.587219, -181.384583, 1, 0, 0, 0, 4.00
M, 107657292, 1, -240.748901, 810.016052, -165.954071, 1, 0, 0, 0, 4.00
M, 107657292, 2, -316.114319, 817.012024, -224.016800, 1, 0, 0, 0, 4.00
M, 107657292, 3, -211.833130, 810.051331, -161.430801, 1, 0, 0, 0, 3.79
M, 107657292, 4, -268.103149, 816.560730, -175.114151, 1, 0, 0, 0, 4.00
M, 107657292, 5, -176.449295, 810.656433, -162.387741, 1, 0, 0, 0, 4.00
M, 107657292, 6, -152.793549, 811.603210, -163.474609, 1, 0, 0, 0, 4.00
M, 107657292, 7, -130.023056, 811.071655, -167.795792, 1, 0, 0, 0, 3.07
M, 107658333, 0, -313.138550, 818.584229, -181.374390, 1, 0, 0, 0, 3.57
M, 107658333, 1, -240.749619, 810.016296, -165.954285, 1, 0, 0, 0, 4.00
M, 107658333, 2, -316.114319, 817.012268, -224.017517, 1, 0, 0, 0, 4.00
M, 107658333, 3, -211.832932, 810.052551, -161.431931, 1, 0, 0, 0, 4.00
M, 107658333, 4, -268.117310, 816.543030, -175.123001, 1, 0, 0, 0, 3.32
M, 107658333, 5, -176.448776, 810.656921, -162.389481, 1, 0, 0, 0, 4.00
M, 107658333, 6, -152.792175, 811.604004, -163.474258, 1, 0, 0, 0, 4.00
M, 107658333, 7, -130.023941, 811.072693, -167.797348, 1, 0, 0, 0, 4.00
M, 107659375, 0, -313.140228, 818.584534, -181.376419, 1, 0, 0, 0, 4.00
M, 107659375, 1, -240.739594, 810.012146, -165.945343, 1, 0, 0, 0, 3.34
M, 107659375, 2, -316.114258, 817.012512, -224.018234, 1, 0, 0, 0, 4.00
M, 107659375, 3, -211.832428, 810.052856, -161.432709, 1, 0, 0, 0, 4.00
M, 107659375, 4, -268.113281, 816.547302, -175.121384, 1, 0, 0, 0, 4.00
M, 107659375, 5, -176.453079, 810.655640, -162.383957, 1, 0, 0, 0, 3.34
M, 107659375, 6, -152.790863, 811.604797, -163.473923, 1, 0, 0, 0, 4.00
M, 107659375, 7, -130.024689, 811.072021, -167.798782, 1, 0, 0, 0, 4.00
M, 107660417, 0, -313.140045, 818.584106, -181.375580, 1, 0, 0, 0, 4.00
M, 107660417, 1, -240.742126, 810.013062, -165.947098, 1, 0, 0, 0, 4.00
M, 107660417, 2, -316.109497, 817.014526, -224.019150, 1, 0, 0, 0, 3.55
M, 107660417, 3, -211.831940, 810.053223, -161.433472, 1, 0, 0, 0, 4.00
M, 107660417, 4, -268.113556, 816.546387, -175.122253, 1, 0, 0, 0, 4.00
M, 107660417, 5, -176.451828, 810.656494, -162.386917, 1, 0, 0, 0, 4.00
M, 107660417, 6, -152.789673, 811.602417, -163.471985, 1, 0, 0, 0, 3.52
M, 107660417, 7, -130.025436, 811.071472, -167.800201, 1, 0, 0, 0, 4.00
M, 107661458, 0, -313.139862, 818.583618, -181.374695, 1, 0, 0, 0, 4.00
M, 107661458, 1, -240.741714, 810.012756, -165.946320, 1, 0, 0, 0, 4.00
M, 107661458, 2, -316.110321, 817.014465, -224.019836, 1, 0, 0, 0, 4.00
M, 107661458, 3, -211.828995, 810.050049, -161.416199, 1, 0, 0, 0, 3.79
M, 107661458, 4, -268.113800, 816.545288, -175.123108, 1, 0, 0, 0, 4.00
M, 107661458, 5, -176.451828, 810.656799, -162.387863, 1, 0, 0, 0, 4.00
M, 107661458, 6, -152.788300, 811.603760, -163.471893, 1, 0, 0, 0, 4.00
M, 107661458, 7, -130.013397, 811.076538, -167.776550, 1, 0, 0, 0, 3.07
M, 107662500, 0, -313.124725, 818.590515, -181.377197, 1, 0, 0, 0, 3.57
M, 107662500, 1, -240.741272, 810.012512, -165.945557, 1, 0, 0, 0, 4.00
M, 107662500, 2, -316.109833, 817.014832, -224.020676, 1, 0, 0, 0, 4.00
M, 107662500, 3, -211.828903, 810.050964, -161.419952, 1, 0, 0, 0, 4.00
M, 107662500, 4, -268.102356, 816.551392, -175.133896, 1, 0, 0, 0, 3.32
M, 107662500, 5, -176.451904, 810.657104, -162.388885, 1, 0, 0, 0, 4.00
M, 107662500, 6, -152.787018, 811.604126, -163.471390, 1, 0, 0, 0, 4.00
M, 107662500, 7, -130.016235, 811.075073, -167.782120, 1, 0, 0, 0, 4.00
M, 107663542, 0, -313.127045, 818.588928, -181.375793, 1, 0, 0, 0, 4.00
M, 107663542, 1, -240.745255, 810.027222, -165.961639, 1, 0, 0, 0, 3.34
M, 107663542, 2, -316.109314, 817.015076, -224.021454, 1, 0, 0, 0, 4.00
M, 107663542, 3, -211.828125, 810.050903, -161.418762, 1, 0, 0, 0, 4.00
M, 107663542, 4, -268.104553, 816.549194, -175.133133, 1, 0, 0, 0, 4.00
M, 107663542, 5, -176.456589, 810.661316, -162.371948, 1, 0, 0, 0, 3.34
M, 107663542, 6, -152.785736, 811.604553, -163.470917, 1, 0, 0, 0, 4.00
M, 107663542, 7, -130.015579, 811.075134, -167.780777, 1, 0, 0, 0, 4.00
M, 107664583, 0, -313.125214, 818.589355, -181.375290, 1, 0, 0, 0, 4.00
M, 107664583, 1, -240.744125, 810.024536, -165.958130, 1, 0, 0, 0, 4.00
M, 107664583, 2, -316.115814, 817.013550, -224.010544, 1, 0, 0, 0, 3.55
M, 107664583, 3, -211.827362, 810.050903, -161.417557, 1, 0, 0, 0, 4.00
M, 107664583, 4, -268.103546, 816.548889, -175.135071, 1, 0, 0, 0, 4.00
M, 107664583, 5, -176.455811, 810.661011, -162.375854, 1, 0, 0, 0, 4.00
M, 107664583, 6, -152.797211, 811.601135, -163.464600, 1, 0, 0, 0, 3.52
M, 107664583, 7, -130.014893, 811.075256, -167.779465, 1, 0, 0, 0, 4.00
M, 107665625, 0, -313.123413, 818.589783, -181.374802, 1, 0, 0, 0, 4.00
M, 107665625, 1, -240.744217, 810.025879, -165.959198, 1, 0, 0, 0, 4.00
M, 107665625, 2, -316.114136, 817.014221, -224.013260, 1, 0, 0, 0, 4.00
M, 107665625, 3, -211.831940, 810.055786, -161.426437, 1, 0, 0, 0, 3.79
M, 107665625, 4, -268.102478, 816.548584, -175.137009, 1, 0, 0, 0, 4.00
M, 107665625, 5, -176.456406, 810.661621, -162.374878, 1, 0, 0, 0, 4.00
M, 107665625, 6, -152.793762, 811.602234, -163.465042, 1, 0, 0, 0, 4.00
M, 107665625, 7, -130.004700, 811.078125, -167.778030, 1, 0, 0, 0, 3.07
M, 107666667, 0, -313.131042, 818.599487, -181.377960, 1, 0, 0, 0, 3.57
M, 107666667, 1, -240.744247, 810.027161, -165.960266, 1, 0, 0, 0, 4.00
M, 107666667, 2, -316.114441, 817.014343, -224.012802, 1, 0, 0, 0, 4.00
M, 107666667, 3, -211.830338, 810.054871, -161.423584, 1, 0, 0, 0, 4.00
M, 107666667, 4, -268.104736, 816.561401, -175.105347, 1, 0, 0, 0, 3.32
M, 107666667, 5, -176.456970, 810.662292, -162.373856, 1, 0, 0, 0, 4.00
M, 107666667, 6, -152.793839, 811.602234, -163.463913, 1, 0, 0, 0, 4.00
M, 107666667, 7, -130.005615, 811.077698, -167.776718, 1, 0, 0, 0, 4.00
M, 107667708, 0, -313.127716, 818.598328, -181.376892, 1, 0, 0, 0, 4.00
M, 107667708, 1, -240.726486, 810.024475, -165.938522, 1, 0, 0, 0, 3.34
M, 107667708, 2, -316.114624, 817.014526, -224.012268, 1, 0, 0, 0, 4.00
M, 107667708, 3, -211.830185, 810.055298, -161.423492, 1, 0, 0, 0, 4.00
M, 107667708, 4, -268.103149, 816.559143, -175.112869, 1, 0, 0, 0, 4.00
M, 107667708, 5, -176.445679, 810.667419, -162.361160, 1, 0, 0, 0, 3.34
M, 107667708, 6, -152.793961, 811.602173, -163.462784, 1, 0, 0, 0, 4.00
M, 107667708, 7, -130.003952, 811.077942, -167.775406, 1, 0, 0, 0, 4.00
M, 107668750, 0, -313.126862, 818.599670, -181.376831, 1, 0, 0, 0, 4.00
M, 107668750, 1, -240.729462, 810.026489, -165.943375, 1, 0, 0, 0, 4.00
M, 107668750, 2, -316.109375, 817.011597, -223.995758, 1, 0, 0, 0, 3.55
M, 107668750, 3, -211.830032, 810.055786, -161.423401, 1, 0, 0, 0, 4.00
M, 107668750, 4, -268.102478, 816.560303, -175.111130, 1, 0, 0, 0, 4.00
M, 107668750, 5, -176.448181, 810.667419, -162.362122, 1, 0, 0, 0, 4.00
M, 107668750, 6, -152.785858, 811.608948, -163.456345, 1, 0, 0, 0, 3.52
M, 107668750, 7, -130.002258, 811.078247, -167.774094, 1, 0, 0, 0, 4.00
M, 107669792, 0, -313.126038, 818.601135, -181.376709, 1, 0, 0, 0, 4.00
M, 107669792, 1, -240.727585, 810.027527, -165.941971, 1, 0, 0, 0, 4.00
M, 107669792, 2, -316.110504, 817.012268, -223.997910, 1, 0, 0, 0, 4.00
M, 107669792, 3, -211.830276, 810.058350, -161.403580, 1, 0, 0, 0, 3.79
M, 107669792, 4, -268.101837, 816.561523, -175.109467, 1, 0, 0, 0, 4.00
M, 107669792, 5, -176.447433, 810.668518, -162.359848, 1, 0, 0, 0, 4.00
M, 107669792, 6, -152.787354, 811.607910, -163.456100, 1, 0, 0, 0, 4.00
M, 107669792, 7, -129.998444, 811.078369, -167.765671, 1, 0, 0, 0, 3.07
M, 107670833, 0, -313.138977, 818.592957, -181.380493, 1, 0, 0, 0, 3.57
M, 107670833, 1, -240.725708, 810.028320, -165.940491, 1, 0, 0, 0, 4.00
M, 107670833, 2, -316.110199, 817.012085, -223.995636, 1, 0, 0, 0, 4.00
M, 107670833, 3, -211.830032, 810.058472, -161.406769, 1, 0, 0, 0, 4.00
M, 107670833, 4, -268.112244, 816.557312, -175.114716, 1, 0, 0, 0, 3.32
M, 107670833, 5, -176.446732, 810.669861, -162.357590, 1, 0, 0, 0, 4.00
M, 107670833, 6, -152.786514, 811.608704, -163.454315, 1, 0, 0, 0, 4.00
M, 107670833, 7, -129.997040, 811.078796, -167.765488, 1, 0, 0, 0, 4.00
M, 107671875, 0, -313.135925, 818.595947, -181.379761, 1, 0, 0, 0, 4.00
M, 107671875, 1, -240.742676, 810.022583, -165.943100, 1, 0, 0, 0, 3.34
M, 107671875, 2, -316.109802, 817.011902, -223.993378, 1, 0, 0, 0, 4.00
M, 107671875, 3, -211.829910, 810.059326, -161.404510, 1, 0, 0, 0, 4.00
M, 107671875, 4, -268.109741, 816.559509, -175.111816, 1, 0, 0, 0, 4.00
M, 107671875, 5, -176.454620, 810.658142, -162.360306, 1, 0, 0, 0, 3.34
M, 107671875, 6, -152.785675, 811.609436, -163.452621, 1, 0, 0, 0, 4.00
M, 107671875, 7, -129.995132, 811.079163, -167.763367, 1, 0, 0, 0, 4.00
M, 107672917, 0, -313.136597, 818.596313, -181.380051, 1, 0, 0, 0, 4.00
M, 107672917, 1, -240.737625, 810.024658, -165.941025, 1, 0, 0, 0, 4.00
M, 107672917, 2, -316.107117, 817.017090, -224.005768, 1, 0, 0, 0, 3.55
M, 107672917, 3, -211.829803, 810.060059, -161.402283, 1, 0, 0, 0, 4.00
M, 107672917, 4, -268.110229, 816.560242, -175.110870, 1, 0, 0, 0, 4.00
M, 107672917, 5, -176.452454, 810.661438, -162.357224, 1, 0, 0, 0, 4.00
M, 107672917, 6, -152.787415, 811.615967, -163.457062, 1, 0, 0, 0, 3.52
M, 107672917, 7, -129.993134, 811.079590, -167.761230, 1, 0, 0, 0, 4.00
M, 107673958, 0, -313.137299, 818.596741, -181.380417, 1, 0, 0, 0, 4.00
M, 107673958, 1, -240.737808, 810.024719, -165.940002, 1, 0, 0, 0, 4.00
M, 107673958, 2, -316.107056, 817.016052, -224.001068, 1, 0, 0, 0, 4.00
M, 107673958, 3, -211.843155, 810.048889, -161.418839, 1, 0, 0, 0, 3.96
M, 107673958, 4, -268.110840, 816.560730, -175.109909, 1, 0, 0, 0, 4.00
M, 107673958, 5, -176.452652, 810.661255, -162.355469, 1, 0, 0, 0, 4.00
M, 107673958, 6, -152.786209, 811.615662, -163.454315, 1, 0, 0, 0, 4.00
M, 107673958, 7, -130.009995, 811.075989, -167.767731, 1, 0, 0, 0, 3.07
M, 107675000, 0, -313.129974, 818.605408, -181.378052, 1, 0, 0, 0, 3.57
M, 107675000, 1, -240.738052, 810.024902, -165.939056, 1, 0, 0, 0, 4.00
M, 107675000, 2, -316.106384, 817.016602, -224.000412, 1, 0, 0, 0, 4.00
M, 107675000, 3, -211.840759, 810.051636, -161.413483, 1, 0, 0, 0, 4.00
M, 107675000, 4, -268.114044, 816.548828, -175.109940, 1, 0, 0, 0, 3.32
M, 107675000, 5, -176.452835, 810.661011, -162.353745, 1, 0, 0, 0, 4.00
M, 107675000, 6, -152.785706, 811.617004, -163.453308, 1, 0, 0, 0, 4.00
M, 107675000, 7, -130.004990, 811.076904, -167.764206, 1, 0, 0, 0, 4.00
M, 107676042, 0, -313.131989, 818.604431, -181.378799, 1, 0, 0, 0, 4.00
M, 107676042, 1, -240.740433, 810.033630, -165.951843, 1, 0, 0, 0, 3.34
M, 107676042, 2, -316.105804, 817.017090, -223.999756, 1, 0, 0, 0, 4.00
M, 107676042, 3, -211.842102, 810.051086, -161.413300, 1, 0, 0, 0, 4.00
M, 107676042, 4, -268.114166, 816.551636, -175.108871, 1, 0, 0, 0, 4.00
M, 107676042, 5, -176.448959, 810.671875, -162.367477, 1, 0, 0, 0, 3.34
M, 107676042, 6, -152.785141, 811.618408, -163.452225, 1, 0, 0, 0, 4.00
M, 107676042, 7, -130.005142, 811.076782, -167.763046, 1, 0, 0, 0, 4.00
M, 107677083, 0, -313.131866, 818.605591, -181.378891, 1, 0, 0, 0, 4.00
M, 107677083, 1, -240.740189, 810.032471, -165.948593, 1, 0, 0, 0, 4.00
M, 107677083, 2, -316.102112, 817.033569, -224.008102, 1, 0, 0, 0, 3.55
M, 107677083, 3, -211.843475, 810.050476, -161.413086, 1, 0, 0, 0, 4.00
M, 107677083, 4, -268.114990, 816.550842, -175.108032, 1, 0, 0, 0, 4.00
M, 107677083, 5, -176.449829, 810.669800, -162.363159, 1, 0, 0, 0, 4.00
M, 107677083, 6, -152.791046, 811.607544, -163.457062, 1, 0, 0, 0, 3.52
M, 107677083, 7, -130.005264, 811.076599, -167.761856, 1, 0, 0, 0, 4.00
M, 107678125, 0, -313.131775, 818.606934, -181.378922, 1, 0, 0, 0, 4.00
M, 107678125, 1, -240.740616, 810.033508, -165.949097, 1, 0, 0, 0, 4.00
M, 107678125, 2, -316.101929, 817.031311, -224.005890, 1, 0, 0, 0, 4.00
M, 107678125, 3, -211.817337, 810.051147, -161.398666, 1, 0, 0, 0, 3.79
M, 107678125, 4, -268.115845, 816.550110, -175.107193, 1, 0, 0, 0, 4.00
M, 107678125, 5, -176.449554, 810.670715, -162.363129, 1, 0, 0, 0, 4.00
M, 107678125, 6, -152.789459, 811.611023, -163.455063, 1, 0, 0, 0, 4.00
M, 107678125, 7, -130.005142, 811.076233, -167.771957, 1, 0, 0, 0, 3.07
M, 107679167, 0, -313.138672, 818.596130, -181.387680, 1, 0, 0, 0, 3.57
M, 107679167, 1, -240.741058, 810.034668, -165.949600, 1, 0, 0, 0, 4.00
M, 107679167, 2, -316.100952, 817.033508, -224.006256, 1, 0, 0, 0, 4.00
M, 107679167, 3, -211.823212, 810.050598, -161.400848, 1, 0, 0, 0, 4.00
M, 107679167, 4, -268.118408, 816.544189, -175.108932, 1, 0, 0, 0, 3.32
M, 107679167, 5, -176.449371, 810.671631, -162.363129, 1, 0, 0, 0, 4.00
M, 107679167, 6, -152.789612, 811.611084, -163.454636, 1, 0, 0, 0, 4.00
M, 107679167, 7, -130.005264, 811.076172, -167.768921, 1, 0, 0, 0, 4.00
M, 107680208, 0, -313.137360, 818.599243, -181.386276, 1, 0, 0, 0, 4.00
M, 107680208, 1, -240.743500, 810.025513, -165.944244, 1, 0, 0, 0, 3.34
M, 107680208, 2, -316.099945, 817.035767, -224.006546, 1, 0, 0, 0, 4.00
M, 107680208, 3, -211.821548, 810.050110, -161.399094, 1, 0, 0, 0, 4.00
M, 107680208, 4, -268.118927, 816.544312, -175.107742, 1, 0, 0, 0, 4.00
M, 107680208, 5, -176.465714, 810.654602, -162.373093, 1, 0, 0, 0, 3.34
M, 107680208, 6, -152.789764, 811.611206, -163.454193, 1, 0, 0, 0, 4.00
M, 107680208, 7, -130.005325, 811.076050, -167.768951, 1, 0, 0, 0, 4.00
M, 107681250, 0, -313.137970, 818.599182, -181.387299, 1, 0, 0, 0, 4.00
M, 107681250, 1, -240.743591, 810.028320, -165.945724, 1, 0, 0, 0, 4.00
M, 107681250, 2, -316.120209, 817.025879, -224.026093, 1, 0, 0, 0, 3.55
M, 107681250, 3, -211.819901, 810.049744, -161.397354, 1, 0, 0, 0, 4.00
M, 107681250, 4, -268.119934, 816.543030, -175.107147, 1, 0, 0, 0, 4.00
M, 107681250, 5, -176.462723, 810.658447, -162.371414, 1, 0, 0, 0, 4.00
M, 107681250, 6, -152.803894, 811.592285, -163.478577, 1, 0, 0, 0, 3.52
M, 107681250, 7, -130.005447, 811.075928, -167.768997, 1, 0, 0, 0, 4.00
M, 107682292, 0, -313.138550, 818.599121, -181.388275, 1, 0, 0, 0, 4.00
M, 107682292, 1, -240.744186, 810.028503, -165.945602, 1, 0, 0, 0, 4.00
M, 107682292, 2, -316.115692, 817.030212, -224.023209, 1, 0, 0, 0, 4.00
M, 107682292, 3, -211.827057, 810.052551, -161.409515, 1, 0, 0, 0, 3.79
M, 107682292, 4, -268.120972, 816.541687, -175.106552, 1, 0, 0, 0, 4.00
M, 107682292, 5, -176.464310, 810.657532, -162.372482, 1, 0, 0, 0, 4.00
M, 107682292, 6, -152.801773, 811.595581, -163.474106, 1, 0, 0, 0, 4.00
M, 107682292, 7, -130.015610, 811.073486, -167.785690, 1, 0, 0, 0, 3.07
M, 107683333, 0, -313.134613, 818.606079, -181.379990, 1, 0, 0, 0, 3.57
M, 107683333, 1, -240.744781, 810.028503, -165.945496, 1, 0, 0, 0, 4.00
M, 107683333, 2, -316.117004, 817.031067, -224.025620, 1, 0, 0, 0, 4.00
M, 107683333, 3, -211.823898, 810.051514, -161.405441, 1, 0, 0, 0, 4.00
M, 107683333, 4, -268.132935, 816.549744, -175.114563, 1, 0, 0, 0, 3.32
M, 107683333, 5, -176.465942, 810.656433, -162.373566, 1, 0, 0, 0, 4.00
M, 107683333, 6, -152.803436, 811.593567, -163.476364, 1, 0, 0, 0, 4.00
M, 107683333, 7, -130.013992, 811.073730, -167.782990, 1, 0, 0, 0, 4.00
M, 107684375, 0, -313.135986, 818.604797, -181.382523, 1, 0, 0, 0, 4.00
M, 107684375, 1, -240.741028, 810.029541, -165.949997, 1, 0, 0, 0, 3.34
M, 107684375, 2, -316.118439, 817.031982, -224.028061, 1, 0, 0, 0, 4.00
M, 107684375, 3, -211.823242, 810.051392, -161.405228, 1, 0, 0, 0, 4.00
M, 107684375, 4, -268.132172, 816.546936, -175.112625, 1, 0, 0, 0, 4.00
M, 107684375, 5, -176.451706, 810.664551, -162.369476, 1, 0, 0, 0, 3.34
M, 107684375, 6, -152.805115, 811.591614, -163.478699, 1, 0, 0, 0, 4.00
M, 107684375, 7, -130.015152, 811.073364, -167.784866, 1, 0, 0, 0, 4.00
M, 107685417, 0, -313.136108, 818.605469, -181.382492, 1, 0, 0, 0, 4.00
M, 107685417, 1, -240.742432, 810.029297, -165.949127, 1, 0, 0, 0, 4.00
M, 107685417, 2, -316.105438, 817.033875, -224.010269, 1, 0, 0, 0, 3.55
M, 107685417, 3, -211.822556, 810.051270, -161.404984, 1, 0, 0, 0, 4.00
M, 107685417, 4, -268.134369, 816.546753, -175.113007, 1, 0, 0, 0, 4.00
M, 107685417, 5, -176.455841, 810.662109, -162.371353, 1, 0, 0, 0, 4.00
M, 107685417, 6, -152.809021, 811.598938, -163.481735, 1, 0, 0, 0, 3.52
M, 107685417, 7, -130.016403, 811.072876, -167.786743, 1, 0, 0, 0, 4.00
M, 107686458, 0, -313.136292, 818.606140, -181.382492, 1, 0, 0, 0, 4.00
M, 107686458, 1, -240.742584, 810.029419, -165.949478, 1, 0, 0, 0, 4.00
M, 107686458, 2, -316.109131, 817.034668, -224.016052, 1, 0, 0, 0, 4.00
M, 107686458, 3, -211.823090, 810.069275, -161.416428, 1, 0, 0, 0, 3.79
M, 107686458, 4, -268.136566, 816.546387, -175.113373, 1, 0, 0, 0, 4.00
M, 107686458, 5, -176.455688, 810.662109, -162.371857, 1, 0, 0, 0, 4.00
M, 107686458, 6, -152.810349, 811.595398, -163.483902, 1, 0, 0, 0, 4.00
M, 107686458, 7, -130.010834, 811.080078, -167.780838, 1, 0, 0, 0, 3.07
M, 107687500, 0, -313.141541, 818.596130, -181.386429, 1, 0, 0, 0, 3.57
M, 107687500, 1, -240.742752, 810.029541, -165.949905, 1, 0, 0, 0, 4.00
M, 107687500, 2, -316.109009, 817.035583, -224.016205, 1, 0, 0, 0, 4.00
M, 107687500, 3, -211.822205, 810.066162, -161.414291, 1, 0, 0, 0, 4.00
M, 107687500, 4, -268.109161, 816.563232, -175.124390, 1, 0, 0, 0, 3.32
M, 107687500, 5, -176.455521, 810.662170, -162.372375, 1, 0, 0, 0, 4.00
M, 107687500, 6, -152.812241, 811.594421, -163.486267, 1, 0, 0, 0, 4.00
M, 107687500, 7, -130.013123, 811.078430, -167.783997, 1, 0, 0, 0, 4.00
M, 107688542, 0, -313.140808, 818.598450, -181.385803, 1, 0, 0, 0, 4.00
M, 107688542, 1, -240.740372, 810.037415, -165.968796, 1, 0, 0, 0, 3.34
M, 107688542, 2, -316.108765, 817.036560, -224.016449, 1, 0, 0, 0, 4.00
M, 107688542, 3, -211.821640, 810.068115, -161.415298, 1, 0, 0, 0, 4.00
M, 107688542, 4, -268.116302, 816.560181, -175.123001, 1, 0, 0, 0, 4.00
M, 107688542, 5, -176.459091, 810.659485, -162.375732, 1, 0, 0, 0, 3.34
M, 107688542, 6, -152.814194, 811.593384, -163.488647, 1, 0, 0, 0, 4.00
M, 107688542, 7, -130.013550, 811.078857, -167.785004, 1, 0, 0, 0, 4.00
M, 107689583, 0, -313.141541, 818.597961, -181.386246, 1, 0, 0, 0, 4.00
M, 107689583, 1, -240.740906, 810.036316, -165.966110, 1, 0, 0, 0, 4.00
M, 107689583, 2, -316.118073, 817.029053, -224.028641, 1, 0, 0, 0, 3.55
M, 107689583, 3, -211.821060, 810.070007, -161.416367, 1, 0, 0, 0, 4.00
M, 107689583, 4, -268.115234, 816.561646, -175.124512, 1, 0, 0, 0, 4.00
M, 107689583, 5, -176.458313, 810.659790, -162.375732, 1, 0, 0, 0, 4.00
M, 107689583, 6, -152.791992, 811.614441, -163.477859, 1, 0, 0, 0, 3.52
M, 107689583, 7, -130.014023, 811.079285, -167.786026, 1, 0, 0, 0, 4.00
M, 107690625, 0, -313.142242, 818.597595, -181.386673, 1, 0, 0, 0, 4.00
M, 107690625, 1, -240.740814, 810.037292, -165.968521, 1, 0, 0, 0, 4.00
M, 107690625, 2, -316.116272, 817.031555, -224.026810, 1, 0, 0, 0, 4.00
M, 107690625, 3, -211.841660, 810.060608, -161.430206, 1, 0, 0, 0, 3.79
M, 107690625, 4, -268.114166, 816.563416, -175.126038, 1, 0, 0, 0, 4.00
M, 107690625, 5, -176.458557, 810.659607, -162.376541, 1, 0, 0, 0, 4.00
M, 107690625, 6, -152.797958, 811.609619, -163.482452, 1, 0, 0, 0, 4.00
M, 107690625, 7, -130.009369, 811.090576, -167.781906, 1, 0, 0, 0, 3.07
M, 107691667, 0, -313.137604, 818.599731, -181.386154, 1, 0, 0, 0, 3.57
M, 107691667, 1, -240.740677, 810.038269, -165.970947, 1, 0, 0, 0, 4.00
M, 107691667, 2, -316.117126, 817.031494, -224.028305, 1, 0, 0, 0, 4.00
M, 107691667, 3, -211.837570, 810.064331, -161.429123, 1, 0, 0, 0, 4.00
M, 107691667, 4, -268.116302, 816.557983, -175.133163, 1, 0, 0, 0, 3.60
M, 107691667, 5, -176.458832, 810.659241, -162.377380, 1, 0, 0, 0, 4.00
M, 107691667, 6, -152.797241, 811.611145, -163.483368, 1, 0, 0, 0, 4.00
M, 107691667, 7, -130.010681, 811.089233, -167.783783, 1, 0, 0, 0, 4.00
M, 107692708, 0, -313.139221, 818.598816, -181.386734, 1, 0, 0, 0, 4.00
M, 107692708, 1, -240.744003, 810.043030, -165.964203, 1, 0, 0, 0, 3.34
M, 107692708, 2, -316.117950, 817.031555, -224.029861, 1, 0, 0, 0, 4.00
M, 107692708, 3, -211.839310, 810.064941, -161.431534, 1, 0, 0, 0, 4.00
M, 107692708, 4, -268.114746, 816.560730, -175.133728, 1, 0, 0, 0, 4.00
M, 107692708, 5, -176.454865, 810.669006, -162.382141, 1, 0, 0, 0, 3.34
M, 107692708, 6, -152.796555, 811.612427, -163.484299, 1, 0, 0, 0, 4.00
M, 107692708, 7, -130.010620, 811.090759, -167.784286, 1, 0, 0, 0, 4.00
M, 107693750, 0, -313.139404, 818.598572, -181.387085, 1, 0, 0, 0, 4.00
M, 107693750, 1, -240.743332, 810.043457, -165.968109, 1, 0, 0, 0, 4.00
M, 107693750, 2, -316.121185, 817.017090, -224.024017, 1, 0, 0, 0, 3.55
M, 107693750, 3, -211.841064, 810.065674, -161.433960, 1, 0, 0, 0, 4.00
M, 107693750, 4, -268.114044, 816.561646, -175.135864, 1, 0, 0, 0, 4.00
M, 107693750, 5, -176.455811, 810.667053, -162.382294, 1, 0, 0, 0, 4.00
M, 107693750, 6, -152.804214, 811.600403, -163.493652, 1, 0, 0, 0, 3.52
M, 107693750, 7, -130.010513, 811.092407, -167.784775, 1, 0, 0, 0, 4.00
M, 107694792, 0, -313.139435, 818.598450, -181.387390, 1, 0, 0, 0, 4.00
M, 107694792, 1, -240.743591, 810.044861, -165.969543, 1, 0, 0, 0, 4.00
M, 107694792, 2, -316.121643, 817.019470, -224.026810, 1, 0, 0, 0, 4.00
M, 107694792, 3, -211.840714, 810.063293, -161.439316, 1, 0, 0, 0, 3.79
M, 107694792, 4, -268.113342, 816.562561, -175.138016, 1, 0, 0, 0, 4.00
M, 107694792, 5, -176.455582, 810.667725, -162.383575, 1, 0, 0, 0, 4.00
M, 107694792, 6, -152.802124, 811.604004, -163.493179, 1, 0, 0, 0, 4.00
M, 107694792, 7, -130.011490, 811.083069, -167.797165, 1, 0, 0, 0, 3.07
M, 107695833, 0, -313.146423, 818.582336, -181.388275, 1, 0, 0, 0, 3.57
M, 107695833, 1, -240.743835, 810.046265, -165.970947, 1, 0, 0, 0, 4.00
M, 107695833, 2, -316.122711, 817.018066, -224.027466, 1, 0, 0, 0, 4.00
M, 107695833, 3, -211.842758, 810.064514, -161.441284, 1, 0, 0, 0, 4.00
M, 107695833, 4, -268.113159, 816.551819, -175.129547, 1, 0, 0, 0, 3.32
M, 107695833, 5, -176.455399, 810.668457, -162.384796, 1, 0, 0, 0, 4.00
M, 107695833, 6, -152.802338, 811.604004, -163.495087, 1, 0, 0, 0, 4.00
M, 107695833, 7, -130.011215, 811.086548, -167.795685, 1, 0, 0, 0, 4.00
M, 107696875, 0, -313.145477, 818.584778, -181.388550, 1, 0, 0, 0, 4.00
M, 107696875, 1, -240.744720, 810.037292, -165.971863, 1, 0, 0, 0, 3.34
M, 107696875, 2, -316.123779, 817.016479, -224.028244, 1, 0, 0, 0, 4.00
M, 107696875, 3, -211.844284, 810.064880, -161.444061, 1, 0, 0, 0, 4.00
M, 107696875, 4, -268.112366, 816.554688, -175.133423, 1, 0, 0, 0, 4.00
M, 107696875, 5, -176.462311, 810.658508, -162.387421, 1, 0, 0, 0, 3.34
M, 107696875, 6, -152.802551, 811.603943, -163.496933, 1, 0, 0, 0, 4.00
M, 107696875, 7, -130.011215, 811.086914, -167.797470, 1, 0, 0, 0, 4.00
M, 107697917, 0, -313.146240, 818.582886, -181.388870, 1, 0, 0, 0, 4.00
M, 107697917, 1, -240.744843, 810.040283, -165.973358, 1, 0, 0, 0, 4.00
M, 107697917, 2, -316.118011, 817.022217, -224.025558, 1, 0, 0, 0, 3.55
M, 107697917, 3, -211.845779, 810.065247, -161.446793, 1, 0, 0, 0, 4.00
M, 107697917, 4, -268.111725, 816.554199, -175.134445, 1, 0, 0, 0, 4.00
M, 107697917, 5, -176.460938, 810.661133, -162.388397, 1, 0, 0, 0, 4.00
M, 107697917, 6, -152.792679, 811.607666, -163.486435, 1, 0, 0, 0, 3.52
M, 107697917, 7, -130.011246, 811.087341, -167.799194, 1, 0, 0, 0, 4.00
M, 107698958, 0, -313.147125, 818.580994, -181.389267, 1, 0, 0, 0, 4.00
M, 107698958, 1, -240.745209, 810.040649, -165.974762, 1, 0, 0, 0, 4.00
M, 107698958, 2, -316.120209, 817.019348, -224.026871, 1, 0, 0, 0, 4.00
M, 107698958, 3, -211.841248, 810.045227, -161.435806, 1, 0, 0, 0, 3.79
M, 107698958, 4, -268.111053, 816.553772, -175.135391, 1, 0, 0, 0, 4.00
M, 107698958, 5, -176.461502, 810.660706, -162.389832, 1, 0, 0, 0, 4.00
M, 107698958, 6, -152.794556, 811.606934, -163.490311, 1, 0, 0, 0, 4.00
M, 107698958, 7, -130.016235, 811.088074, -167.796005, 1, 0, 0, 0, 3.07
M, 107700000, 0, -313.140594, 818.586670, -181.382950, 1, 0, 0, 0, 3.57
M, 107700000, 1, -240.745499, 810.040955, -165.976089, 1, 0, 0, 0, 4.00
M, 107700000, 2, -316.120575, 817.018677, -224.027176, 1, 0, 0, 0, 4.00
M, 107700000, 3, -211.843750, 810.048950, -161.440842, 1, 0, 0, 0, 4.00
M, 107700000, 4, -268.109741, 816.564819, -175.122879, 1, 0, 0, 0, 3.32
M, 107700000, 5, -176.462036, 810.660461, -162.391205, 1, 0, 0, 0, 4.00
M, 107700000, 6, -152.793671, 811.607178, -163.490845, 1, 0, 0, 0, 4.00
M, 107700000, 7, -130.015396, 811.088501, -167.798569, 1, 0, 0, 0, 4.00
M, 107701042, 0, -313.142731, 818.583435, -181.384430, 1, 0, 0, 0, 4.00
M, 107701042, 1, -240.729370, 810.051453, -165.965698, 1, 0, 0, 0, 3.34
M, 107701042, 2, -316.120941, 817.017944, -224.027527, 1, 0, 0, 0, 4.00
M, 107701042, 3, -211.844574, 810.047119, -161.442062, 1, 0, 0, 0, 4.00
M, 107701042, 4, -268.109222, 816.562622, -175.126038, 1, 0, 0, 0, 4.00
M, 107701042, 5, -176.442459, 810.674622, -162.380096, 1, 0, 0, 0, 3.34
M, 107701042, 6, -152.792770, 811.607544, -163.491333, 1, 0, 0, 0, 4.00
M, 107701042, 7, -130.015930, 811.088989, -167.799789, 1, 0, 0, 0, 4.00
M, 107702083, 0, -313.142731, 818.582397, -181.384079, 1, 0, 0, 0, 4.00
M, 107702083, 1, -240.732422, 810.050110, -165.968979, 1, 0, 0, 0, 4.00
M, 107702083, 2, -316.095886, 817.030884, -224.014053, 1, 0, 0, 0, 3.55
M, 107702083, 3, -211.845413, 810.045166, -161.443344, 1, 0, 0, 0, 4.00
M, 107702083, 4, -268.108490, 816.563477, -175.125565, 1, 0, 0, 0, 4.00
M, 107702083, 5, -176.446396, 810.671814, -162.383575, 1, 0, 0, 0, 4.00
M, 107702083, 6, -152.781326, 811.611450, -163.466919, 1, 0, 0, 0, 3.52
M, 107702083, 7, -130.016525, 811.089478, -167.801041, 1, 0, 0, 0, 4.00
M, 107703125, 0, -313.142792, 818.581360, -181.383713, 1, 0, 0, 0, 4.00
M, 107703125, 1, -240.730896, 810.051514, -165.969070, 1, 0, 0, 0, 4.00
M, 107703125, 2, -316.100433, 817.027893, -224.016739, 1, 0, 0, 0, 4.00
M, 107703125, 3, -211.829147, 810.046936, -161.409363, 1, 0, 0, 0, 3.79
M, 107703125, 4, -268.107727, 816.564270, -175.125015, 1, 0, 0, 0, 4.00
M, 107703125, 5, -176.444794, 810.673096, -162.383636, 1, 0, 0, 0, 4.00
M, 107703125, 6, -152.782166, 811.611267, -163.471542, 1, 0, 0, 0, 4.00
M, 107703125, 7, -130.005386, 811.080505, -167.777435, 1, 0, 0, 0, 3.07
M, 107704167, 0, -313.147980, 818.583130, -181.390488, 1, 0, 0, 0, 3.57
M, 107704167, 1, -240.729431, 810.052917, -165.969116, 1, 0, 0, 0, 4.00
M, 107704167, 2, -316.098053, 817.028687, -224.015579, 1, 0, 0, 0, 4.00
M, 107704167, 3, -211.832840, 810.044434, -161.416428, 1, 0, 0, 0, 4.00
M, 107704167, 4, -268.111237, 816.550659, -175.128952, 1, 0, 0, 0, 3.32
M, 107704167, 5, -176.443115, 810.674255, -162.383636, 1, 0, 0, 0, 4.00
M, 107704167, 6, -152.780136, 811.611938, -163.469330, 1, 0, 0, 0, 4.00
M, 107704167, 7, -130.007889, 811.082581, -167.782776, 1, 0, 0, 0, 4.00
M, 107705208, 0, -313.147186, 818.581482, -181.388992, 1, 0, 0, 0, 4.00
M, 107705208, 1, -240.748245, 810.023438, -165.965515, 1, 0, 0, 0, 3.34
M, 107705208, 2, -316.095673, 817.029480, -224.014420, 1, 0, 0, 0, 4.00
M, 107705208, 3, -211.831802, 810.043030, -161.413803, 1, 0, 0, 0, 4.00
M, 107705208, 4, -268.109802, 816.553955, -175.127670, 1, 0, 0, 0, 4.00
M, 107705208, 5, -176.457596, 810.648193, -162.373718, 1, 0, 0, 0, 3.34
M, 107705208, 6, -152.778107, 811.612549, -163.467133, 1, 0, 0, 0, 4.00
M, 107705208, 7, -130.007172, 811.081970, -167.781281, 1, 0, 0, 0, 4.00
M, 107706250, 0, -313.147858, 818.580811, -181.389404, 1, 0, 0, 0, 4.00
M, 107706250, 1, -240.743439, 810.029846, -165.966171, 1, 0, 0, 0, 4.00
M, 107706250, 2, -316.118774, 817.008728, -224.026810, 1, 0, 0, 0, 3.55
M, 107706250, 3, -211.830780, 810.041443, -161.411179, 1, 0, 0, 0, 4.00
M, 107706250, 4, -268.109528, 816.553162, -175.127670, 1, 0, 0, 0, 4.00
M, 107706250, 5, -176.453308, 810.653931, -162.375412, 1, 0, 0, 0, 4.00
M, 107706250, 6, -152.796829, 811.599426, -163.464691, 1, 0, 0, 0, 3.52
M, 107706250, 7, -130.006454, 811.081421, -167.779816, 1, 0, 0, 0, 4.00
M, 107707292, 0, -313.148438, 818.579956, -181.389862, 1, 0, 0, 0, 4.00
M, 107707292, 1, -240.744186, 810.027832, -165.965912, 1, 0, 0, 0, 4.00
M, 107707292, 2, -316.112122, 817.013062, -224.023422, 1, 0, 0, 0, 4.00
M, 107707292, 3, -211.845352, 810.036804, -161.417084, 1, 0, 0, 0, 3.79
M, 107707292, 4, -268.109283, 816.552612, -175.127640, 1, 0, 0, 0, 4.00
M, 107707292, 5, -176.453400, 810.652344, -162.374313, 1, 0, 0, 0, 4.00
M, 107707292, 6, -152.791367, 811.602478, -163.462509, 1, 0, 0, 0, 4.00
M, 107707292, 7, -130.009262, 811.066711, -167.775024, 1, 0, 0, 0, 3.07
M, 107708333, 0, -313.137115, 818.597473, -181.390030, 1, 0, 0, 0, 3.57
M, 107708333, 1, -240.744934, 810.025879, -165.965546, 1, 0, 0, 0, 4.00
M, 107708333, 2, -316.112518, 817.011414, -224.023743, 1, 0, 0, 0, 4.00
M, 107708333, 3, -211.841721, 810.035889, -161.413086, 1, 0, 0, 0, 4.00
M, 107708333, 4, -268.098663, 816.561035, -175.115433, 1, 0, 0, 0, 3.32
M, 107708333, 5, -176.453491, 810.650696, -162.373230, 1, 0, 0, 0, 4.00
M, 107708333, 6, -152.791580, 811.601685, -163.460281, 1, 0, 0, 0, 4.00
M, 107708333, 7, -130.007950, 811.068420, -167.774078, 1, 0, 0, 0, 4.00
M, 107709375, 0, -313.139740, 818.593506, -181.390549, 1, 0, 0, 0, 4.00
M, 107709375, 1, -240.745560, 810.035583, -165.962769, 1, 0, 0, 0, 3.45
M, 107709375, 2, -316.112885, 817.009766, -224.024078, 1, 0, 0, 0, 4.00
M, 107709375, 3, -211.842438, 810.033997, -161.411423, 1, 0, 0, 0, 4.00
M, 107709375, 4, -268.100098, 816.558899, -175.117386, 1, 0, 0, 0, 4.00
M, 107709375, 5, -176.459244, 810.654846, -162.372223, 1, 0, 0, 0, 3.34
M, 107709375, 6, -152.791794, 811.601013, -163.458008, 1, 0, 0, 0, 4.00
M, 107709375, 7, -130.007584, 811.066467, -167.772247, 1, 0, 0, 0, 4.00
M, 107710417, 0, -313.139038, 818.594727, -181.390961, 1, 0, 0, 0, 4.00
M, 107710417, 1, -240.746338, 810.031616, -165.962891, 1, 0, 0, 0, 4.00
M, 107710417, 2, -316.106384, 817.013306, -224.010544, 1, 0, 0, 0, 3.55
M, 107710417, 3, -211.843124, 810.032104, -161.409760, 1, 0, 0, 0, 4.00
M, 107710417, 4, -268.098724, 816.559204, -175.116089, 1, 0, 0, 0, 4.00
M, 107710417, 5, -176.458435, 810.652100, -162.371124, 1, 0, 0, 0, 4.00
M, 107710417, 6, -152.791855, 811.597534, -163.459351, 1, 0, 0, 0, 3.52
M, 107710417, 7, -130.007233, 811.064392, -167.770401, 1, 0, 0, 0, 4.00
M, 107711458, 0, -313.138367, 818.595886, -181.391342, 1, 0, 0, 0, 4.00
M, 107711458, 1, -240.747055, 810.030823, -165.962234, 1, 0, 0, 0, 4.00
M, 107711458, 2, -316.107880, 817.010803, -224.013168, 1, 0, 0, 0, 4.00
M, 107711458, 3, -211.838501, 810.032837, -161.409302, 1, 0, 0, 0, 3.79
M, 107711458, 4, -268.097351, 816.559387, -175.114655, 1, 0, 0, 0, 4.00
M, 107711458, 5, -176.459122, 810.651062, -162.370041, 1, 0, 0, 0, 4.00
M, 107711458, 6, -152.792114, 811.597168, -163.456543, 1, 0, 0, 0, 4.00
M, 107711458, 7, -130.009048, 811.067688, -167.777145, 1, 0, 0, 0, 3.07
M, 107712500, 0, -313.148224, 818.588806, -181.390366, 1, 0, 0, 0, 3.57
M, 107712500, 1, -240.747818, 810.029846, -165.961670, 1, 0, 0, 0, 4.00
M, 107712500, 2, -316.107574, 817.009766, -224.011978, 1, 0, 0, 0, 4.00
M, 107712500, 3, -211.840073, 810.030640, -161.407455, 1, 0, 0, 0, 4.00
M, 107712500, 4, -268.101898, 816.562561, -175.116943, 1, 0, 0, 0, 3.32
M, 107712500, 5, -176.459900, 810.649963, -162.369034, 1, 0, 0, 0, 4.00
M, 107712500, 6, -152.792297, 811.596130, -163.454666, 1, 0, 0, 0, 4.00
M, 107712500, 7, -130.008301, 811.064819, -167.773865, 1, 0, 0, 0, 4.00
M, 107713542, 0, -313.145782, 818.591309, -181.390991, 1, 0, 0, 0, 4.00
M, 107713542, 1, -240.739655, 810.020264, -165.963135, 1, 0, 0, 0, 3.34
M, 107713542, 2, -316.107239, 817.008667, -224.010818, 1, 0, 0, 0, 4.00
M, 107713542, 3, -211.840164, 810.028992, -161.405914, 1, 0, 0, 0, 4.00
M, 107713542, 4, -268.099487, 816.562378, -175.114975, 1, 0, 0, 0, 4.00
M, 107713542, 5, -176.447357, 810.655884, -162.372375, 1, 0, 0, 0, 3.34
M, 107713542, 6, -152.792526, 811.594971, -163.452820, 1, 0, 0, 0, 4.00
M, 107713542, 7, -130.008209, 811.063293, -167.772903, 1, 0, 0, 0, 4.00
M, 107714583, 0, -313.146179, 818.591675, -181.391205, 1, 0, 0, 0, 4.00
M, 107714583, 1, -240.741806, 810.021118, -165.962173, 1, 0, 0, 0, 4.00
M, 107714583, 2, -316.114960, 817.006775, -224.003479, 1, 0, 0, 0, 3.55
M, 107714583, 3, -211.840347, 810.027344, -161.404388, 1, 0, 0, 0, 4.00
M, 107714583, 4, -268.098785, 816.562927, -175.114029, 1, 0, 0, 0, 4.00
M, 107714583, 5, -176.450241, 810.653870, -162.370575, 1, 0, 0, 0, 4.00
M, 107714583, 6, -152.795212, 811.595825, -163.464539, 1, 0, 0, 0, 3.52
M, 107714583, 7, -130.008118, 811.061951, -167.772049, 1, 0, 0, 0, 4.00
M, 107715625, 0, -313.146667, 818.591980, -181.391495, 1, 0, 0, 0, 4.00
M, 107715625, 1, -240.741562, 810.019470, -165.961792, 1, 0, 0, 0, 4.00
M, 107715625, 2, -316.113312, 817.005920, -224.003326, 1, 0, 0, 0, 4.00
M, 107715625, 3, -211.849640, 810.021851, -161.412582, 1, 0, 0, 0, 3.79
M, 107715625, 4, -268.098083, 816.563416, -175.113068, 1, 0, 0, 0, 4.00
M, 107715625, 5, -176.449554, 810.653564, -162.369980, 1, 0, 0, 0, 4.00
M, 107715625, 6, -152.795044, 811.594421, -163.460449, 1, 0, 0, 0, 4.00
M, 107715625, 7, -130.013611, 811.066956, -167.781128, 1, 0, 0, 0, 3.07
M, 107716667, 0, -313.127472, 818.587341, -181.384827, 1, 0, 0, 0, 3.57
M, 107716667, 1, -240.741272, 810.017883, -165.961380, 1, 0, 0, 0, 4.00
M, 107716667, 2, -316.113831, 817.004639, -224.001480, 1, 0, 0, 0, 4.00
M, 107716667, 3, -211.848221, 810.020935, -161.409454, 1, 0, 0, 0, 4.00
M, 107716667, 4, -268.110931, 816.552734, -175.123230, 1, 0, 0, 0, 3.32
M, 107716667, 5, -176.448837, 810.653259, -162.369415, 1, 0, 0, 0, 4.00
M, 107716667, 6, -152.795456, 811.593689, -163.460068, 1, 0, 0, 0, 4.00
M, 107716667, 7, -130.012619, 811.064270, -167.778564, 1, 0, 0, 0, 4.00
M, 107717708, 0, -313.131165, 818.588562, -181.386185, 1, 0, 0, 0, 4.00
M, 107717708, 1, -240.736023, 810.031616, -165.958221, 1, 0, 0, 0, 3.34
M, 107717708, 2, -316.114380, 817.003601, -223.999634, 1, 0, 0, 0, 4.00
M, 107717708, 3, -211.849380, 810.018860, -161.409012, 1, 0, 0, 0, 4.00
M, 107717708, 4, -268.107971, 816.555115, -175.120468, 1, 0, 0, 0, 4.00
M, 107717708, 5, -176.456940, 810.641235, -162.370529, 1, 0, 0, 0, 3.34
M, 107717708, 6, -152.795929, 811.592896, -163.459671, 1, 0, 0, 0, 4.00
M, 107717708, 7, -130.013123, 811.063416, -167.778778, 1, 0, 0, 0, 4.00
M, 107718750, 0, -313.129486, 818.588318, -181.385681, 1, 0, 0, 0, 4.00
M, 107718750, 1, -240.736649, 810.027405, -165.958328, 1, 0, 0, 0, 4.00
M, 107718750, 2, -316.102692, 817.011292, -224.001190, 1, 0, 0, 0, 3.55
M, 107718750, 3, -211.850479, 810.016907, -161.408569, 1, 0, 0, 0, 4.00
M, 107718750, 4, -268.108734, 816.554321, -175.120728, 1, 0, 0, 0, 4.00
M, 107718750, 5, -176.454803, 810.642822, -162.369629, 1, 0, 0, 0, 4.00
M, 107718750, 6, -152.798050, 811.589844, -163.464203, 1, 0, 0, 0, 3.52
M, 107718750, 7, -130.013672, 811.062561, -167.778992, 1, 0, 0, 0, 4.00
M, 107719792, 0, -313.127777, 818.588135, -181.385178, 1, 0, 0, 0, 4.00
M, 107719792, 1, -240.735840, 810.027466, -165.957657, 1, 0, 0, 0, 4.00
M, 107719792, 2, -316.105194, 817.008667, -223.998749, 1, 0, 0, 0, 4.00
M, 107719792, 3, -211.829971, 810.039124, -161.417801, 1, 0, 0, 0, 3.79
M, 107719792, 4, -268.109528, 816.553772, -175.120972, 1, 0, 0, 0, 4.00
M, 107719792, 5, -176.455017, 810.641296, -162.369217, 1, 0, 0, 0, 4.00
M, 107719792, 6, -152.798248, 811.589294, -163.463013, 1, 0, 0, 0, 4.00
M, 107719792, 7, -130.013336, 811.059753, -167.786560, 1, 0, 0, 0, 3.07
M, 107720833, 0, -313.137238, 818.592712, -181.386612, 1, 0, 0, 0, 3.57
M, 107720833, 1, -240.735062, 810.027405, -165.957001, 1, 0, 0, 0, 4.00
M, 107720833, 2, -316.104370, 817.008423, -223.997253, 1, 0, 0, 0, 4.00
M, 107720833, 3, -211.834686, 810.033020, -161.415710, 1, 0, 0, 0, 4.00
M, 107720833, 4, -268.095032, 816.561279, -175.117279, 1, 0, 0, 0, 3.32
M, 107720833, 5, -176.455215, 810.639832, -162.368851, 1, 0, 0, 0, 4.00
M, 107720833, 6, -152.798904, 811.588257, -163.463165, 1, 0, 0, 0, 4.00
M, 107720833, 7, -130.013992, 811.059326, -167.785538, 1, 0, 0, 0, 4.00
M, 107721875, 0, -313.133667, 818.591797, -181.385773, 1, 0, 0, 0, 4.00
M, 107721875, 1, -240.742218, 810.031128, -165.965332, 1, 0, 0, 0, 3.34
M, 107721875, 2, -316.103638, 817.008240, -223.995789, 1, 0, 0, 0, 4.00
M, 107721875, 3, -211.833435, 810.033691, -161.416306, 1, 0, 0, 0, 4.00
M, 107721875, 4, -268.098297, 816.559265, -175.118225, 1, 0, 0, 0, 4.00
M, 107721875, 5, -176.450928, 810.654419, -162.369324, 1, 0, 0, 0, 3.34
M, 107721875, 6, -152.799515, 811.587219, -163.463318, 1, 0, 0, 0, 4.00
M, 107721875, 7, -130.014389, 811.058289, -167.786499, 1, 0, 0, 0, 4.00
M, 107722917, 0, -313.133179, 818.592102, -181.385483, 1, 0, 0, 0, 4.00
M, 107722917, 1, -240.740143, 810.030579, -165.963196, 1, 0, 0, 0, 4.00
M, 107722917, 2, -316.116150, 816.997681, -224.010513, 1, 0, 0, 0, 3.55
M, 107722917, 3, -211.832184, 810.034363, -161.416931, 1, 0, 0, 0, 4.00
M, 107722917, 4, -268.097412, 816.559509, -175.118042, 1, 0, 0, 0, 4.00
M, 107722917, 5, -176.451935, 810.650146, -162.368759, 1, 0, 0, 0, 4.00
M, 107722917, 6, -152.796234, 811.593445, -163.469040, 1, 0, 0, 0, 3.52
M, 107722917, 7, -130.014862, 811.057190, -167.787506, 1, 0, 0, 0, 4.00
M, 107723958, 0, -313.132721, 818.592346, -181.385178, 1, 0, 0, 0, 4.00
M, 107723958, 1, -240.740189, 810.031006, -165.963486, 1, 0, 0, 0, 4.00
M, 107723958, 2, -316.113190, 816.999146, -224.006378, 1, 0, 0, 0, 4.00
M, 107723958, 3, -211.834473, 810.042114, -161.424805, 1, 0, 0, 0, 3.79
M, 107723958, 4, -268.096527, 816.559631, -175.117905, 1, 0, 0, 0, 4.00
M, 107723958, 5, -176.451736, 810.650330, -162.368500, 1, 0, 0, 0, 4.00
M, 107723958, 6, -152.797577, 811.591064, -163.468323, 1, 0, 0, 0, 4.00
M, 107723958, 7, -130.002945, 811.072754, -167.789597, 1, 0, 0, 0, 3.07
M, 107725000, 0, -313.129150, 818.594910, -181.381119, 1, 0, 0, 0, 3.57
M, 107725000, 1, -240.740250, 810.031494, -165.963791, 1, 0, 0, 0, 4.00
M, 107725000, 2, -316.113770, 816.997864, -224.006638, 1, 0, 0, 0, 4.00
M, 107725000, 3, -211.832657, 810.041565, -161.424179, 1, 0, 0, 0, 4.00
M, 107725000, 4, -268.104797, 816.551941, -175.135162, 1, 0, 0, 0, 3.32
M, 107725000, 5, -176.451523, 810.650391, -162.368225, 1, 0, 0, 0, 4.00
M, 107725000, 6, -152.797775, 811.590698, -163.469040, 1, 0, 0, 0, 4.00
M, 107725000, 7, -130.005417, 811.068970, -167.790436, 1, 0, 0, 0, 4.00
M, 107726042, 0, -313.129150, 818.594788, -181.381485, 1, 0, 0, 0, 4.00
M, 107726042, 1, -240.742523, 810.014160, -165.960571, 1, 0, 0, 0, 3.34
M, 107726042, 2, -316.114441, 816.996582, -224.006943, 1, 0, 0, 0, 4.00
M, 107726042, 3, -211.831802, 810.042969, -161.425583, 1, 0, 0, 0, 4.00
M, 107726042, 4, -268.102356, 816.553528, -175.132050, 1, 0, 0, 0, 4.00
M, 107726042, 5, -176.463684, 810.646729, -162.386017, 1, 0, 0, 0, 3.34
M, 107726042, 6, -152.798019, 811.590393, -163.469818, 1, 0, 0, 0, 4.00
M, 107726042, 7, -130.004486, 811.069763, -167.791565, 1, 0, 0, 0, 4.00
M, 107727083, 0, -313.128296, 818.595215, -181.380768, 1, 0, 0, 0, 4.00
M, 107727083, 1, -240.742249, 810.017334, -165.961472, 1, 0, 0, 0, 4.00
M, 107727083, 2, -316.105804, 817.017822, -224.008881, 1, 0, 0, 0, 3.98
M, 107727083, 3, -211.830902, 810.044678, -161.426987, 1, 0, 0, 0, 4.00
M, 107727083, 4, -268.102417, 816.552917, -175.133820, 1, 0, 0, 0, 4.00
M, 107727083, 5, -176.461395, 810.647705, -162.382736, 1, 0, 0, 0, 4.00
M, 107727083, 6, -152.807785, 811.588623, -163.486374, 1, 0, 0, 0, 3.52
M, 107727083, 7, -130.003571, 811.070557, -167.792664, 1, 0, 0, 0, 4.00
M, 107728125, 0, -313.127472, 818.595825, -181.380051, 1, 0, 0, 0, 4.00
M, 107728125, 1, -240.742584, 810.015869, -165.961411, 1, 0, 0, 0, 4.00
M, 107728125, 2, -316.108063, 817.012634, -224.008926, 1, 0, 0, 0, 4.00
M, 107728125, 3, -211.831055, 810.048462, -161.427460, 1, 0, 0, 0, 3.79
M, 107728125, 4, -268.102478, 816.552246, -175.135513, 1, 0, 0, 0, 4.00
M, 107728125, 5, -176.462494, 810.647461, -162.384415, 1, 0, 0, 0, 4.00
M, 107728125, 6, -152.806458, 811.588562, -163.484528, 1, 0, 0, 0, 4.00
M, 107728125, 7, -130.007294, 811.070984, -167.789963, 1, 0, 0, 0, 3.07
M, 107729167, 0, -313.133911, 818.590454, -181.379990, 1, 0, 0, 0, 3.57
M, 107729167, 1, -240.742874, 810.014221, -165.961288, 1, 0, 0, 0, 4.00
M, 107729167, 2, -316.107697, 817.013794, -224.009415, 1, 0, 0, 0, 4.00
M, 107729167, 3, -211.830032, 810.049500, -161.429001, 1, 0, 0, 0, 4.00
M, 107729167, 4, -268.107727, 816.551392, -175.133255, 1, 0, 0, 0, 3.32
M, 107729167, 5, -176.463562, 810.647217, -162.386078, 1, 0, 0, 0, 4.00
M, 107729167, 6, -152.807739, 811.588074, -163.487030, 1, 0, 0, 0, 4.00
M, 107729167, 7, -130.005615, 811.071899, -167.791718, 1, 0, 0, 0, 4.00
M, 107730208, 0, -313.131866, 818.592102, -181.379166, 1, 0, 0, 0, 4.00
M, 107730208, 1, -240.741806, 810.023499, -165.955505, 1, 0, 0, 0, 3.34
M, 107730208, 2, -316.107330, 817.014832, -224.009949, 1, 0, 0, 0, 4.00
M, 107730208, 3, -211.829285, 810.051147, -161.430252, 1, 0, 0, 0, 4.00
M, 107730208, 4, -268.107025, 816.550781, -175.135635, 1, 0, 0, 0, 4.00
M, 107730208, 5, -176.459091, 810.660461, -162.390610, 1, 0, 0, 0, 3.34
M, 107730208, 6, -152.809052, 811.587402, -163.489548, 1, 0, 0, 0, 4.00
M, 107730208, 7, -130.005203, 811.072571, -167.792404, 1, 0, 0, 0, 4.00
M, 107731250, 0, -313.131805, 818.591980, -181.378510, 1, 0, 0, 0, 4.00
M, 107731250, 1, -240.742340, 810.020081, -165.956375, 1, 0, 0, 0, 4.00
M, 107731250, 2, -316.107117, 817.014893, -224.009949, 1, 0, 0, 0, 3.55
M, 107731250, 3, -211.828583, 810.052673, -161.431564, 1, 0, 0, 0, 4.00
M, 107731250, 4, -268.107605, 816.550171, -175.136948, 1, 0, 0, 0, 4.00
M, 107731250, 5, -176.461121, 810.658081, -162.391800, 1, 0, 0, 0, 4.00
M, 107731250, 6, -152.800674, 811.596069, -163.478455, 1, 0, 0, 0, 3.52
M, 107731250, 7, -130.004791, 811.073364, -167.793121, 1, 0, 0, 0, 4.00
M, 107732292, 0, -313.131775, 818.591919, -181.377899, 1, 0, 0, 0, 4.00
M, 107732292, 1, -240.742493, 810.019897, -165.955688, 1, 0, 0, 0, 4.00
M, 107732292, 2, -316.106689, 817.016296, -224.010422, 1, 0, 0, 0, 4.00
M, 107732292, 3, -211.839844, 810.041138, -161.425400, 1, 0, 0, 0, 3.79
M, 107732292, 4, -268.108307, 816.549622, -175.138199, 1, 0, 0, 0, 4.00
M, 107732292, 5, -176.461624, 810.659241, -162.393799, 1, 0, 0, 0, 4.00
M, 107732292, 6, -152.803558, 811.593933, -163.483200, 1, 0, 0, 0, 4.00
M, 107732292, 7, -130.000015, 811.080872, -167.784912, 1, 0, 0, 0, 3.07
M, 107733333, 0, -313.132294, 818.593140, -181.377396, 1, 0, 0, 0, 3.57
M, 107733333, 1, -240.742615, 810.019592, -165.954971, 1, 0, 0, 0, 4.00
M, 107733333, 2, -316.106384, 817.017212, -224.010864, 1, 0, 0, 0, 4.00
M, 107733333, 3, -211.837128, 810.044983, -161.427933, 1, 0, 0, 0, 4.00
M, 107733333, 4, -268.099548, 816.564270, -175.124130, 1, 0, 0, 0, 3.32
M, 107733333, 5, -176.462097, 810.660583, -162.395798, 1, 0, 0, 0, 4.00
M, 107733333, 6, -152.803802, 811.594421, -163.484238, 1, 0, 0, 0, 4.00
M, 107733333, 7, -130.000320, 811.080566, -167.787094, 1, 0, 0, 0, 4.00
M, 107734375, 0, -313.132111, 818.592834, -181.376709, 1, 0, 0, 0, 4.00
M, 107734375, 1, -240.731903, 810.008850, -165.952972, 1, 0, 0, 0, 3.34
M, 107734375, 2, -316.106018, 817.018250, -224.011322, 1, 0, 0, 0, 4.00
M, 107734375, 3, -211.837723, 810.045166, -161.428436, 1, 0, 0, 0, 4.00
M, 107734375, 4, -268.101776, 816.560974, -175.127945, 1, 0, 0, 0, 4.00
M, 107734375, 5, -176.439514, 810.659302, -162.374512, 1, 0, 0, 0, 3.34
M, 107734375, 6, -152.804031, 811.594971, -163.485214, 1, 0, 0, 0, 4.00
M, 107734375, 7, -129.999420, 811.081970, -167.786804, 1, 0, 0, 0, 4.00
M, 107735417, 0, -313.132172, 818.592896, -181.376114, 1, 0, 0, 0, 4.00
M, 107735417, 1, -240.733871, 810.010132, -165.952499, 1, 0, 0, 0, 4.00
M, 107735417, 2, -316.094543, 817.024841, -224.007568, 1, 0, 0, 0, 3.55
M, 107735417, 3, -211.838287, 810.045471, -161.428925, 1, 0, 0, 0, 4.00
M, 107735417, 4, -268.101410, 816.562012, -175.127579, 1, 0, 0, 0, 4.00
M, 107735417, 5, -176.443832, 810.660950, -162.380356, 1, 0, 0, 0, 4.00
M, 107735417, 6, -152.779831, 811.613770, -163.463074, 1, 0, 0, 0, 3.52
M, 107735417, 7, -129.998581, 811.083496, -167.786560, 1, 0, 0, 0, 4.00
M, 107736458, 0, -313.132233, 818.592834, -181.375519, 1, 0, 0, 0, 4.00
M, 107736458, 1, -240.732834, 810.008789, -165.951691, 1, 0, 0, 0, 4.00
M, 107736458, 2, -316.096008, 817.025024, -224.008636, 1, 0, 0, 0, 4.00
M, 107736458, 3, -211.828094, 810.050232, -161.424774, 1, 0, 0, 0, 3.79
M, 107736458, 4, -268.101105, 816.562927, -175.127197, 1, 0, 0, 0, 4.00
M, 107736458, 5, -176.441803, 810.662109, -162.379822, 1, 0, 0, 0, 4.00
M, 107736458, 6, -152.784103, 811.611267, -163.467911, 1, 0, 0, 0, 4.00
M, 107736458, 7, -129.994858, 811.090454, -167.785339, 1, 0, 0, 0, 3.07
M, 107737500, 0, -313.133362, 818.588867, -181.380234, 1, 0, 0, 0, 3.57
M, 107737500, 1, -240.731857, 810.007141, -165.950851, 1, 0, 0, 0, 4.00
M, 107737500, 2, -316.094482, 817.026672, -224.008575, 1, 0, 0, 0, 4.00
M, 107737500, 3, -211.830429, 810.049683, -161.425964, 1, 0, 0, 0, 4.00
M, 107737500, 4, -268.105804, 816.553040, -175.123825, 1, 0, 0, 0, 3.32
M, 107737500, 5, -176.439774, 810.663025, -162.379257, 1, 0, 0, 0, 4.00
M, 107737500, 6, -152.781662, 811.613831, -163.466354, 1, 0, 0, 0, 4.00
M, 107737500, 7, -129.994476, 811.090942, -167.785248, 1, 0, 0, 0, 4.00
M, 107738542, 0, -313.133240, 818.589417, -181.378799, 1, 0, 0, 0, 4.00
M, 107738542, 1, -240.742340, 810.016418, -165.961945, 1, 0, 0, 0, 3.34
M, 107738542, 2, -316.092804, 817.028442, -224.008575, 1, 0, 0, 0, 4.00
M, 107738542, 3, -211.829834, 810.050415, -161.425964, 1, 0, 0, 0, 4.00
M, 107738542, 4, -268.104492, 816.555908, -175.123917, 1, 0, 0, 0, 4.00
M, 107738542, 5, -176.451141, 810.656982, -162.373444, 1, 0, 0, 0, 3.34
M, 107738542, 6, -152.779205, 811.616272, -163.464859, 1, 0, 0, 0, 4.00
M, 107738542, 7, -129.993286, 811.092896, -167.784897, 1, 0, 0, 0, 4.00
M, 107739583, 0, -313.133423, 818.589050, -181.378738, 1, 0, 0, 0, 4.00
M, 107739583, 1, -240.739426, 810.013123, -165.959137, 1, 0, 0, 0, 4.00
M, 107739583, 2, -316.095886, 817.038208, -224.021988, 1, 0, 0, 0, 3.55
M, 107739583, 3, -211.829239, 810.051147, -161.425903, 1, 0, 0, 0, 4.00
M, 107739583, 4, -268.104736, 816.555725, -175.123230, 1, 0, 0, 0, 4.00
M, 107739583, 5, -176.446869, 810.659058, -162.373749, 1, 0, 0, 0, 4.00
M, 107739583, 6, -152.799301, 811.601990, -163.470825, 1, 0, 0, 0, 3.52
M, 107739583, 7, -129.992096, 811.095032, -167.784500, 1, 0, 0, 0, 4.00
M, 107740625, 0, -313.133606, 818.588562, -181.378708, 1, 0, 0, 0, 4.00
M, 107740625, 1, -240.739655, 810.012695, -165.959610, 1, 0, 0, 0, 4.00
M, 107740625, 2, -316.093628, 817.038513, -224.019775, 1, 0, 0, 0, 4.00
M, 107740625, 3, -211.842194, 810.042725, -161.417023, 1, 0, 0, 0, 3.79
M, 107740625, 4, -268.104919, 816.555664, -175.122482, 1, 0, 0, 0, 4.00
M, 107740625, 5, -176.446335, 810.659241, -162.372665, 1, 0, 0, 0, 4.00
M, 107740625, 6, -152.793106, 811.607361, -163.468018, 1, 0, 0, 0, 4.00
M, 107740625, 7, -130.006180, 811.077576, -167.772171, 1, 0, 0, 0, 3.07
M, 107741667, 0, -313.127594, 818.597839, -181.375290, 1, 0, 0, 0, 3.57
M, 107741667, 1, -240.739899, 810.012451, -165.960098, 1, 0, 0, 0, 4.00
M, 107741667, 2, -316.092499, 817.041138, -224.021179, 1, 0, 0, 0, 4.00
M, 107741667, 3, -211.839371, 810.044922, -161.418457, 1, 0, 0, 0, 4.00
M, 107741667, 4, -268.097656, 816.568970, -175.109024, 1, 0, 0, 0, 3.32
M, 107741667, 5, -176.445801, 810.659424, -162.371536, 1, 0, 0, 0, 4.00
M, 107741667, 6, -152.793106, 811.608032, -163.467300, 1, 0, 0, 0, 4.00
M, 107741667, 7, -130.002518, 811.082703, -167.773773, 1, 0, 0, 0, 4.00
M, 107742708, 0, -313.128662, 818.595947, -181.375824, 1, 0, 0, 0, 4.00
M, 107742708, 1, -240.730835, 810.021118, -165.945129, 1, 0, 0, 0, 3.34
M, 107742708, 2, -316.091431, 817.043701, -224.022614, 1, 0, 0, 0, 4.00
M, 107742708, 3, -211.840256, 810.044617, -161.417511, 1, 0, 0, 0, 4.00
M, 107742708, 4, -268.099091, 816.566589, -175.110413, 1, 0, 0, 0, 4.00
M, 107742708, 5, -176.440292, 810.670471, -162.365540, 1, 0, 0, 0, 3.34
M, 107742708, 6, -152.793137, 811.608765, -163.466629, 1, 0, 0, 0, 4.00
M, 107742708, 7, -130.002991, 811.082642, -167.772110, 1, 0, 0, 0, 4.00
M, 107743750, 0, -313.128174, 818.596497, -181.375366, 1, 0, 0, 0, 4.00
M, 107743750, 1, -240.732559, 810.019470, -165.948120, 1, 0, 0, 0, 4.00
M, 107743750, 2, -316.096008, 817.036682, -224.008392, 1, 0, 0, 0, 3.55
M, 107743750, 3, -211.841125, 810.044373, -161.416550, 1, 0, 0, 0, 4.00
M, 107743750, 4, -268.098419, 816.567932, -175.108337, 1, 0, 0, 0, 4.00
M, 107743750, 5, -176.440582, 810.668701, -162.365250, 1, 0, 0, 0, 4.00
M, 107743750, 6, -152.783142, 811.617432, -163.462296, 1, 0, 0, 0, 3.52
M, 107743750, 7, -130.003510, 811.082581, -167.770462, 1, 0, 0, 0, 4.00
M, 107744792, 0, -313.127594, 818.597229, -181.374954, 1, 0, 0, 0, 4.00
M, 107744792, 1, -240.731796, 810.020203, -165.946884, 1, 0, 0, 0, 4.00
M, 107744792, 2, -316.094055, 817.040833, -224.012451, 1, 0, 0, 0, 4.00
M, 107744792, 3, -211.827591, 810.045593, -161.411835, 1, 0, 0, 0, 3.96
M, 107744792, 4, -268.097839, 816.569153, -175.106247, 1, 0, 0, 0, 4.00
M, 107744792, 5, -176.439423, 810.670166, -162.363556, 1, 0, 0, 0, 4.00
M, 107744792, 6, -152.784790, 811.616760, -163.462189, 1, 0, 0, 0, 4.00
M, 107744792, 7, -130.009796, 811.079956, -167.773682, 1, 0, 0, 0, 3.07
M, 107745833, 0, -313.136932, 818.607239, -181.379166, 1, 0, 0, 0, 3.57
M, 107745833, 1, -240.730957, 810.020874, -165.945663, 1, 0, 0, 0, 4.00
M, 107745833, 2, -316.093628, 817.042236, -224.012146, 1, 0, 0, 0, 4.00
M, 107745833, 3, -211.830811, 810.045044, -161.411423, 1, 0, 0, 0, 4.00
M, 107745833, 4, -268.103912, 816.566284, -175.117599, 1, 0, 0, 0, 3.32
M, 107745833, 5, -176.438354, 810.671387, -162.361908, 1, 0, 0, 0, 4.00
M, 107745833, 6, -152.783737, 811.618347, -163.461105, 1, 0, 0, 0, 4.00
M, 107745833, 7, -130.009262, 811.080322, -167.771179, 1, 0, 0, 0, 4.00
M, 107746875, 0, -313.134796, 818.606262, -181.377960, 1, 0, 0, 0, 4.00
M, 107746875, 1, -240.736496, 810.020264, -165.952667, 1, 0, 0, 0, 3.34
M, 107746875, 2, -316.093170, 817.043762, -224.011887, 1, 0, 0, 0, 4.00
M, 107746875, 3, -211.830093, 810.045044, -161.410019, 1, 0, 0, 0, 4.00
M, 107746875, 4, -268.102112, 816.568298, -175.113251, 1, 0, 0, 0, 4.00
M, 107746875, 5, -176.454834, 810.659790, -162.369629, 1, 0, 0, 0, 3.34
M, 107746875, 6, -152.782639, 811.619934, -163.459976, 1, 0, 0, 0, 4.00
M, 107746875, 7, -130.010422, 811.079956, -167.770050, 1, 0, 0, 0, 4.00
M, 107747917, 0, -313.135345, 818.607849, -181.378082, 1, 0, 0, 0, 4.00
M, 107747917, 1, -240.734650, 810.021301, -165.950073, 1, 0, 0, 0, 4.00
M, 107747917, 2, -316.097748, 817.039673, -224.007324, 1, 0, 0, 0, 3.55
M, 107747917, 3, -211.829376, 810.045044, -161.408630, 1, 0, 0, 0, 4.00
M, 107747917, 4, -268.102234, 816.569214, -175.112625, 1, 0, 0, 0, 4.00
M, 107747917, 5, -176.450867, 810.663147, -162.366409, 1, 0, 0, 0, 4.00
M, 107747917, 6, -152.796646, 811.605164, -163.466599, 1, 0, 0, 0, 3.52
M, 107747917, 7, -130.011520, 811.079590, -167.768951, 1, 0, 0, 0, 4.00
M, 107748958, 0, -313.135925, 818.609558, -181.378143, 1, 0, 0, 0, 4.00
M, 107748958, 1, -240.734528, 810.021790, -165.949783, 1, 0, 0, 0, 4.00
M, 107748958, 2, -316.096497, 817.041931, -224.007736, 1, 0, 0, 0, 4.00
M, 107748958, 3, -211.832474, 810.040100, -161.408020, 1, 0, 0, 0, 3.79
M, 107748958, 4, -268.102356, 816.569946, -175.112030, 1, 0, 0, 0, 4.00
M, 107748958, 5, -176.451645, 810.663147, -162.365784, 1, 0, 0, 0, 4.00
M, 107748958, 6, -152.793137, 811.609314, -163.464203, 1, 0, 0, 0, 4.00
M, 107748958, 7, -130.020370, 811.068848, -167.778214, 1, 0, 0, 0, 3.07
M, 107750000, 0, -313.139404, 818.588013, -181.375824, 1, 0, 0, 0, 3.57
M, 107750000, 1, -240.734421, 810.022339, -165.949417, 1, 0, 0, 0, 4.00
M, 107750000, 2, -316.096619, 817.042786, -224.007019, 1, 0, 0, 0, 4.00
M, 107750000, 3, -211.831177, 810.040710, -161.406509, 1, 0, 0, 0, 4.00
M, 107750000, 4, -268.103668, 816.556274, -175.116653, 1, 0, 0, 0, 3.32
M, 107750000, 5, -176.452530, 810.662964, -162.365158, 1, 0, 0, 0, 4.00
M, 107750000, 6, -152.793701, 811.609070, -163.463974, 1, 0, 0, 0, 4.00
M, 107750000, 7, -130.020218, 811.070190, -167.775360, 1, 0, 0, 0, 4.00
M, 107751042, 0, -313.139435, 818.593445, -181.376358, 1, 0, 0, 0, 4.00
M, 107751042, 1, -240.744812, 810.019348, -165.941132, 1, 0, 0, 0, 3.34
M, 107751042, 2, -316.096741, 817.043701, -224.006317, 1, 0, 0, 0, 4.00
M, 107751042, 3, -211.830872, 810.040039, -161.405167, 1, 0, 0, 0, 4.00
M, 107751042, 4, -268.103546, 816.559448, -175.115189, 1, 0, 0, 0, 4.00
M, 107751042, 5, -176.452652, 810.657593, -162.361191, 1, 0, 0, 0, 3.34
M, 107751042, 6, -152.794266, 811.608887, -163.463669, 1, 0, 0, 0, 4.00
M, 107751042, 7, -130.022125, 811.068848, -167.775360, 1, 0, 0, 0, 4.00
M, 107752083, 0, -313.140350, 818.592590, -181.376175, 1, 0, 0, 0, 4.00
M, 107752083, 1, -240.742966, 810.020508, -165.942123, 1, 0, 0, 0, 4.00
M, 107752083, 2, -316.088989, 817.034119, -224.006546, 1, 0, 0, 0, 3.55
M, 107752083, 3, -211.830627, 810.039368, -161.403915, 1, 0, 0, 0, 4.00
M, 107752083, 4, -268.103790, 816.558838, -175.115097, 1, 0, 0, 0, 4.00
M, 107752083, 5, -176.453552, 810.658508, -162.361099, 1, 0, 0, 0, 4.00
M, 107752083, 6, -152.803207, 811.588623, -163.472580, 1, 0, 0, 0, 3.52
M, 107752083, 7, -130.024094, 811.067322, -167.775360, 1, 0, 0, 0, 4.00
M, 107753125, 0, -313.141235, 818.591675, -181.376022, 1, 0, 0, 0, 4.00
M, 107753125, 1, -240.744003, 810.020691, -165.940903, 1, 0, 0, 0, 4.00
M, 107753125, 2, -316.090363, 817.036804, -224.005630, 1, 0, 0, 0, 4.00
M, 107753125, 3, -211.824280, 810.052368, -161.409134, 1, 0, 0, 0, 3.79
M, 107753125, 4, -268.104034, 816.558105, -175.115067, 1, 0, 0, 0, 4.00
M, 107753125, 5, -176.454269, 810.657959, -162.360092, 1, 0, 0, 0, 4.00
M, 107753125, 6, -152.802368, 811.591736, -163.470825, 1, 0, 0, 0, 4.00
M, 107753125, 7, -130.012802, 811.068726, -167.773834, 1, 0, 0, 0, 3.07
M, 107754167, 0, -313.142365, 818.586060, -181.380585, 1, 0, 0, 0, 3.57
M, 107754167, 1, -240.745056, 810.020813, -165.939713, 1, 0, 0, 0, 4.00
M, 107754167, 2, -316.089569, 817.036560, -224.005005, 1, 0, 0, 0, 4.00
M, 107754167, 3, -211.825027, 810.049500, -161.406723, 1, 0, 0, 0, 4.00
M, 107754167, 4, -268.099274, 816.558655, -175.101776, 1, 0, 0, 0, 3.32
M, 107754167, 5, -176.455032, 810.657227, -162.359116, 1, 0, 0, 0, 4.00
M, 107754167, 6, -152.803833, 811.589355, -163.471542, 1, 0, 0, 0, 4.00
M, 107754167, 7, -130.016891, 811.066956, -167.774094, 1, 0, 0, 0, 4.00
M, 107755208, 0, -313.143097, 818.585999, -181.379639, 1, 0, 0, 0, 4.00
M, 107755208, 1, -240.738373, 810.011658, -165.937408, 1, 0, 0, 0, 3.34
M, 107755208, 2, -316.088867, 817.036377, -224.004379, 1, 0, 0, 0, 4.00
M, 107755208, 3, -211.824020, 810.050415, -161.406113, 1, 0, 0, 0, 4.00
M, 107755208, 4, -268.100281, 816.557861, -175.103867, 1, 0, 0, 0, 4.00
M, 107755208, 5, -176.448334, 810.655579, -162.368256, 1, 0, 0, 0, 3.34
M, 107755208, 6, -152.805313, 811.586914, -163.472290, 1, 0, 0, 0, 4.00
M, 107755208, 7, -130.017456, 811.065674, -167.773926, 1, 0, 0, 0, 4.00
M, 107756250, 0, -313.144043, 818.584656, -181.379990, 1, 0, 0, 0, 4.00
M, 107756250, 1, -240.740738, 810.013245, -165.936432, 1, 0, 0, 0, 4.00
M, 107756250, 2, -316.097809, 817.026123, -224.017639, 1, 0, 0, 0, 3.55
M, 107756250, 3, -211.823090, 810.051270, -161.405518, 1, 0, 0, 0, 4.00
M, 107756250, 4, -268.099976, 816.557251, -175.102371, 1, 0, 0, 0, 4.00
M, 107756250, 5, -176.450272, 810.655273, -162.365570, 1, 0, 0, 0, 4.00
M, 107756250, 6, -152.786209, 811.604553, -163.465698, 1, 0, 0, 0, 3.52
M, 107756250, 7, -130.017960, 811.064514, -167.773743, 1, 0, 0, 0, 4.00
M, 107757292, 0, -313.144928, 818.583313, -181.380325, 1, 0, 0, 0, 4.00
M, 107757292, 1, -240.740936, 810.012329, -165.935120, 1, 0, 0, 0, 4.00
M, 107757292, 2, -316.095490, 817.027527, -224.014771, 1, 0, 0, 0, 4.00
M, 107757292, 3, -211.836411, 810.040466, -161.422516, 1, 0, 0, 0, 3.79
M, 107757292, 4, -268.099609, 816.556641, -175.100906, 1, 0, 0, 0, 4.00
M, 107757292, 5, -176.450241, 810.654480, -162.365692, 1, 0, 0, 0, 4.00
M, 107757292, 6, -152.791138, 811.598816, -163.467667, 1, 0, 0, 0, 4.00
M, 107757292, 7, -130.005554, 811.072754, -167.775894, 1, 0, 0, 0, 3.07
M, 107758333, 0, -313.149994, 818.585754, -181.377396, 1, 0, 0, 0, 3.57
M, 107758333, 1, -240.741150, 810.011536, -165.933807, 1, 0, 0, 0, 4.00
M, 107758333, 2, -316.095795, 817.026245, -224.015610, 1, 0, 0, 0, 4.00
M, 107758333, 3, -211.833130, 810.043152, -161.418991, 1, 0, 0, 0, 4.00
M, 107758333, 4, -268.101471, 816.554504, -175.115723, 1, 0, 0, 0, 3.32
M, 107758333, 5, -176.450180, 810.653625, -162.365814, 1, 0, 0, 0, 4.00
M, 107758333, 6, -152.790359, 811.598572, -163.467606, 1, 0, 0, 0, 4.00
M, 107758333, 7, -130.008179, 811.070068, -167.775360, 1, 0, 0, 0, 4.00
M, 107759375, 0, -313.150238, 818.583740, -181.378296, 1, 0, 0, 0, 4.00
M, 107759375, 1, -240.741333, 810.028748, -165.961105, 1, 0, 0, 0, 3.68
M, 107759375, 2, -316.096069, 817.024902, -224.016479, 1, 0, 0, 0, 4.00
M, 107759375, 3, -211.833725, 810.042725, -161.420303, 1, 0, 0, 0, 4.00
M, 107759375, 4, -268.100800, 816.554199, -175.111557, 1, 0, 0, 0, 4.00
M, 107759375, 5, -176.450928, 810.661377, -162.377670, 1, 0, 0, 0, 3.34
M, 107759375, 6, -152.789612, 811.598328, -163.467514, 1, 0, 0, 0, 4.00
M, 107759375, 7, -130.007294, 811.069946, -167.775406, 1, 0, 0, 0, 4.00
M, 107760417, 0, -313.151550, 818.582642, -181.378265, 1, 0, 0, 0, 4.00
M, 107760417, 1, -240.741531, 810.024841, -165.955032, 1, 0, 0, 0, 4.00
M, 107760417, 2, -316.105133, 817.018494, -224.005173, 1, 0, 0, 0, 3.55
M, 107760417, 3, -211.834335, 810.042480, -161.421616, 1, 0, 0, 0, 4.00
M, 107760417, 4, -268.100677, 816.553406, -175.111847, 1, 0, 0, 0, 4.00
M, 107760417, 5, -176.450745, 810.659302, -162.375824, 1, 0, 0, 0, 4.00
M, 107760417, 6, -152.810181, 811.579834, -163.483551, 1, 0, 0, 0, 3.52
M, 107760417, 7, -130.006393, 811.069824, -167.775528, 1, 0, 0, 0, 4.00
M, 107761458, 0, -313.152924, 818.581665, -181.378265, 1, 0, 0, 0, 4.00
M, 107761458, 1, -240.741745, 810.026001, -165.956879, 1, 0, 0, 0, 4.00
M, 107761458, 2, -316.104004, 817.018066, -224.008041, 1, 0, 0, 0, 4.00
M, 107761458, 3, -211.842102, 810.039307, -161.429581, 1, 0, 0, 0, 3.79
M, 107761458, 4, -268.100586, 816.552795, -175.112122, 1, 0, 0, 0, 4.00
M, 107761458, 5, -176.450745, 810.659546, -162.377197, 1, 0, 0, 0, 4.00
M, 107761458, 6, -152.805908, 811.582642, -163.480835, 1, 0, 0, 0, 4.00
M, 107761458, 7, -130.011993, 811.070313, -167.781525, 1, 0, 0, 0, 3.07
M, 107762500, 0, -313.143616, 818.580017, -181.380493, 1, 0, 0, 0, 3.57
M, 107762500, 1, -240.741959, 810.027100, -165.958664, 1, 0, 0, 0, 4.00
M, 107762500, 2, -316.105255, 817.016113, -224.007629, 1, 0, 0, 0, 4.00
M, 107762500, 3, -211.841537, 810.039307, -161.429779, 1, 0, 0, 0, 4.00
M, 107762500, 4, -268.096100, 816.559814, -175.114807, 1, 0, 0, 0, 3.60
M, 107762500, 5, -176.450745, 810.659729, -162.378571, 1, 0, 0, 0, 4.00
M, 107762500, 6, -152.807495, 811.580322, -163.482544, 1, 0, 0, 0, 4.00
M, 107762500, 7, -130.010025, 811.070007, -167.780594, 1, 0, 0, 0, 4.00
M, 107763542, 0, -313.146790, 818.579102, -181.380173, 1, 0, 0, 0, 4.00
M, 107763542, 1, -240.742462, 810.026184, -165.950790, 1, 0, 0, 0, 3.68
M, 107763542, 2, -316.106567, 817.014160, -224.007202, 1, 0, 0, 0, 4.00
M, 107763542, 3, -211.842911, 810.038635, -161.431808, 1, 0, 0, 0, 4.00
M, 107763542, 4, -268.096771, 816.557739, -175.114685, 1, 0, 0, 0, 4.00
M, 107763542, 5, -176.450745, 810.664612, -162.375473, 1, 0, 0, 0, 3.34
M, 107763542, 6, -152.809052, 811.578186, -163.484238, 1, 0, 0, 0, 4.00
M, 107763542, 7, -130.009857, 811.069946, -167.781372, 1, 0, 0, 0, 4.00
M, 107764583, 0, -313.147034, 818.578003, -181.380417, 1, 0, 0, 0, 4.00
M, 107764583, 1, -240.742615, 810.027527, -165.954193, 1, 0, 0, 0, 4.00
M, 107764583, 2, -316.119080, 817.013794, -224.024902, 1, 0, 0, 0, 3.55
M, 107764583, 3, -211.844345, 810.037903, -161.433899, 1, 0, 0, 0, 4.00
M, 107764583, 4, -268.096161, 816.557800, -175.115219, 1, 0, 0, 0, 4.00
M, 107764583, 5, -176.450806, 810.663879, -162.377609, 1, 0, 0, 0, 4.00
M, 107764583, 6, -152.813126, 811.580139, -163.485733, 1, 0, 0, 0, 3.52
M, 107764583, 7, -130.009644, 811.069946, -167.782089, 1, 0, 0, 0, 4.00
M, 107765625, 0, -313.147125, 818.577026, -181.380646, 1, 0, 0, 0, 4.00
M, 107765625, 1, -240.742844, 810.028442, -165.954910, 1, 0, 0, 0, 4.00
M, 107765625, 2, -316.118500, 817.011719, -224.021454, 1, 0, 0, 0, 4.00
M, 107765625, 3, -211.846878, 810.033142, -161.432938, 1, 0, 0, 0, 3.79
M, 107765625, 4, -268.095612, 816.557800, -175.115784, 1, 0, 0, 0, 4.00
M, 107765625, 5, -176.450806, 810.664673, -162.378510, 1, 0, 0, 0, 4.00
M, 107765625, 6, -152.814285, 811.577209, -163.487457, 1, 0, 0, 0, 4.00
M, 107765625, 7, -130.017365, 811.071594, -167.794159, 1, 0, 0, 0, 3.07
M, 107766667, 0, -313.131866, 818.588257, -181.377670, 1, 0, 0, 0, 3.57
M, 107766667, 1, -240.743118, 810.029297, -165.955688, 1, 0, 0, 0, 4.00
M, 107766667, 2, -316.121063, 817.009949, -224.022995, 1, 0, 0, 0, 4.00
M, 107766667, 3, -211.848068, 810.033081, -161.435440, 1, 0, 0, 0, 4.00
M, 107766667, 4, -268.104401, 816.547363, -175.123718, 1, 0, 0, 0, 3.32
M, 107766667, 5, -176.450836, 810.665222, -162.379410, 1, 0, 0, 0, 4.00
M, 107766667, 6, -152.816132, 811.575562, -163.489120, 1, 0, 0, 0, 4.00
M, 107766667, 7, -130.015900, 811.071167, -167.793060, 1, 0, 0, 0, 4.00
M, 107767708, 0, -313.134613, 818.585083, -181.378448, 1, 0, 0, 0, 4.00
M, 107767708, 1, -240.741211, 810.027283, -165.954193, 1, 0, 0, 0, 3.34
M, 107767708, 2, -316.123505, 817.008240, -224.024551, 1, 0, 0, 0, 4.00
M, 107767708, 3, -211.849609, 810.031982, -161.437210, 1, 0, 0, 0, 4.00
M, 107767708, 4, -268.102234, 816.549194, -175.123001, 1, 0, 0, 0, 4.00
M, 107767708, 5, -176.454468, 810.662231, -162.375916, 1, 0, 0, 0, 3.34
M, 107767708, 6, -152.817978, 811.573730, -163.490829, 1, 0, 0, 0, 4.00
M, 107767708, 7, -130.016556, 811.071350, -167.794998, 1, 0, 0, 0, 4.00
M, 107768750, 0, -313.133179, 818.585449, -181.378326, 1, 0, 0, 0, 4.00
M, 107768750, 1, -240.741806, 810.028687, -165.955322, 1, 0, 0, 0, 4.00
M, 107768750, 2, -316.096985, 817.023132, -224.015198, 1, 0, 0, 0, 3.55
M, 107768750, 3, -211.851135, 810.030762, -161.438904, 1, 0, 0, 0, 4.00
M, 107768750, 4, -268.102783, 816.548035, -175.124359, 1, 0, 0, 0, 4.00
M, 107768750, 5, -176.453903, 810.663452, -162.377563, 1, 0, 0, 0, 4.00
M, 107768750, 6, -152.793015, 811.590698, -163.476898, 1, 0, 0, 0, 3.52
M, 107768750, 7, -130.017242, 811.071472, -167.796982, 1, 0, 0, 0, 4.00
M, 107769792, 0, -313.131653, 818.585754, -181.378204, 1, 0, 0, 0, 4.00
M, 107769792, 1, -240.741806, 810.029297, -165.955856, 1, 0, 0, 0, 4.00
M, 107769792, 2, -316.104248, 817.018616, -224.018555, 1, 0, 0, 0, 4.00
M, 107769792, 3, -211.835526, 810.042297, -161.423233, 1, 0, 0, 0, 3.79
M, 107769792, 4, -268.103210, 816.546997, -175.125671, 1, 0, 0, 0, 4.00
M, 107769792, 5, -176.454330, 810.663818, -162.377975, 1, 0, 0, 0, 4.00
M, 107769792, 6, -152.799271, 811.585938, -163.481171, 1, 0, 0, 0, 4.00
M, 107769792, 7, -130.009201, 811.074158, -167.783401, 1, 0, 0, 0, 3.07
M, 107770833, 0, -313.130615, 818.580017, -181.374802, 1, 0, 0, 0, 3.57
M, 107770833, 1, -240.741806, 810.029785, -165.956345, 1, 0, 0, 0, 4.00
M, 107770833, 2, -316.103577, 817.018738, -224.018890, 1, 0, 0, 0, 4.00
M, 107770833, 3, -211.839874, 810.039001, -161.427872, 1, 0, 0, 0, 4.00
M, 107770833, 4, -268.107025, 816.550964, -175.126038, 1, 0, 0, 0, 3.32
M, 107770833, 5, -176.454742, 810.664124, -162.378387, 1, 0, 0, 0, 4.00
M, 107770833, 6, -152.798172, 811.586182, -163.481110, 1, 0, 0, 0, 4.00
M, 107770833, 7, -130.011307, 811.073914, -167.787903, 1, 0, 0, 0, 4.00
M, 107771875, 0, -313.129089, 818.581299, -181.375259, 1, 0, 0, 0, 4.00
M, 107771875, 1, -240.751999, 810.011169, -165.965576, 1, 0, 0, 0, 3.34
M, 107771875, 2, -316.102936, 817.018860, -224.019241, 1, 0, 0, 0, 4.00
M, 107771875, 3, -211.839539, 810.039307, -161.427719, 1, 0, 0, 0, 4.00
M, 107771875, 4, -268.106903, 816.549072, -175.127579, 1, 0, 0, 0, 4.00
M, 107771875, 5, -176.458908, 810.651062, -162.383881, 1, 0, 0, 0, 3.34
M, 107771875, 6, -152.797058, 811.586487, -163.481110, 1, 0, 0, 0, 4.00
M, 107771875, 7, -130.010986, 811.074463, -167.788162, 1, 0, 0, 0, 4.00
M, 107772917, 0, -313.127594, 818.580933, -181.374741, 1, 0, 0, 0, 4.00
M, 107772917, 1, -240.750381, 810.014771, -165.964676, 1, 0, 0, 0, 4.00
M, 107772917, 2, -316.106384, 817.021545, -224.022995, 1, 0, 0, 0, 3.55
M, 107772917, 3, -211.839218, 810.039551, -161.427551, 1, 0, 0, 0, 4.00
M, 107772917, 4, -268.107727, 816.548523, -175.128784, 1, 0, 0, 0, 4.00
M, 107772917, 5, -176.458649, 810.653687, -162.383392, 1, 0, 0, 0, 4.00
M, 107772917, 6, -152.802612, 811.580750, -163.485077, 1, 0, 0, 0, 3.52
M, 107772917, 7, -130.010742, 811.074890, -167.788467, 1, 0, 0, 0, 4.00
M, 107773958, 0, -313.126221, 818.580566, -181.374298, 1, 0, 0, 0, 4.00
M, 107773958, 1, -240.751465, 810.013306, -165.966171, 1, 0, 0, 0, 4.00
M, 107773958, 2, -316.105072, 817.021118, -224.022827, 1, 0, 0, 0, 4.00
M, 107773958, 3, -211.843262, 810.038513, -161.430145, 1, 0, 0, 0, 3.79
M, 107773958, 4, -268.108490, 816.548157, -175.130035, 1, 0, 0, 0, 4.00
M, 107773958, 5, -176.459457, 810.652527, -162.384415, 1, 0, 0, 0, 4.00
M, 107773958, 6, -152.800400, 811.582092, -163.484360, 1, 0, 0, 0, 4.00
M, 107773958, 7, -130.017548, 811.063843, -167.781464, 1, 0, 0, 0, 3.07
M, 107775000, 0, -313.136169, 818.584534, -181.369568, 1, 0, 0, 0, 3.57
M, 107775000, 1, -240.752594, 810.011902, -165.967636, 1, 0, 0, 0, 4.00
M, 107775000, 2, -316.104828, 817.021423, -224.023544, 1, 0, 0, 0, 4.00
M, 107775000, 3, -211.842194, 810.039001, -161.429489, 1, 0, 0, 0, 4.00
M, 107775000, 4, -268.103027, 816.547485, -175.117874, 1, 0, 0, 0, 3.32
M, 107775000, 5, -176.460312, 810.651306, -162.385361, 1, 0, 0, 0, 4.00
M, 107775000, 6, -152.799988, 811.581787, -163.484772, 1, 0, 0, 0, 4.00
M, 107775000, 7, -130.016113, 811.066101, -167.782990, 1, 0, 0, 0, 4.00
M, 107776042, 0, -313.132843, 818.583496, -181.369736, 1, 0, 0, 0, 4.00
M, 107776042, 1, -240.736679, 810.019714, -165.946747, 1, 0, 0, 0, 3.68
M, 107776042, 2, -316.104706, 817.021790, -224.024307, 1, 0, 0, 0, 4.00
M, 107776042, 3, -211.842316, 810.039063, -161.429611, 1, 0, 0, 0, 4.00
M, 107776042, 4, -268.104858, 816.546997, -175.121323, 1, 0, 0, 0, 4.00
M, 107776042, 5, -176.447586, 810.665466, -162.371292, 1, 0, 0, 0, 3.34
M, 107776042, 6, -152.799591, 811.581482, -163.485184, 1, 0, 0, 0, 4.00
M, 107776042, 7, -130.016586, 811.065247, -167.782440, 1, 0, 0, 0, 4.00
M, 107777083, 0, -313.132599, 818.583679, -181.368820, 1, 0, 0, 0, 4.00
M, 107777083, 1, -240.740585, 810.016663, -165.951935, 1, 0, 0, 0, 4.00
M, 107777083, 2, -316.091492, 817.030579, -224.011978, 1, 0, 0, 0, 3.55
M, 107777083, 3, -211.842438, 810.039124, -161.429718, 1, 0, 0, 0, 4.00
M, 107777083, 4, -268.105042, 816.546448, -175.121155, 1, 0, 0, 0, 4.00
M, 107777083, 5, -176.450623, 810.661804, -162.374756, 1, 0, 0, 0, 4.00
M, 107777083, 6, -152.797714, 811.595764, -163.476837, 1, 0, 0, 0, 3.52
M, 107777083, 7, -130.017059, 811.064514, -167.781906, 1, 0, 0, 0, 4.00
M, 107778125, 0, -313.132355, 818.583923, -181.367889, 1, 0, 0, 0, 4.00
M, 107778125, 1, -240.739868, 810.016235, -165.950943, 1, 0, 0, 0, 4.00
M, 107778125, 2, -316.093384, 817.029663, -224.014893, 1, 0, 0, 0, 4.00
M, 107778125, 3, -211.824081, 810.046143, -161.414459, 1, 0, 0, 0, 3.79
M, 107778125, 4, -268.105225, 816.546021, -175.120911, 1, 0, 0, 0, 4.00
M, 107778125, 5, -176.449997, 810.662170, -162.374100, 1, 0, 0, 0, 4.00
M, 107778125, 6, -152.797653, 811.592896, -163.478699, 1, 0, 0, 0, 4.00
M, 107778125, 7, -130.013550, 811.077515, -167.780151, 1, 0, 0, 0, 3.07
M, 107779167, 0, -313.138092, 818.598450, -181.378677, 1, 0, 0, 0, 3.57
M, 107779167, 1, -240.739120, 810.015747, -165.949966, 1, 0, 0, 0, 4.00
M, 107779167, 2, -316.091736, 817.030945, -224.014175, 1, 0, 0, 0, 4.00
M, 107779167, 3, -211.827271, 810.044983, -161.417145, 1, 0, 0, 0, 4.00
M, 107779167, 4, -268.106659, 816.554993, -175.121506, 1, 0, 0, 0, 3.32
M, 107779167, 5, -176.449341, 810.662720, -162.373444, 1, 0, 0, 0, 4.00
M, 107779167, 6, -152.797119, 811.594177, -163.478180, 1, 0, 0, 0, 4.00
M, 107779167, 7, -130.014679, 811.074402, -167.779846, 1, 0, 0, 0, 4.00
M, 107780208, 0, -313.136871, 818.596313, -181.375824, 1, 0, 0, 0, 4.00
M, 107780208, 1, -240.736557, 810.012512, -165.941742, 1, 0, 0, 0, 3.45
M, 107780208, 2, -316.090057, 817.032349, -224.013428, 1, 0, 0, 0, 4.00
M, 107780208, 3, -211.825394, 810.045898, -161.415543, 1, 0, 0, 0, 4.00
M, 107780208, 4, -268.106659, 816.552795, -175.121155, 1, 0, 0, 0, 4.00
M, 107780208, 5, -176.460052, 810.663025, -162.380264, 1, 0, 0, 0, 3.34
M, 107780208, 6, -152.796646, 811.595276, -163.477615, 1, 0, 0, 0, 4.00
M, 107780208, 7, -130.014709, 811.075012, -167.779175, 1, 0, 0, 0, 4.00
M, 107781250, 0, -313.137299, 818.597900, -181.376114, 1, 0, 0, 0, 4.00
M, 107781250, 1, -240.736115, 810.012390, -165.941971, 1, 0, 0, 0, 4.00
M, 107781250, 2, -316.099609, 817.026672, -224.016022, 1, 0, 0, 0, 3.55
M, 107781250, 3, -211.823486, 810.046814, -161.413986, 1, 0, 0, 0, 4.00
M, 107781250, 4, -268.106903, 816.553223, -175.121033, 1, 0, 0, 0, 4.00
M, 107781250, 5, -176.457581, 810.663391, -162.378387, 1, 0, 0, 0, 4.00
M, 107781250, 6, -152.798340, 811.597046, -163.475952, 1, 0, 0, 0, 3.52
M, 107781250, 7, -130.014740, 811.075684, -167.778519, 1, 0, 0, 0, 4.00
M, 107782292, 0, -313.137726, 818.599731, -181.376480, 1, 0, 0, 0, 4.00
M, 107782292, 1, -240.735184, 810.011658, -165.940186, 1, 0, 0, 0, 4.00
M, 107782292, 2, -316.096191, 817.029053, -224.014832, 1, 0, 0, 0, 4.00
M, 107782292, 3, -211.837372, 810.047729, -161.423019, 1, 0, 0, 0, 3.79
M, 107782292, 4, -268.107239, 816.553711, -175.120911, 1, 0, 0, 0, 4.00
M, 107782292, 5, -176.458145, 810.663879, -162.378510, 1, 0, 0, 0, 4.00
M, 107782292, 6, -152.797455, 811.598328, -163.475616, 1, 0, 0, 0, 4.00
M, 107782292, 7, -130.015991, 811.070801, -167.773560, 1, 0, 0, 0, 3.07
M, 107783333, 0, -313.129608, 818.591736, -181.373489, 1, 0, 0, 0, 3.57
M, 107783333, 1, -240.734268, 810.010803, -165.938461, 1, 0, 0, 0, 4.00
M, 107783333, 2, -316.095795, 817.029541, -224.014481, 1, 0, 0, 0, 4.00
M, 107783333, 3, -211.832932, 810.048401, -161.419739, 1, 0, 0, 0, 4.00
M, 107783333, 4, -268.111786, 816.541443, -175.111343, 1, 0, 0, 0, 3.32
M, 107783333, 5, -176.458740, 810.664307, -162.378693, 1, 0, 0, 0, 4.00
M, 107783333, 6, -152.797119, 811.599670, -163.474930, 1, 0, 0, 0, 4.00
M, 107783333, 7, -130.015839, 811.072449, -167.773621, 1, 0, 0, 0, 4.00
M, 107784375, 0, -313.131470, 818.594971, -181.374359, 1, 0, 0, 0, 4.00
M, 107784375, 1, -240.736115, 810.022766, -165.937973, 1, 0, 0, 0, 3.34
M, 107784375, 2, -316.095428, 817.030029, -224.014175, 1, 0, 0, 0, 4.00
M, 107784375, 3, -211.832718, 810.049255, -161.419357, 1, 0, 0, 0, 4.00
M, 107784375, 4, -268.111359, 816.544189, -175.112778, 1, 0, 0, 0, 4.00
M, 107784375, 5, -176.450424, 810.656555, -162.369537, 1, 0, 0, 0, 3.34
M, 107784375, 6, -152.796860, 811.601074, -163.474289, 1, 0, 0, 0, 4.00
M, 107784375, 7, -130.016052, 811.072449, -167.772522, 1, 0, 0, 0, 4.00
M, 107785417, 0, -313.130920, 818.595581, -181.374359, 1, 0, 0, 0, 4.00
M, 107785417, 1, -240.734711, 810.019897, -165.936020, 1, 0, 0, 0, 4.00
M, 107785417, 2, -316.099487, 817.022583, -224.006546, 1, 0, 0, 0, 3.55
M, 107785417, 3, -211.832596, 810.050110, -161.418991, 1, 0, 0, 0, 4.00
M, 107785417, 4, -268.112122, 816.543152, -175.111588, 1, 0, 0, 0, 4.00
M, 107785417, 5, -176.452423, 810.658508, -162.371216, 1, 0, 0, 0, 4.00
M, 107785417, 6, -152.802185, 811.600830, -163.472977, 1, 0, 0, 0, 3.52
M, 107785417, 7, -130.016235, 811.072449, -167.771423, 1, 0, 0, 0, 4.00
M, 107786458, 0, -313.130463, 818.596375, -181.374329, 1, 0, 0, 0, 4.00
M, 107786458, 1, -240.734085, 810.020508, -165.934402, 1, 0, 0, 0, 4.00
M, 107786458, 2, -316.098297, 817.024475, -224.007446, 1, 0, 0, 0, 4.00
M, 107786458, 3, -211.821182, 810.045776, -161.410355, 1, 0, 0, 0, 3.79
M, 107786458, 4, -268.112854, 816.542297, -175.110413, 1, 0, 0, 0, 4.00
M, 107786458, 5, -176.452057, 810.658081, -162.370346, 1, 0, 0, 0, 4.00
M, 107786458, 6, -152.800964, 811.602417, -163.472427, 1, 0, 0, 0, 4.00
M, 107786458, 7, -130.009491, 811.076477, -167.766525, 1, 0, 0, 0, 3.07
M, 107787500, 0, -313.126221, 818.597107, -181.375320, 1, 0, 0, 0, 3.57
M, 107787500, 1, -240.733459, 810.020996, -165.932800, 1, 0, 0, 0, 4.00
M, 107787500, 2, -316.098389, 817.024170, -224.006317, 1, 0, 0, 0, 4.00
M, 107787500, 3, -211.822891, 810.047485, -161.411301, 1, 0, 0, 0, 4.00
M, 107787500, 4, -268.100677, 816.553833, -175.101212, 1, 0, 0, 0, 3.32
M, 107787500, 5, -176.451645, 810.657715, -162.369446, 1, 0, 0, 0, 4.00
M, 107787500, 6, -152.801300, 811.603516, -163.471695, 1, 0, 0, 0, 4.00
M, 107787500, 7, -130.010803, 811.075928, -167.765991, 1, 0, 0, 0, 4.00
M, 107788542, 0, -313.126343, 818.597717, -181.375107, 1, 0, 0, 0, 4.00
M, 107788542, 1, -240.748001, 810.005981, -165.941788, 1, 0, 0, 0, 3.34
M, 107788542, 2, -316.098389, 817.023926, -224.005173, 1, 0, 0, 0, 4.00
M, 107788542, 3, -211.821518, 810.047729, -161.409988, 1, 0, 0, 0, 4.00
M, 107788542, 4, -268.103546, 816.551147, -175.101364, 1, 0, 0, 0, 4.00
M, 107788542, 5, -176.441681, 810.665894, -162.362930, 1, 0, 0, 0, 3.34
M, 107788542, 6, -152.801590, 811.604736, -163.470947, 1, 0, 0, 0, 4.00
M, 107788542, 7, -130.010239, 811.076416, -167.764481, 1, 0, 0, 0, 4.00
M, 107789583, 0, -313.125427, 818.598328, -181.375229, 1, 0, 0, 0, 4.00
M, 107789583, 1, -240.744904, 810.009155, -165.938461, 1, 0, 0, 0, 4.00
M, 107789583, 2, -316.098633, 817.021667, -224.008636, 1, 0, 0, 0, 3.55
M, 107789583, 3, -211.820145, 810.048035, -161.408737, 1, 0, 0, 0, 4.00
M, 107789583, 4, -268.102905, 816.551575, -175.099335, 1, 0, 0, 0, 4.00
M, 107789583, 5, -176.442886, 810.664063, -162.363007, 1, 0, 0, 0, 4.00
M, 107789583, 6, -152.789673, 811.607239, -163.452225, 1, 0, 0, 0, 3.52
M, 107789583, 7, -130.009674, 811.076904, -167.762955, 1, 0, 0, 0, 4.00
M, 107790625, 0, -313.124542, 818.598999, -181.375320, 1, 0, 0, 0, 4.00
M, 107790625, 1, -240.745880, 810.008179, -165.937973, 1, 0, 0, 0, 4.00
M, 107790625, 2, -316.098633, 817.021545, -224.006760, 1, 0, 0, 0, 4.00
M, 107790625, 3, -211.837372, 810.044128, -161.407608, 1, 0, 0, 0, 3.79
M, 107790625, 4, -268.102234, 816.552124, -175.097305, 1, 0, 0, 0, 4.00
M, 107790625, 5, -176.441452, 810.664612, -162.361526, 1, 0, 0, 0, 4.00
M, 107790625, 6, -152.792114, 811.608032, -163.454498, 1, 0, 0, 0, 4.00
M, 107790625, 7, -130.008270, 811.081421, -167.769867, 1, 0, 0, 0, 3.07
M, 107791667, 0, -313.132477, 818.596313, -181.378555, 1, 0, 0, 0, 3.57
M, 107791667, 1, -240.746902, 810.007080, -165.937500, 1, 0, 0, 0, 4.00
M, 107791667, 2, -316.098755, 817.020935, -224.006134, 1, 0, 0, 0, 4.00
M, 107791667, 3, -211.832901, 810.045044, -161.406296, 1, 0, 0, 0, 4.00
M, 107791667, 4, -268.107239, 816.554504, -175.108932, 1, 0, 0, 0, 3.32
M, 107791667, 5, -176.440018, 810.665161, -162.360031, 1, 0, 0, 0, 4.00
M, 107791667, 6, -152.791077, 811.609375, -163.451813, 1, 0, 0, 0, 4.00
M, 107791667, 7, -130.007858, 811.081177, -167.766953, 1, 0, 0, 0, 4.00
M, 107792708, 0, -313.130096, 818.597595, -181.378143, 1, 0, 0, 0, 4.00
M, 107792708, 1, -240.750626, 810.003906, -165.945038, 1, 0, 0, 0, 3.34
M, 107792708, 2, -316.098877, 817.020508, -224.005539, 1, 0, 0, 0, 4.00
M, 107792708, 3, -211.833557, 810.044983, -161.404984, 1, 0, 0, 0, 4.00
M, 107792708, 4, -268.105713, 816.554688, -175.104614, 1, 0, 0, 0, 4.00
M, 107792708, 5, -176.460587, 810.657654, -162.376297, 1, 0, 0, 0, 3.34
M, 107792708, 6, -152.790085, 811.610535, -163.449127, 1, 0, 0, 0, 4.00
M, 107792708, 7, -130.007233, 811.082031, -167.766357, 1, 0, 0, 0, 4.00
M, 107793750, 0, -313.130096, 818.597961, -181.378555, 1, 0, 0, 0, 4.00
M, 107793750, 1, -240.751221, 810.003113, -165.943253, 1, 0, 0, 0, 4.00
M, 107793750, 2, -316.093109, 817.032227, -224.011322, 1, 0, 0, 0, 3.55
M, 107793750, 3, -211.834152, 810.044983, -161.403702, 1, 0, 0, 0, 4.00
M, 107793750, 4, -268.105652, 816.555420, -175.104034, 1, 0, 0, 0, 4.00
M, 107793750, 5, -176.455582, 810.659302, -162.371948, 1, 0, 0, 0, 4.00
M, 107793750, 6, -152.793427, 811.597168, -163.467850, 1, 0, 0, 0, 3.52
M, 107793750, 7, -130.006577, 811.082825, -167.765762, 1, 0, 0, 0, 4.00
M, 107794792, 0, -313.130219, 818.598328, -181.378952, 1, 0, 0, 0, 4.00
M, 107794792, 1, -240.752533, 810.001770, -165.943665, 1, 0, 0, 0, 4.00
M, 107794792, 2, -316.094116, 817.029785, -224.009583, 1, 0, 0, 0, 4.00
M, 107794792, 3, -211.834503, 810.048157, -161.407608, 1, 0, 0, 0, 3.79
M, 107794792, 4, -268.105591, 816.555908, -175.103500, 1, 0, 0, 0, 4.00
M, 107794792, 5, -176.456558, 810.658875, -162.372406, 1, 0, 0, 0, 4.00
M, 107794792, 6, -152.791733, 811.600830, -163.461639, 1, 0, 0, 0, 4.00
M, 107794792, 7, -130.017395, 811.069641, -167.781723, 1, 0, 0, 0, 3.07
M, 107795833, 0, -313.137360, 818.597168, -181.377792, 1, 0, 0, 0, 3.57
M, 107795833, 1, -240.753845, 810.000488, -165.944061, 1, 0, 0, 0, 4.00
M, 107795833, 2, -316.093506, 817.030701, -224.009674, 1, 0, 0, 0, 4.00
M, 107795833, 3, -211.835251, 810.047424, -161.405518, 1, 0, 0, 0, 4.00
M, 107795833, 4, -268.103241, 816.542786, -175.121826, 1, 0, 0, 0, 3.32
M, 107795833, 5, -176.457520, 810.658508, -162.372849, 1, 0, 0, 0, 4.00
M, 107795833, 6, -152.791168, 811.600464, -163.461288, 1, 0, 0, 0, 4.00
M, 107795833, 7, -130.014862, 811.072815, -167.778397, 1, 0, 0, 0, 4.00
M, 107796875, 0, -313.136169, 818.597656, -181.378510, 1, 0, 0, 0, 4.00
M, 107796875, 1, -240.744934, 810.012634, -165.950073, 1, 0, 0, 0, 3.34
M, 107796875, 2, -316.092987, 817.031555, -224.009766, 1, 0, 0, 0, 4.00
M, 107796875, 3, -211.835876, 810.047607, -161.404816, 1, 0, 0, 0, 4.00
M, 107796875, 4, -268.103607, 816.545532, -175.118164, 1, 0, 0, 0, 4.00
M, 107796875, 5, -176.460815, 810.659119, -162.374451, 1, 0, 0, 0, 3.34
M, 107796875, 6, -152.790619, 811.600159, -163.460907, 1, 0, 0, 0, 4.00
M, 107796875, 7, -130.015488, 811.072144, -167.779587, 1, 0, 0, 0, 4.00
M, 107797917, 0, -313.137054, 818.597839, -181.378799, 1, 0, 0, 0, 4.00
M, 107797917, 1, -240.747910, 810.009094, -165.949570, 1, 0, 0, 0, 4.00
M, 107797917, 2, -316.098297, 817.028992, -224.016388, 1, 0, 0, 0, 3.98
M, 107797917, 3, -211.836472, 810.047791, -161.404099, 1, 0, 0, 0, 4.00
M, 107797917, 4, -268.103302, 816.544800, -175.119720, 1, 0, 0, 0, 4.00
M, 107797917, 5, -176.461395, 810.658569, -162.374725, 1, 0, 0, 0, 4.00
M, 107797917, 6, -152.803375, 811.596497, -163.481140, 1, 0, 0, 0, 3.52
M, 107797917, 7, -130.016052, 811.071472, -167.780807, 1, 0, 0, 0, 4.00
M, 107798958, 0, -313.137848, 818.598022, -181.379044, 1, 0, 0, 0, 4.00
M, 107798958, 1, -240.748184, 810.009216, -165.950623, 1, 0, 0, 0, 4.00
M, 107798958, 2, -316.096741, 817.030396, -224.015366, 1, 0, 0, 0, 4.00
M, 107798958, 3, -211.826157, 810.058838, -161.413330, 1, 0, 0, 0, 3.79
M, 107798958, 4, -268.103088, 816.543884, -175.121201, 1, 0, 0, 0, 4.00
M, 107798958, 5, -176.462616, 810.658325, -162.375320, 1, 0, 0, 0, 4.00
M, 107798958, 6, -152.800674, 811.596558, -163.477386, 1, 0, 0, 0, 4.00
M, 107798958, 7, -130.012711, 811.074951, -167.769958, 1, 0, 0, 0, 3.07
M, 107800000, 0, -313.136658, 818.599915, -181.378983, 1, 0, 0, 0, 3.57
M, 107800000, 1, -240.748367, 810.009277, -165.951630, 1, 0, 0, 0, 4.00
M, 107800000, 2, -316.096863, 817.030823, -224.016205, 1, 0, 0, 0, 4.00
M, 107800000, 3, -211.828552, 810.057373, -161.410950, 1, 0, 0, 0, 4.00
M, 107800000, 4, -268.106232, 816.551270, -175.115540, 1, 0, 0, 0, 3.32
M, 107800000, 5, -176.463867, 810.658020, -162.375916, 1, 0, 0, 0, 4.00
M, 107800000, 6, -152.801590, 811.595947, -163.479294, 1, 0, 0, 0, 4.00
M, 107800000, 7, -130.013931, 811.073669, -167.773148, 1, 0, 0, 0, 4.00
M, 107801042, 0, -313.137848, 818.599976, -181.379303, 1, 0, 0, 0, 4.00
M, 107801042, 1, -240.737274, 810.021301, -165.947281, 1, 0, 0, 0, 3.34
M, 107801042, 2, -316.096985, 817.031189, -224.017044, 1, 0, 0, 0, 4.00
M, 107801042, 3, -211.827957, 810.058655, -161.411362, 1, 0, 0, 0, 4.00
M, 107801042, 4, -268.105408, 816.549072, -175.118225, 1, 0, 0, 0, 4.00
M, 107801042, 5, -176.456024, 810.671692, -162.385544, 1, 0, 0, 0, 3.34
M, 107801042, 6, -152.802582, 811.595093, -163.481171, 1, 0, 0, 0, 4.00
M, 107801042, 7, -130.014145, 811.073425, -167.773026, 1, 0, 0, 0, 4.00
M, 107802083, 0, -313.138489, 818.600098, -181.379547, 1, 0, 0, 0, 4.00
M, 107802083, 1, -240.739365, 810.019348, -165.949249, 1, 0, 0, 0, 4.00
M, 107802083, 2, -316.097687, 817.022583, -224.013580, 1, 0, 0, 0, 3.55
M, 107802083, 3, -211.827377, 810.060181, -161.411728, 1, 0, 0, 0, 4.00
M, 107802083, 4, -268.105530, 816.549072, -175.118942, 1, 0, 0, 0, 4.00
M, 107802083, 5, -176.458740, 810.669189, -162.384583, 1, 0, 0, 0, 4.00
M, 107802083, 6, -152.794174, 811.604004, -163.471298, 1, 0, 0, 0, 3.52
M, 107802083, 7, -130.014267, 811.073242, -167.772903, 1, 0, 0, 0, 4.00
M, 107803125, 0, -313.139099, 818.600464, -181.379761, 1, 0, 0, 0, 4.00
M, 107803125, 1, -240.738342, 810.020813, -165.949661, 1, 0, 0, 0, 4.00
M, 107803125, 2, -316.097687, 817.024536, -224.015076, 1, 0, 0, 0, 4.00
M, 107803125, 3, -211.830994, 810.056885, -161.419525, 1, 0, 0, 0, 3.79
M, 107803125, 4, -268.105652, 816.549072, -175.119720, 1, 0, 0, 0, 4.00
M, 107803125, 5, -176.458969, 810.670593, -162.386200, 1, 0, 0, 0, 4.00
M, 107803125, 6, -152.796646, 811.601563, -163.475113, 1, 0, 0, 0, 4.00
M, 107803125, 7, -130.009201, 811.085266, -167.777863, 1, 0, 0, 0, 3.07
M, 107804167, 0, -313.146851, 818.601196, -181.381668, 1, 0, 0, 0, 3.57
M, 107804167, 1, -240.737335, 810.022278, -165.950104, 1, 0, 0, 0, 4.00
M, 107804167, 2, -316.097809, 817.024048, -224.015366, 1, 0, 0, 0, 4.00
M, 107804167, 3, -211.829742, 810.059143, -161.418701, 1, 0, 0, 0, 4.00
M, 107804167, 4, -268.111115, 816.547729, -175.126892, 1, 0, 0, 0, 3.32
M, 107804167, 5, -176.459152, 810.671814, -162.387741, 1, 0, 0, 0, 4.00
M, 107804167, 6, -152.796555, 811.601868, -163.475769, 1, 0, 0, 0, 4.00
M, 107804167, 7, -130.010208, 811.083130, -167.776901, 1, 0, 0, 0, 4.00
M, 107805208, 0, -313.146301, 818.601379, -181.381607, 1, 0, 0, 0, 4.00
M, 107805208, 1, -240.743408, 810.014465, -165.951279, 1, 0, 0, 0, 3.34
M, 107805208, 2, -316.098053, 817.023376, -224.015732, 1, 0, 0, 0, 4.00
M, 107805208, 3, -211.829620, 810.060120, -161.419891, 1, 0, 0, 0, 4.00
M, 107805208, 4, -268.110291, 816.548035, -175.126541, 1, 0, 0, 0, 4.00
M, 107805208, 5, -176.467026, 810.664307, -162.381256, 1, 0, 0, 0, 3.34
M, 107805208, 6, -152.796463, 811.602173, -163.476303, 1, 0, 0, 0, 4.00
M, 107805208, 7, -130.009735, 811.084351, -167.777313, 1, 0, 0, 0, 4.00
M, 107806250, 0, -313.147675, 818.601746, -181.381989, 1, 0, 0, 0, 4.00
M, 107806250, 1, -240.741211, 810.017273, -165.951569, 1, 0, 0, 0, 4.00
M, 107806250, 2, -316.109009, 817.022339, -224.025330, 1, 0, 0, 0, 3.55
M, 107806250, 3, -211.829468, 810.060852, -161.421021, 1, 0, 0, 0, 4.00
M, 107806250, 4, -268.110931, 816.547913, -175.127945, 1, 0, 0, 0, 4.00
M, 107806250, 5, -176.465942, 810.667114, -162.384109, 1, 0, 0, 0, 4.00
M, 107806250, 6, -152.801056, 811.601440, -163.480118, 1, 0, 0, 0, 3.52
M, 107806250, 7, -130.009369, 811.085510, -167.777771, 1, 0, 0, 0, 4.00
M, 107807292, 0, -313.149048, 818.602112, -181.382370, 1, 0, 0, 0, 4.00
M, 107807292, 1, -240.740967, 810.017700, -165.952103, 1, 0, 0, 0, 4.00
M, 107807292, 2, -316.107330, 817.021912, -224.024078, 1, 0, 0, 0, 4.00
M, 107807292, 3, -211.848358, 810.050781, -161.427963, 1, 0, 0, 0, 3.79
M, 107807292, 4, -268.111664, 816.547791, -175.129379, 1, 0, 0, 0, 4.00
M, 107807292, 5, -176.466995, 810.667419, -162.384796, 1, 0, 0, 0, 4.00
M, 107807292, 6, -152.800156, 811.602051, -163.480179, 1, 0, 0, 0, 4.00
M, 107807292, 7, -130.023407, 811.073303, -167.793976, 1, 0, 0, 0, 3.07
M, 107808333, 0, -313.139862, 818.595581, -181.384338, 1, 0, 0, 0, 3.57
M, 107808333, 1, -240.740738, 810.018127, -165.952606, 1, 0, 0, 0, 4.00
M, 107808333, 2, -316.108643, 817.021423, -224.025452, 1, 0, 0, 0, 4.00
M, 107808333, 3, -211.845123, 810.053528, -161.428238, 1, 0, 0, 0, 4.00
M, 107808333, 4, -268.099152, 816.556458, -175.127914, 1, 0, 0, 0, 3.32
M, 107808333, 5, -176.468094, 810.667725, -162.385483, 1, 0, 0, 0, 4.00
M, 107808333, 6, -152.800583, 811.602295, -163.481140, 1, 0, 0, 0, 4.00
M, 107808333, 7, -130.020645, 811.076660, -167.791809, 1, 0, 0, 0, 4.00
M, 107809375, 0, -313.142975, 818.597229, -181.384491, 1, 0, 0, 0, 4.00
M, 107809375, 1, -240.737396, 810.018738, -165.952667, 1, 0, 0, 0, 3.34
M, 107809375, 2, -316.109955, 817.020813, -224.026749, 1, 0, 0, 0, 4.00
M, 107809375, 3, -211.847076, 810.053223, -161.430054, 1, 0, 0, 0, 4.00
M, 107809375, 4, -268.101990, 816.554932, -175.129822, 1, 0, 0, 0, 4.00
M, 107809375, 5, -176.453812, 810.674316, -162.384293, 1, 0, 0, 0, 3.34
M, 107809375, 6, -152.800964, 811.602600, -163.482086, 1, 0, 0, 0, 4.00
M, 107809375, 7, -130.021835, 811.076172, -167.793945, 1, 0, 0, 0, 4.00
M, 107810417, 0, -313.143219, 818.596863, -181.385056, 1, 0, 0, 0, 4.00
M, 107810417, 1, -240.737686, 810.019043, -165.953293, 1, 0, 0, 0, 4.00
M, 107810417, 2, -316.104431, 817.019958, -224.023483, 1, 0, 0, 0, 3.55
M, 107810417, 3, -211.848984, 810.053040, -161.431870, 1, 0, 0, 0, 4.00
M, 107810417, 4, -268.101227, 816.555786, -175.130920, 1, 0, 0, 0, 4.00
M, 107810417, 5, -176.457367, 810.673645, -162.385269, 1, 0, 0, 0, 4.00
M, 107810417, 6, -152.794434, 811.602783, -163.476669, 1, 0, 0, 0, 3.52
M, 107810417, 7, -130.022995, 811.075867, -167.796127, 1, 0, 0, 0, 4.00
M, 107811458, 0, -313.143433, 818.596497, -181.385651, 1, 0, 0, 0, 4.00
M, 107811458, 1, -240.737091, 810.019470, -165.953781, 1, 0, 0, 0, 4.00
M, 107811458, 2, -316.106873, 817.019470, -224.025558, 1, 0, 0, 0, 4.00
M, 107811458, 3, -211.826584, 810.060852, -161.420837, 1, 0, 0, 0, 3.79
M, 107811458, 4, -268.100464, 816.556519, -175.132050, 1, 0, 0, 0, 4.00
M, 107811458, 5, -176.456802, 810.674805, -162.385788, 1, 0, 0, 0, 4.00
M, 107811458, 6, -152.796021, 811.602966, -163.478699, 1, 0, 0, 0, 4.00
M, 107811458, 7, -130.010330, 811.077698, -167.778931, 1, 0, 0, 0, 3.07
M, 107812500, 0, -313.148041, 818.594116, -181.388153, 1, 0, 0, 0, 3.57
M, 107812500, 1, -240.736496, 810.019836, -165.954224, 1, 0, 0, 0, 4.00
M, 107812500, 2, -316.107452, 817.018921, -224.026398, 1, 0, 0, 0, 4.00
M, 107812500, 3, -211.832535, 810.059326, -161.424774, 1, 0, 0, 0, 4.00
M, 107812500, 4, -268.105408, 816.557678, -175.134918, 1, 0, 0, 0, 3.32
M, 107812500, 5, -176.456177, 810.675720, -162.386261, 1, 0, 0, 0, 4.00
M, 107812500, 6, -152.795715, 811.603210, -163.478958, 1, 0, 0, 0, 4.00
M, 107812500, 7, -130.013809, 811.076965, -167.784286, 1, 0, 0, 0, 4.00
M, 107813542, 0, -313.147491, 818.594116, -181.388336, 1, 0, 0, 0, 4.00
M, 107813542, 1, -240.748962, 810.013123, -165.961044, 1, 0, 0, 0, 3.34
M, 107813542, 2, -316.108002, 817.018311, -224.027237, 1, 0, 0, 0, 4.00
M, 107813542, 3, -211.831818, 810.059875, -161.425186, 1, 0, 0, 0, 4.00
M, 107813542, 4, -268.103668, 816.558472, -175.135727, 1, 0, 0, 0, 4.00
M, 107813542, 5, -176.466965, 810.667297, -162.393890, 1, 0, 0, 0, 3.34
M, 107813542, 6, -152.795364, 811.603333, -163.479233, 1, 0, 0, 0, 4.00
M, 107813542, 7, -130.013458, 811.076843, -167.784348, 1, 0, 0, 0, 4.00
M, 107814583, 0, -313.148224, 818.593506, -181.389175, 1, 0, 0, 0, 4.00
M, 107814583, 1, -240.746216, 810.014832, -165.960449, 1, 0, 0, 0, 4.00
M, 107814583, 2, -316.124756, 817.012939, -224.020889, 1, 0, 0, 0, 3.55
M, 107814583, 3, -211.831116, 810.060547, -161.425583, 1, 0, 0, 0, 4.00
M, 107814583, 4, -268.103546, 816.559448, -175.137039, 1, 0, 0, 0, 4.00
M, 107814583, 5, -176.464493, 810.669739, -162.393173, 1, 0, 0, 0, 4.00
M, 107814583, 6, -152.796112, 811.604980, -163.475296, 1, 0, 0, 0, 3.52
M, 107814583, 7, -130.013123, 811.076782, -167.784409, 1, 0, 0, 0, 4.00
M, 107815625, 0, -313.148926, 818.592896, -181.389954, 1, 0, 0, 0, 4.00
M, 107815625, 1, -240.747025, 810.014526, -165.961639, 1, 0, 0, 0, 4.00
M, 107815625, 2, -316.122711, 817.013123, -224.022888, 1, 0, 0, 0, 4.00
M, 107815625, 3, -211.846191, 810.046631, -161.424210, 1, 0, 0, 0, 3.96
M, 107815625, 4, -268.103424, 816.560242, -175.138336, 1, 0, 0, 0, 4.00
M, 107815625, 5, -176.465149, 810.669739, -162.394424, 1, 0, 0, 0, 4.00
M, 107815625, 6, -152.795578, 811.604980, -163.476242, 1, 0, 0, 0, 4.00
M, 107815625, 7, -130.024338, 811.066284, -167.783997, 1, 0, 0, 0, 3.07
M, 107816667, 0, -313.144165, 818.589355, -181.382996, 1, 0, 0, 0, 3.57
M, 107816667, 1, -240.747940, 810.013977, -165.962799, 1, 0, 0, 0, 4.00
M, 107816667, 2, -316.125000, 817.012085, -224.022995, 1, 0, 0, 0, 4.00
M, 107816667, 3, -211.842850, 810.049622, -161.424896, 1, 0, 0, 0, 4.00
M, 107816667, 4, -268.119171, 816.551880, -175.130981, 1, 0, 0, 0, 3.32
M, 107816667, 5, -176.465775, 810.669739, -162.395706, 1, 0, 0, 0, 4.00
M, 107816667, 6, -152.795364, 811.605347, -163.476074, 1, 0, 0, 0, 4.00
M, 107816667, 7, -130.022095, 811.067871, -167.784119, 1, 0, 0, 0, 4.00
M, 107817708, 0, -313.145721, 818.589233, -181.385056, 1, 0, 0, 0, 4.00
M, 107817708, 1, -240.733582, 810.024292, -165.948761, 1, 0, 0, 0, 3.34
M, 107817708, 2, -316.127380, 817.010925, -224.023026, 1, 0, 0, 0, 4.00
M, 107817708, 3, -211.843872, 810.048584, -161.425140, 1, 0, 0, 0, 4.00
M, 107817708, 4, -268.116302, 816.554321, -175.133698, 1, 0, 0, 0, 4.00
M, 107817708, 5, -176.453278, 810.665588, -162.375107, 1, 0, 0, 0, 3.34
M, 107817708, 6, -152.795151, 811.605835, -163.475891, 1, 0, 0, 0, 4.00
M, 107817708, 7, -130.023026, 811.066650, -167.784149, 1, 0, 0, 0, 4.00
M, 107818750, 0, -313.145813, 818.588440, -181.384964, 1, 0, 0, 0, 4.00
M, 107818750, 1, -240.736923, 810.022217, -165.952469, 1, 0, 0, 0, 4.00
M, 107818750, 2, -316.113190, 817.014221, -224.008041, 1, 0, 0, 0, 3.55
M, 107818750, 3, -211.844940, 810.047363, -161.425369, 1, 0, 0, 0, 4.00
M, 107818750, 4, -268.117981, 816.554199, -175.134079, 1, 0, 0, 0, 4.00
M, 107818750, 5, -176.456116, 810.666138, -162.380005, 1, 0, 0, 0, 4.00
M, 107818750, 6, -152.801773, 811.596741, -163.473328, 1, 0, 0, 0, 3.52
M, 107818750, 7, -130.023941, 811.065369, -167.784119, 1, 0, 0, 0, 4.00
M, 107819792, 0, -313.145935, 818.587524, -181.384933, 1, 0, 0, 0, 4.00
M, 107819792, 1, -240.736084, 810.022949, -165.951950, 1, 0, 0, 0, 4.00
M, 107819792, 2, -316.118317, 817.012329, -224.010605, 1, 0, 0, 0, 4.00
M, 107819792, 3, -211.829376, 810.055969, -161.408920, 1, 0, 0, 0, 3.79
M, 107819792, 4, -268.119537, 816.554077, -175.134415, 1, 0, 0, 0, 4.00
M, 107819792, 5, -176.455338, 810.665588, -162.378891, 1, 0, 0, 0, 4.00
M, 107819792, 6, -152.800430, 811.598633, -163.473511, 1, 0, 0, 0, 4.00
M, 107819792, 7, -130.018967, 811.074158, -167.787033, 1, 0, 0, 0, 3.07
M, 107820833, 0, -313.148315, 818.595703, -181.382202, 1, 0, 0, 0, 3.57
M, 107820833, 1, -240.735245, 810.023865, -165.951447, 1, 0, 0, 0, 4.00
M, 107820833, 2, -316.118835, 817.011597, -224.008987, 1, 0, 0, 0, 4.00
M, 107820833, 3, -211.833130, 810.053406, -161.411896, 1, 0, 0, 0, 4.00
M, 107820833, 4, -268.097839, 816.556946, -175.112534, 1, 0, 0, 0, 3.32
M, 107820833, 5, -176.454559, 810.665039, -162.377731, 1, 0, 0, 0, 4.00
M, 107820833, 6, -152.800964, 811.597961, -163.473053, 1, 0, 0, 0, 4.00
M, 107820833, 7, -130.020813, 811.071411, -167.786560, 1, 0, 0, 0, 4.00
M, 107821875, 0, -313.148102, 818.593262, -181.382584, 1, 0, 0, 0, 4.00
M, 107821875, 1, -240.735184, 810.025146, -165.951508, 1, 0, 0, 0, 3.34
M, 107821875, 2, -316.119446, 817.010925, -224.007446, 1, 0, 0, 0, 4.00
M, 107821875, 3, -211.832336, 810.053467, -161.410324, 1, 0, 0, 0, 4.00
M, 107821875, 4, -268.103241, 816.556274, -175.116562, 1, 0, 0, 0, 4.00
M, 107821875, 5, -176.448486, 810.665771, -162.367722, 1, 0, 0, 0, 3.34
M, 107821875, 6, -152.801498, 811.597290, -163.472610, 1, 0, 0, 0, 4.00
M, 107821875, 7, -130.021118, 811.071289, -167.786880, 1, 0, 0, 0, 4.00
M, 107822917, 0, -313.148438, 818.593323, -181.382233, 1, 0, 0, 0, 4.00
M, 107822917, 1, -240.734207, 810.026001, -165.950943, 1, 0, 0, 0, 4.00
M, 107822917, 2, -316.123199, 816.999695, -224.002289, 1, 0, 0, 0, 3.55
M, 107822917, 3, -211.831558, 810.053528, -161.408737, 1, 0, 0, 0, 4.00
M, 107822917, 4, -268.102356, 816.556335, -175.114532, 1, 0, 0, 0, 4.00
M, 107822917, 5, -176.448547, 810.665100, -162.368073, 1, 0, 0, 0, 4.00
M, 107822917, 6, -152.800735, 811.596924, -163.464264, 1, 0, 0, 0, 3.52
M, 107822917, 7, -130.021408, 811.071106, -167.787216, 1, 0, 0, 0, 4.00
M, 107823958, 0, -313.148804, 818.593445, -181.381897, 1, 0, 0, 0, 4.00
M, 107823958, 1, -240.733459, 810.026794, -165.950500, 1, 0, 0, 0, 4.00
M, 107823958, 2, -316.123260, 817.000671, -224.001297, 1, 0, 0, 0, 4.00
M, 107823958, 3, -211.839035, 810.044495, -161.416489, 1, 0, 0, 0, 3.79
M, 107823958, 4, -268.101410, 816.556519, -175.112442, 1, 0, 0, 0, 4.00
M, 107823958, 5, -176.447174, 810.664734, -162.365936, 1, 0, 0, 0, 4.00
M, 107823958, 6, -152.801468, 811.596313, -163.465134, 1, 0, 0, 0, 4.00
M, 107823958, 7, -130.013123, 811.069946, -167.768555, 1, 0, 0, 0, 3.07
M, 107825000, 0, -313.150177, 818.580322, -181.387741, 1, 0, 0, 0, 3.57
M, 107825000, 1, -240.732742, 810.027649, -165.950073, 1, 0, 0, 0, 4.00
M, 107825000, 2, -316.124146, 816.998962, -223.999344, 1, 0, 0, 0, 4.00
M, 107825000, 3, -211.836868, 810.046021, -161.413330, 1, 0, 0, 0, 4.00
M, 107825000, 4, -268.101349, 816.559448, -175.117599, 1, 0, 0, 0, 3.32
M, 107825000, 5, -176.445801, 810.664429, -162.363846, 1, 0, 0, 0, 4.00
M, 107825000, 6, -152.801865, 811.595764, -163.463791, 1, 0, 0, 0, 4.00
M, 107825000, 7, -130.014832, 811.069946, -167.772018, 1, 0, 0, 0, 4.00
M, 107826042, 0, -313.150360, 818.582581, -181.386368, 1, 0, 0, 0, 4.00
M, 107826042, 1, -240.737396, 810.010681, -165.938339, 1, 0, 0, 0, 3.34
M, 107826042, 2, -316.125092, 816.997070, -223.997314, 1, 0, 0, 0, 4.00
M, 107826042, 3, -211.836975, 810.045044, -161.412766, 1, 0, 0, 0, 4.00
M, 107826042, 4, -268.100220, 816.559143, -175.114319, 1, 0, 0, 0, 4.00
M, 107826042, 5, -176.458054, 810.652832, -162.373322, 1, 0, 0, 0, 3.34
M, 107826042, 6, -152.802216, 811.595093, -163.462509, 1, 0, 0, 0, 4.00
M, 107826042, 7, -130.014175, 811.069763, -167.770264, 1, 0, 0, 0, 4.00
M, 107827083, 0, -313.150848, 818.581177, -181.386734, 1, 0, 0, 0, 4.00
M, 107827083, 1, -240.735718, 810.014526, -165.939774, 1, 0, 0, 0, 4.00
M, 107827083, 2, -316.110809, 817.000488, -224.006256, 1, 0, 0, 0, 3.55
M, 107827083, 3, -211.837067, 810.044189, -161.412170, 1, 0, 0, 0, 4.00
M, 107827083, 4, -268.099396, 816.559631, -175.113037, 1, 0, 0, 0, 4.00
M, 107827083, 5, -176.454437, 810.654297, -162.369324, 1, 0, 0, 0, 4.00
M, 107827083, 6, -152.798584, 811.594116, -163.464447, 1, 0, 0, 0, 3.52
M, 107827083, 7, -130.013489, 811.069580, -167.768524, 1, 0, 0, 0, 4.00
M, 107828125, 0, -313.151306, 818.579773, -181.387024, 1, 0, 0, 0, 4.00
M, 107828125, 1, -240.735580, 810.013428, -165.938034, 1, 0, 0, 0, 4.00
M, 107828125, 2, -316.114258, 816.997742, -224.002502, 1, 0, 0, 0, 4.00
M, 107828125, 3, -211.834381, 810.037415, -161.407974, 1, 0, 0, 0, 3.79
M, 107828125, 4, -268.098541, 816.559998, -175.111786, 1, 0, 0, 0, 4.00
M, 107828125, 5, -176.454620, 810.652649, -162.368530, 1, 0, 0, 0, 4.00
M, 107828125, 6, -152.799652, 811.593628, -163.462631, 1, 0, 0, 0, 4.00
M, 107828125, 7, -130.018906, 811.066040, -167.781189, 1, 0, 0, 0, 3.07
M, 107829167, 0, -313.144745, 818.583557, -181.391556, 1, 0, 0, 0, 3.57
M, 107829167, 1, -240.735397, 810.012390, -165.936371, 1, 0, 0, 0, 4.00
M, 107829167, 2, -316.113434, 816.996582, -224.001724, 1, 0, 0, 0, 4.00
M, 107829167, 3, -211.834961, 810.037354, -161.407974, 1, 0, 0, 0, 4.00
M, 107829167, 4, -268.113739, 816.549988, -175.119781, 1, 0, 0, 0, 3.32
M, 107829167, 5, -176.454742, 810.650940, -162.367722, 1, 0, 0, 0, 4.00
M, 107829167, 6, -152.799591, 811.592896, -163.461639, 1, 0, 0, 0, 4.00
M, 107829167, 7, -130.017212, 811.066467, -167.777084, 1, 0, 0, 0, 4.00
M, 107830208, 0, -313.146423, 818.581177, -181.391205, 1, 0, 0, 0, 4.00
M, 107830208, 1, -240.725891, 810.019836, -165.943039, 1, 0, 0, 0, 3.34
M, 107830208, 2, -316.112701, 816.995361, -224.000946, 1, 0, 0, 0, 4.00
M, 107830208, 3, -211.834808, 810.035645, -161.407013, 1, 0, 0, 0, 4.00
M, 107830208, 4, -268.110229, 816.552246, -175.116974, 1, 0, 0, 0, 4.00
M, 107830208, 5, -176.462219, 810.649597, -162.376785, 1, 0, 0, 0, 3.34
M, 107830208, 6, -152.799530, 811.592285, -163.460693, 1, 0, 0, 0, 4.00
M, 107830208, 7, -130.017212, 811.065918, -167.776871, 1, 0, 0, 0, 4.00
M, 107831250, 0, -313.146179, 818.580383, -181.391968, 1, 0, 0, 0, 4.00
M, 107831250, 1, -240.727264, 810.017395, -165.939941, 1, 0, 0, 0, 4.00
M, 107831250, 2, -316.116455, 816.999756, -224.004349, 1, 0, 0, 0, 3.55
M, 107831250, 3, -211.834625, 810.033997, -161.406036, 1, 0, 0, 0, 4.00
M, 107831250, 4, -268.111053, 816.551636, -175.116684, 1, 0, 0, 0, 4.00
M, 107831250, 5, -176.461182, 810.647888, -162.374344, 1, 0, 0, 0, 4.00
M, 107831250, 6, -152.792587, 811.600464, -163.468262, 1, 0, 0, 0, 3.52
M, 107831250, 7, -130.017212, 811.065369, -167.776688, 1, 0, 0, 0, 4.00
M, 107832292, 0, -313.145874, 818.579529, -181.392746, 1, 0, 0, 0, 4.00
M, 107832292, 1, -240.726105, 810.017273, -165.939209, 1, 0, 0, 0, 4.00
M, 107832292, 2, -316.114960, 816.997498, -224.002853, 1, 0, 0, 0, 4.00
M, 107832292, 3, -211.831528, 810.040283, -161.411011, 1, 0, 0, 0, 3.79
M, 107832292, 4, -268.111969, 816.550903, -175.116379, 1, 0, 0, 0, 4.00
M, 107832292, 5, -176.462067, 810.646362, -162.374573, 1, 0, 0, 0, 4.00
M, 107832292, 6, -152.793701, 811.598328, -163.465881, 1, 0, 0, 0, 4.00
M, 107832292, 7, -130.012299, 811.065918, -167.779739, 1, 0, 0, 0, 3.07
M, 107833333, 0, -313.137848, 818.582214, -181.386139, 1, 0, 0, 0, 3.57
M, 107833333, 1, -240.724884, 810.017090, -165.938431, 1, 0, 0, 0, 4.00
M, 107833333, 2, -316.114746, 816.996948, -224.002502, 1, 0, 0, 0, 4.00
M, 107833333, 3, -211.831818, 810.037415, -161.409073, 1, 0, 0, 0, 4.00
M, 107833333, 4, -268.105103, 816.552490, -175.123886, 1, 0, 0, 0, 3.60
M, 107833333, 5, -176.463089, 810.644592, -162.374817, 1, 0, 0, 0, 4.00
M, 107833333, 6, -152.792892, 811.598572, -163.465851, 1, 0, 0, 0, 4.00
M, 107833333, 7, -130.013077, 811.065186, -167.778992, 1, 0, 0, 0, 4.00
M, 107834375, 0, -313.138855, 818.580811, -181.388153, 1, 0, 0, 0, 4.00
M, 107834375, 1, -240.729340, 810.015869, -165.939880, 1, 0, 0, 0, 3.34
M, 107834375, 2, -316.114441, 816.996277, -224.002167, 1, 0, 0, 0, 4.00
M, 107834375, 3, -211.831284, 810.036682, -161.408737, 1, 0, 0, 0, 4.00
M, 107834375, 4, -268.107239, 816.551575, -175.122345, 1, 0, 0, 0, 4.00
M, 107834375, 5, -176.450394, 810.654663, -162.377258, 1, 0, 0, 0, 3.34
M, 107834375, 6, -152.792114, 811.598877, -163.465851, 1, 0, 0, 0, 4.00
M, 107834375, 7, -130.012527, 811.064819, -167.779175, 1, 0, 0, 0, 4.00
M, 107835417, 0, -313.137726, 818.580322, -181.388092, 1, 0, 0, 0, 4.00
M, 107835417, 1, -240.727203, 810.015869, -165.938751, 1, 0, 0, 0, 4.00
M, 107835417, 2, -316.114136, 817.002380, -224.004471, 1, 0, 0, 0, 3.55
M, 107835417, 3, -211.830811, 810.035828, -161.408447, 1, 0, 0, 0, 4.00
M, 107835417, 4, -268.107239, 816.551147, -175.122910, 1, 0, 0, 0, 4.00
M, 107835417, 5, -176.453583, 810.651062, -162.377197, 1, 0, 0, 0, 4.00
M, 107835417, 6, -152.795090, 811.596619, -163.462753, 1, 0, 0, 0, 3.52
M, 107835417, 7, -130.011932, 811.064453, -167.779343, 1, 0, 0, 0, 4.00
M, 107836458, 0, -313.136536, 818.579834, -181.388092, 1, 0, 0, 0, 4.00
M, 107836458, 1, -240.726639, 810.015625, -165.938217, 1, 0, 0, 0, 4.00
M, 107836458, 2, -316.113831, 817.000671, -224.003754, 1, 0, 0, 0, 4.00
M, 107836458, 3, -211.830338, 810.048096, -161.411301, 1, 0, 0, 0, 3.79
M, 107836458, 4, -268.107300, 816.550659, -175.123474, 1, 0, 0, 0, 4.00
M, 107836458, 5, -176.453049, 810.650696, -162.377670, 1, 0, 0, 0, 4.00
M, 107836458, 6, -152.793610, 811.597351, -163.463196, 1, 0, 0, 0, 4.00
M, 107836458, 7, -130.011169, 811.069458, -167.773392, 1, 0, 0, 0, 3.07
M, 107837500, 0, -313.140350, 818.588196, -181.384705, 1, 0, 0, 0, 3.57
M, 107837500, 1, -240.726074, 810.015381, -165.937714, 1, 0, 0, 0, 4.00
M, 107837500, 2, -316.113556, 817.000854, -224.003632, 1, 0, 0, 0, 4.00
M, 107837500, 3, -211.829803, 810.045105, -161.410446, 1, 0, 0, 0, 4.00
M, 107837500, 4, -268.121124, 816.542236, -175.130264, 1, 0, 0, 0, 3.32
M, 107837500, 5, -176.452484, 810.650330, -162.378159, 1, 0, 0, 0, 4.00
M, 107837500, 6, -152.793243, 811.597473, -163.462845, 1, 0, 0, 0, 4.00
M, 107837500, 7, -130.010620, 811.068054, -167.774582, 1, 0, 0, 0, 4.00
M, 107838542, 0, -313.138367, 818.586365, -181.385239, 1, 0, 0, 0, 4.00
M, 107838542, 1, -240.746994, 810.022766, -165.956039, 1, 0, 0, 0, 3.34
M, 107838542, 2, -316.113251, 817.001038, -224.003601, 1, 0, 0, 0, 4.00
M, 107838542, 3, -211.829315, 810.045776, -161.410477, 1, 0, 0, 0, 4.00
M, 107838542, 4, -268.118927, 816.543091, -175.129852, 1, 0, 0, 0, 4.00
M, 107838542, 5, -176.466721, 810.661316, -162.385071, 1, 0, 0, 0, 3.34
M, 107838542, 6, -152.792831, 811.597534, -163.462479, 1, 0, 0, 0, 4.00
M, 107838542, 7, -130.010086, 811.068237, -167.774078, 1, 0, 0, 0, 4.00
M, 107839583, 0, -313.137787, 818.586792, -181.384827, 1, 0, 0, 0, 4.00
M, 107839583, 1, -240.742844, 810.021240, -165.952347, 1, 0, 0, 0, 4.00
M, 107839583, 2, -316.116943, 817.012939, -224.020981, 1, 0, 0, 0, 3.55
M, 107839583, 3, -211.828842, 810.046448, -161.410507, 1, 0, 0, 0, 4.00
M, 107839583, 4, -268.120483, 816.541870, -175.131104, 1, 0, 0, 0, 4.00
M, 107839583, 5, -176.463684, 810.659241, -162.384476, 1, 0, 0, 0, 4.00
M, 107839583, 6, -152.803329, 811.597656, -163.480057, 1, 0, 0, 0, 3.52
M, 107839583, 7, -130.009521, 811.068359, -167.773560, 1, 0, 0, 0, 4.00
M, 107840625, 0, -313.137177, 818.587341, -181.384399, 1, 0, 0, 0, 4.00
M, 107840625, 1, -240.744629, 810.021790, -165.953888, 1, 0, 0, 0, 4.00
M, 107840625, 2, -316.116058, 817.011108, -224.018051, 1, 0, 0, 0, 4.00
M, 107840625, 3, -211.837814, 810.034912, -161.417618, 1, 0, 0, 0, 3.79
M, 107840625, 4, -268.121979, 816.540649, -175.132385, 1, 0, 0, 0, 4.00
M, 107840625, 5, -176.464752, 810.660339, -162.385635, 1, 0, 0, 0, 4.00
M, 107840625, 6, -152.801086, 811.597778, -163.476730, 1, 0, 0, 0, 4.00
M, 107840625, 7, -130.020813, 811.069885, -167.784836, 1, 0, 0, 0, 3.07
M, 107841667, 0, -313.142914, 818.595154, -181.388092, 1, 0, 0, 0, 3.57
M, 107841667, 1, -240.746429, 810.022217, -165.955444, 1, 0, 0, 0, 4.00
M, 107841667, 2, -316.116150, 817.012390, -224.019897, 1, 0, 0, 0, 4.00
M, 107841667, 3, -211.835754, 810.037598, -161.416489, 1, 0, 0, 0, 4.00
M, 107841667, 4, -268.107727, 816.545471, -175.114822, 1, 0, 0, 0, 3.32
M, 107841667, 5, -176.465775, 810.661316, -162.386826, 1, 0, 0, 0, 4.00
M, 107841667, 6, -152.801895, 811.597900, -163.478333, 1, 0, 0, 0, 4.00
M, 107841667, 7, -130.018311, 811.069885, -167.782410, 1, 0, 0, 0, 4.00
M, 107842708, 0, -313.141235, 818.594543, -181.387024, 1, 0, 0, 0, 4.00
M, 107842708, 1, -240.741745, 810.002502, -165.950195, 1, 0, 0, 0, 3.34
M, 107842708, 2, -316.116394, 817.013794, -224.021774, 1, 0, 0, 0, 4.00
M, 107842708, 3, -211.836288, 810.036987, -161.417267, 1, 0, 0, 0, 4.00
M, 107842708, 4, -268.111847, 816.543152, -175.119186, 1, 0, 0, 0, 4.00
M, 107842708, 5, -176.457840, 810.663269, -162.376068, 1, 0, 0, 0, 3.34
M, 107842708, 6, -152.802673, 811.598022, -163.479889, 1, 0, 0, 0, 4.00
M, 107842708, 7, -130.018997, 811.070190, -167.783218, 1, 0, 0, 0, 4.00
M, 107843750, 0, -313.141296, 818.595764, -181.387054, 1, 0, 0, 0, 4.00
M, 107843750, 1, -240.744583, 810.006592, -165.952850, 1, 0, 0, 0, 4.00
M, 107843750, 2, -316.106689, 817.026123, -224.008575, 1, 0, 0, 0, 3.55
M, 107843750, 3, -211.836807, 810.036316, -161.418045, 1, 0, 0, 0, 4.00
M, 107843750, 4, -268.111664, 816.542480, -175.118408, 1, 0, 0, 0, 4.00
M, 107843750, 5, -176.460403, 810.664001, -162.379257, 1, 0, 0, 0, 4.00
M, 107843750, 6, -152.796707, 811.609070, -163.467667, 1, 0, 0, 0, 3.52
M, 107843750, 7, -130.019745, 811.070496, -167.783997, 1, 0, 0, 0, 4.00
M, 107844792, 0, -313.141418, 818.597290, -181.387146, 1, 0, 0, 0, 4.00
M, 107844792, 1, -240.745621, 810.004883, -165.953659, 1, 0, 0, 0, 4.00
M, 107844792, 2, -316.108521, 817.025635, -224.012924, 1, 0, 0, 0, 4.00
M, 107844792, 3, -211.835281, 810.040405, -161.415894, 1, 0, 0, 0, 3.79
M, 107844792, 4, -268.111542, 816.541809, -175.117599, 1, 0, 0, 0, 4.00
M, 107844792, 5, -176.460526, 810.665100, -162.379105, 1, 0, 0, 0, 4.00
M, 107844792, 6, -152.798615, 811.607178, -163.471603, 1, 0, 0, 0, 4.00
M, 107844792, 7, -130.018768, 811.070313, -167.781616, 1, 0, 0, 0, 3.07
M, 107845833, 0, -313.147034, 818.593811, -181.385239, 1, 0, 0, 0, 3.57
M, 107845833, 1, -240.746689, 810.003296, -165.954437, 1, 0, 0, 0, 4.00
M, 107845833, 2, -316.107574, 817.028320, -224.013168, 1, 0, 0, 0, 4.00
M, 107845833, 3, -211.836121, 810.039185, -161.417175, 1, 0, 0, 0, 4.00
M, 107845833, 4, -268.114594, 816.552917, -175.134445, 1, 0, 0, 0, 3.32
M, 107845833, 5, -176.460587, 810.666016, -162.378983, 1, 0, 0, 0, 4.00
M, 107845833, 6, -152.798706, 811.608398, -163.471664, 1, 0, 0, 0, 4.00
M, 107845833, 7, -130.019745, 811.070740, -167.782928, 1, 0, 0, 0, 4.00
M, 107846875, 0, -313.146240, 818.595825, -181.385620, 1, 0, 0, 0, 4.00
M, 107846875, 1, -240.746155, 810.017822, -165.958328, 1, 0, 0, 0, 3.34
M, 107846875, 2, -316.106689, 817.030884, -224.013382, 1, 0, 0, 0, 4.00
M, 107846875, 3, -211.836411, 810.038940, -161.417679, 1, 0, 0, 0, 4.00
M, 107846875, 4, -268.113861, 816.550232, -175.130737, 1, 0, 0, 0, 4.00
M, 107846875, 5, -176.460495, 810.664917, -162.386673, 1, 0, 0, 0, 3.34
M, 107846875, 6, -152.798737, 811.609680, -163.471771, 1, 0, 0, 0, 4.00
M, 107846875, 7, -130.020340, 811.070923, -167.783401, 1, 0, 0, 0, 4.00
M, 107847917, 0, -313.146912, 818.596558, -181.385452, 1, 0, 0, 0, 4.00
M, 107847917, 1, -240.747467, 810.013489, -165.958603, 1, 0, 0, 0, 4.00
M, 107847917, 2, -316.117004, 817.015930, -224.012695, 1, 0, 0, 0, 3.55
M, 107847917, 3, -211.836777, 810.038879, -161.418167, 1, 0, 0, 0, 4.00
M, 107847917, 4, -268.114105, 816.550842, -175.131882, 1, 0, 0, 0, 4.00
M, 107847917, 5, -176.460617, 810.666260, -162.385300, 1, 0, 0, 0, 4.00
M, 107847917, 6, -152.805832, 811.597778, -163.487900, 1, 0, 0, 0, 3.52
M, 107847917, 7, -130.020874, 811.071167, -167.783813, 1, 0, 0, 0, 4.00
M, 107848958, 0, -313.147614, 818.597412, -181.385239, 1, 0, 0, 0, 4.00
M, 107848958, 1, -240.748413, 810.013428, -165.959793, 1, 0, 0, 0, 4.00
M, 107848958, 2, -316.114197, 817.021545, -224.013046, 1, 0, 0, 0, 4.00
M, 107848958, 3, -211.839996, 810.050110, -161.430679, 1, 0, 0, 0, 3.79
M, 107848958, 4, -268.114288, 816.551453, -175.133041, 1, 0, 0, 0, 4.00
M, 107848958, 5, -176.460709, 810.666992, -162.386047, 1, 0, 0, 0, 4.00
M, 107848958, 6, -152.804718, 811.601196, -163.485336, 1, 0, 0, 0, 4.00
M, 107848958, 7, -130.026001, 811.070984, -167.787155, 1, 0, 0, 0, 3.07
M, 107850000, 0, -313.137848, 818.592957, -181.384613, 1, 0, 0, 0, 3.57
M, 107850000, 1, -240.749374, 810.013611, -165.960953, 1, 0, 0, 0, 4.00
M, 107850000, 2, -316.114502, 817.022217, -224.013168, 1, 0, 0, 0, 4.00
M, 107850000, 3, -211.839813, 810.048096, -161.429123, 1, 0, 0, 0, 4.00
M, 107850000, 4, -268.105530, 816.564026, -175.129852, 1, 0, 0, 0, 3.32
M, 107850000, 5, -176.460754, 810.667786, -162.386795, 1, 0, 0, 0, 4.00
M, 107850000, 6, -152.805527, 811.601135, -163.487152, 1, 0, 0, 0, 4.00
M, 107850000, 7, -130.025833, 811.071350, -167.787155, 1, 0, 0, 0, 4.00
M, 107851042, 0, -313.140228, 818.594543, -181.384583, 1, 0, 0, 0, 4.00
M, 107851042, 1, -240.729889, 810.034119, -165.948593, 1, 0, 0, 0, 3.45
M, 107851042, 2, -316.114807, 817.023010, -224.013290, 1, 0, 0, 0, 4.00
M, 107851042, 3, -211.840408, 810.049255, -161.430969, 1, 0, 0, 0, 4.00
M, 107851042, 4, -268.107178, 816.562683, -175.131729, 1, 0, 0, 0, 4.00
M, 107851042, 5, -176.469284, 810.650146, -162.389206, 1, 0, 0, 0, 3.34
M, 107851042, 6, -152.806335, 811.600952, -163.488998, 1, 0, 0, 0, 4.00
M, 107851042, 7, -130.026840, 811.071533, -167.787933, 1, 0, 0, 0, 4.00
M, 107852083, 0, -313.139801, 818.594788, -181.384338, 1, 0, 0, 0, 4.00
M, 107852083, 1, -240.734116, 810.031006, -165.951935, 1, 0, 0, 0, 4.00
M, 107852083, 2, -316.116699, 817.017822, -224.015915, 1, 0, 0, 0, 3.55
M, 107852083, 3, -211.841064, 810.050293, -161.432709, 1, 0, 0, 0, 4.00
M, 107852083, 4, -268.106415, 816.564636, -175.132416, 1, 0, 0, 0, 4.00
M, 107852083, 5, -176.467972, 810.653931, -162.389709, 1, 0, 0, 0, 4.00
M, 107852083, 6, -152.812378, 811.589966, -163.479645, 1, 0, 0, 0, 3.52
M, 107852083, 7, -130.027908, 811.071716, -167.788712, 1, 0, 0, 0, 4.00
M, 107853125, 0, -313.139343, 818.595093, -181.384140, 1, 0, 0, 0, 4.00
M, 107853125, 1, -240.732803, 810.033203, -165.951599, 1, 0, 0, 0, 4.00
M, 107853125, 2, -316.116638, 817.019592, -224.015579, 1, 0, 0, 0, 4.00
M, 107853125, 3, -211.837845, 810.050110, -161.420242, 1, 0, 0, 0, 3.79
M, 107853125, 4, -268.105591, 816.566650, -175.133072, 1, 0, 0, 0, 4.00
M, 107853125, 5, -176.468964, 810.652771, -162.390610, 1, 0, 0, 0, 4.00
M, 107853125, 6, -152.812347, 811.591492, -163.483337, 1, 0, 0, 0, 4.00
M, 107853125, 7, -130.020462, 811.070251, -167.783401, 1, 0, 0, 0, 3.07
M, 107854167, 0, -313.143555, 818.585999, -181.383896, 1, 0, 0, 0, 3.57
M, 107854167, 1, -240.731461, 810.035706, -165.951279, 1, 0, 0, 0, 4.00
M, 107854167, 2, -316.117188, 817.019714, -224.015961, 1, 0, 0, 0, 4.00
M, 107854167, 3, -211.839096, 810.051514, -161.424362, 1, 0, 0, 0, 4.00
M, 107854167, 4, -268.105469, 816.563232, -175.125824, 1, 0, 0, 0, 3.32
M, 107854167, 5, -176.469940, 810.651611, -162.391556, 1, 0, 0, 0, 4.00
M, 107854167, 6, -152.813751, 811.590149, -163.483932, 1, 0, 0, 0, 4.00
M, 107854167, 7, -130.022903, 811.070740, -167.785126, 1, 0, 0, 0, 4.00
M, 107855208, 0, -313.142365, 818.587830, -181.383682, 1, 0, 0, 0, 4.00
M, 107855208, 1, -240.748306, 810.022827, -165.956161, 1, 0, 0, 0, 3.34
M, 107855208, 2, -316.117584, 817.019775, -224.016357, 1, 0, 0, 0, 4.00
M, 107855208, 3, -211.839279, 810.052612, -161.424530, 1, 0, 0, 0, 4.00
M, 107855208, 4, -268.104553, 816.566040, -175.127823, 1, 0, 0, 0, 4.00
M, 107855208, 5, -176.445740, 810.674255, -162.371292, 1, 0, 0, 0, 3.34
M, 107855208, 6, -152.815186, 811.588745, -163.484589, 1, 0, 0, 0, 4.00
M, 107855208, 7, -130.023026, 811.070801, -167.785217, 1, 0, 0, 0, 4.00
M, 107856250, 0, -313.142426, 818.587036, -181.383453, 1, 0, 0, 0, 4.00
M, 107856250, 1, -240.743973, 810.027710, -165.954971, 1, 0, 0, 0, 4.00
M, 107856250, 2, -316.106262, 817.038025, -224.010544, 1, 0, 0, 0, 3.55
M, 107856250, 3, -211.839447, 810.053589, -161.424774, 1, 0, 0, 0, 4.00
M, 107856250, 4, -268.103790, 816.567566, -175.127579, 1, 0, 0, 0, 4.00
M, 107856250, 5, -176.450867, 810.669189, -162.375732, 1, 0, 0, 0, 4.00
M, 107856250, 6, -152.795609, 811.611877, -163.469360, 1, 0, 0, 0, 3.52
M, 107856250, 7, -130.023148, 811.070862, -167.785309, 1, 0, 0, 0, 4.00
M, 107857292, 0, -313.142487, 818.586243, -181.383240, 1, 0, 0, 0, 4.00
M, 107857292, 1, -240.744598, 810.028564, -165.955139, 1, 0, 0, 0, 4.00
M, 107857292, 2, -316.108765, 817.035034, -224.011978, 1, 0, 0, 0, 4.00
M, 107857292, 3, -211.841034, 810.053040, -161.420776, 1, 0, 0, 0, 3.79
M, 107857292, 4, -268.103088, 816.568848, -175.127411, 1, 0, 0, 0, 4.00
M, 107857292, 5, -176.449081, 810.670654, -162.374344, 1, 0, 0, 0, 4.00
M, 107857292, 6, -152.800430, 811.606506, -163.472580, 1, 0, 0, 0, 4.00
M, 107857292, 7, -130.010391, 811.073669, -167.775177, 1, 0, 0, 0, 3.07
M, 107858333, 0, -313.142914, 818.588440, -181.386734, 1, 0, 0, 0, 3.57
M, 107858333, 1, -240.745239, 810.029358, -165.955414, 1, 0, 0, 0, 4.00
M, 107858333, 2, -316.107941, 817.036987, -224.011673, 1, 0, 0, 0, 4.00
M, 107858333, 3, -211.841003, 810.054382, -161.421707, 1, 0, 0, 0, 4.00
M, 107858333, 4, -268.095581, 816.569946, -175.129196, 1, 0, 0, 0, 3.32
M, 107858333, 5, -176.447327, 810.672119, -162.372940, 1, 0, 0, 0, 4.00
M, 107858333, 6, -152.799515, 811.607849, -163.471451, 1, 0, 0, 0, 4.00
M, 107858333, 7, -130.012589, 811.073181, -167.776993, 1, 0, 0, 0, 4.00
M, 107859375, 0, -313.142853, 818.587158, -181.385895, 1, 0, 0, 0, 4.00
M, 107859375, 1, -240.739868, 810.015930, -165.953888, 1, 0, 0, 0, 3.34
M, 107859375, 2, -316.107117, 817.039063, -224.011383, 1, 0, 0, 0, 4.00
M, 107859375, 3, -211.841354, 810.055176, -161.421463, 1, 0, 0, 0, 4.00
M, 107859375, 4, -268.095978, 816.571289, -175.128662, 1, 0, 0, 0, 4.00
M, 107859375, 5, -176.449860, 810.663452, -162.368973, 1, 0, 0, 0, 3.34
M, 107859375, 6, -152.798584, 811.609253, -163.470352, 1, 0, 0, 0, 4.00
M, 107859375, 7, -130.011307, 811.073547, -167.775986, 1, 0, 0, 0, 4.00
M, 107860417, 0, -313.143036, 818.586731, -181.386139, 1, 0, 0, 0, 4.00
M, 107860417, 1, -240.741501, 810.018860, -165.954376, 1, 0, 0, 0, 4.00
M, 107860417, 2, -316.106628, 817.030640, -224.007416, 1, 0, 0, 0, 3.55
M, 107860417, 3, -211.841721, 810.055969, -161.421265, 1, 0, 0, 0, 4.00
M, 107860417, 4, -268.094482, 816.572571, -175.128662, 1, 0, 0, 0, 4.00
M, 107860417, 5, -176.447388, 810.666565, -162.368027, 1, 0, 0, 0, 4.00
M, 107860417, 6, -152.804688, 811.594299, -163.472321, 1, 0, 0, 0, 3.52
M, 107860417, 7, -130.010025, 811.073853, -167.774933, 1, 0, 0, 0, 4.00
M, 107861458, 0, -313.143097, 818.586243, -181.386307, 1, 0, 0, 0, 4.00
M, 107861458, 1, -240.741501, 810.017944, -165.954437, 1, 0, 0, 0, 4.00
M, 107861458, 2, -316.105804, 817.034241, -224.007736, 1, 0, 0, 0, 4.00
M, 107861458, 3, -211.826279, 810.064941, -161.417450, 1, 0, 0, 0, 3.79
M, 107861458, 4, -268.093018, 816.574097, -175.128693, 1, 0, 0, 0, 4.00
M, 107861458, 5, -176.446045, 810.666992, -162.366348, 1, 0, 0, 0, 4.00
M, 107861458, 6, -152.802643, 811.598328, -163.470673, 1, 0, 0, 0, 4.00
M, 107861458, 7, -130.011459, 811.067383, -167.789749, 1, 0, 0, 0, 3.07
M, 107862500, 0, -313.149628, 818.591736, -181.385803, 1, 0, 0, 0, 3.57
M, 107862500, 1, -240.741501, 810.017151, -165.954483, 1, 0, 0, 0, 4.00
M, 107862500, 2, -316.105072, 817.035034, -224.007080, 1, 0, 0, 0, 4.00
M, 107862500, 3, -211.829269, 810.064331, -161.417801, 1, 0, 0, 0, 4.00
M, 107862500, 4, -268.100677, 816.564758, -175.120605, 1, 0, 0, 0, 3.32
M, 107862500, 5, -176.444733, 810.667419, -162.364685, 1, 0, 0, 0, 4.00
M, 107862500, 6, -152.802490, 811.597961, -163.469864, 1, 0, 0, 0, 4.00
M, 107862500, 7, -130.009705, 811.068787, -167.786118, 1, 0, 0, 0, 4.00
M, 107863542, 0, -313.148682, 818.590271, -181.386139, 1, 0, 0, 0, 4.00
M, 107863542, 1, -240.744781, 810.013062, -165.944473, 1, 0, 0, 0, 3.34
M, 107863542, 2, -316.104248, 817.036011, -224.006378, 1, 0, 0, 0, 4.00
M, 107863542, 3, -211.827927, 810.066040, -161.417206, 1, 0, 0, 0, 4.00
M, 107863542, 4, -268.097778, 816.567627, -175.121979, 1, 0, 0, 0, 4.00
M, 107863542, 5, -176.455963, 810.652710, -162.366165, 1, 0, 0, 0, 3.34
M, 107863542, 6, -152.802307, 811.597534, -163.469101, 1, 0, 0, 0, 4.00
M, 107863542, 7, -130.008743, 811.068298, -167.786850, 1, 0, 0, 0, 4.00
M, 107864583, 0, -313.149414, 818.590515, -181.386246, 1, 0, 0, 0, 4.00
M, 107864583, 1, -240.744247, 810.012634, -165.946213, 1, 0, 0, 0, 4.00
M, 107864583, 2, -316.105804, 817.031128, -224.009888, 1, 0, 0, 0, 3.55
M, 107864583, 3, -211.826584, 810.067749, -161.416611, 1, 0, 0, 0, 4.00
M, 107864583, 4, -268.097229, 816.567932, -175.121094, 1, 0, 0, 0, 4.00
M, 107864583, 5, -176.452591, 810.655396, -162.363968, 1, 0, 0, 0, 4.00
M, 107864583, 6, -152.798965, 811.602722, -163.470139, 1, 0, 0, 0, 3.52
M, 107864583, 7, -130.007767, 811.067871, -167.787537, 1, 0, 0, 0, 4.00
M, 107865625, 0, -313.150238, 818.590820, -181.386368, 1, 0, 0, 0, 4.00
M, 107865625, 1, -240.744598, 810.011536, -165.945160, 1, 0, 0, 0, 4.00
M, 107865625, 2, -316.104675, 817.033020, -224.008484, 1, 0, 0, 0, 4.00
M, 107865625, 3, -211.826309, 810.059631, -161.412796, 1, 0, 0, 0, 3.79
M, 107865625, 4, -268.096832, 816.568054, -175.120255, 1, 0, 0, 0, 4.00
M, 107865625, 5, -176.452652, 810.654053, -162.362656, 1, 0, 0, 0, 4.00
M, 107865625, 6, -152.799332, 811.601440, -163.469040, 1, 0, 0, 0, 4.00
M, 107865625, 7, -130.017212, 811.065674, -167.786911, 1, 0, 0, 0, 3.07
M, 107866667, 0, -313.139618, 818.593201, -181.383514, 1, 0, 0, 0, 3.57
M, 107866667, 1, -240.745026, 810.010132, -165.944122, 1, 0, 0, 0, 4.00
M, 107866667, 2, -316.104126, 817.033325, -224.008286, 1, 0, 0, 0, 4.00
M, 107866667, 3, -211.824738, 810.062927, -161.412674, 1, 0, 0, 0, 4.00
M, 107866667, 4, -268.089661, 816.568787, -175.115280, 1, 0, 0, 0, 3.32
M, 107866667, 5, -176.452713, 810.652832, -162.361313, 1, 0, 0, 0, 4.00
M, 107866667, 6, -152.798889, 811.601501, -163.468506, 1, 0, 0, 0, 4.00
M, 107866667, 7, -130.014526, 811.065430, -167.787872, 1, 0, 0, 0, 4.00
M, 107867708, 0, -313.142242, 818.593079, -181.384109, 1, 0, 0, 0, 4.00
M, 107867708, 1, -240.738312, 810.004456, -165.938629, 1, 0, 0, 0, 3.34
M, 107867708, 2, -316.103516, 817.033569, -224.007980, 1, 0, 0, 0, 4.00
M, 107867708, 3, -211.823486, 810.063599, -161.411728, 1, 0, 0, 0, 4.00
M, 107867708, 4, -268.090332, 816.568970, -175.115067, 1, 0, 0, 0, 4.00
M, 107867708, 5, -176.450745, 810.655090, -162.367599, 1, 0, 0, 0, 3.34
M, 107867708, 6, -152.798370, 811.601624, -163.467911, 1, 0, 0, 0, 4.00
M, 107867708, 7, -130.014679, 811.064819, -167.788406, 1, 0, 0, 0, 4.00
M, 107868750, 0, -313.141785, 818.593567, -181.383926, 1, 0, 0, 0, 4.00
M, 107868750, 1, -240.739807, 810.004272, -165.938278, 1, 0, 0, 0, 4.00
M, 107868750, 2, -316.107513, 817.006226, -224.012329, 1, 0, 0, 0, 3.98
M, 107868750, 3, -211.822266, 810.064148, -161.410767, 1, 0, 0, 0, 4.00
M, 107868750, 4, -268.089142, 816.569092, -175.113754, 1, 0, 0, 0, 4.00
M, 107868750, 5, -176.451172, 810.653137, -162.365036, 1, 0, 0, 0, 4.00
M, 107868750, 6, -152.786697, 811.604187, -163.463318, 1, 0, 0, 0, 3.52
M, 107868750, 7, -130.014862, 811.064209, -167.788971, 1, 0, 0, 0, 4.00
M, 107869792, 0, -313.141418, 818.594055, -181.383682, 1, 0, 0, 0, 4.00
M, 107869792, 1, -240.739395, 810.002502, -165.936752, 1, 0, 0, 0, 4.00
M, 107869792, 2, -316.106262, 817.010986, -224.011322, 1, 0, 0, 0, 4.00
M, 107869792, 3, -211.822311, 810.049866, -161.409225, 1, 0, 0, 0, 3.79
M, 107869792, 4, -268.087952, 816.569458, -175.112442, 1, 0, 0, 0, 4.00
M, 107869792, 5, -176.450989, 810.652283, -162.364563, 1, 0, 0, 0, 4.00
M, 107869792, 6, -152.788086, 811.603943, -163.463440, 1, 0, 0, 0, 4.00
M, 107869792, 7, -130.010330, 811.069397, -167.788879, 1, 0, 0, 0, 3.07
M, 107870833, 0, -313.136993, 818.590881, -181.388046, 1, 0, 0, 0, 3.57
M, 107870833, 1, -240.738937, 810.000854, -165.935242, 1, 0, 0, 0, 4.00
M, 107870833, 2, -316.106262, 817.008118, -224.011612, 1, 0, 0, 0, 4.00
M, 107870833, 3, -211.820862, 810.052979, -161.408325, 1, 0, 0, 0, 4.00
M, 107870833, 4, -268.093903, 816.560669, -175.123474, 1, 0, 0, 0, 3.32
M, 107870833, 5, -176.450867, 810.651245, -162.364090, 1, 0, 0, 0, 4.00
M, 107870833, 6, -152.786331, 811.604309, -163.462418, 1, 0, 0, 0, 4.00
M, 107870833, 7, -130.011276, 811.067749, -167.789566, 1, 0, 0, 0, 4.00
M, 107871875, 0, -313.137238, 818.591858, -181.387024, 1, 0, 0, 0, 4.00
M, 107871875, 1, -240.746994, 810.006653, -165.949341, 1, 0, 0, 0, 3.34
M, 107871875, 2, -316.106262, 817.005371, -224.011887, 1, 0, 0, 0, 4.00
M, 107871875, 3, -211.819733, 810.052002, -161.407288, 1, 0, 0, 0, 4.00
M, 107871875, 4, -268.091522, 816.562378, -175.120132, 1, 0, 0, 0, 4.00
M, 107871875, 5, -176.456299, 810.648743, -162.373795, 1, 0, 0, 0, 3.34
M, 107871875, 6, -152.784668, 811.604675, -163.461411, 1, 0, 0, 0, 4.00
M, 107871875, 7, -130.010925, 811.067749, -167.790070, 1, 0, 0, 0, 4.00
M, 107872917, 0, -313.136292, 818.591919, -181.387329, 1, 0, 0, 0, 4.00
M, 107872917, 1, -240.745148, 810.003723, -165.945221, 1, 0, 0, 0, 4.00
M, 107872917, 2, -316.095062, 817.015259, -224.007324, 1, 0, 0, 0, 3.55
M, 107872917, 3, -211.818588, 810.050903, -161.406204, 1, 0, 0, 0, 4.00
M, 107872917, 4, -268.091156, 816.561646, -175.120193, 1, 0, 0, 0, 4.00
M, 107872917, 5, -176.455215, 810.648071, -162.371597, 1, 0, 0, 0, 4.00
M, 107872917, 6, -152.802185, 811.595703, -163.472168, 1, 0, 0, 0, 3.52
M, 107872917, 7, -130.010590, 811.067688, -167.790558, 1, 0, 0, 0, 4.00
M, 107873958, 0, -313.135468, 818.591919, -181.387558, 1, 0, 0, 0, 4.00
M, 107873958, 1, -240.745651, 810.002930, -165.945374, 1, 0, 0, 0, 4.00
M, 107873958, 2, -316.096863, 817.010376, -224.008392, 1, 0, 0, 0, 4.00
M, 107873958, 3, -211.831650, 810.050476, -161.421265, 1, 0, 0, 0, 3.79
M, 107873958, 4, -268.090668, 816.560791, -175.120224, 1, 0, 0, 0, 4.00
M, 107873958, 5, -176.455643, 810.646973, -162.372223, 1, 0, 0, 0, 4.00
M, 107873958, 6, -152.797302, 811.597595, -163.469208, 1, 0, 0, 0, 4.00
M, 107873958, 7, -130.003448, 811.069031, -167.783630, 1, 0, 0, 0, 3.07
M, 107875000, 0, -313.128052, 818.586182, -181.376709, 1, 0, 0, 0, 3.57
M, 107875000, 1, -240.746155, 810.002014, -165.945557, 1, 0, 0, 0, 4.00
M, 107875000, 2, -316.095551, 817.008972, -224.008102, 1, 0, 0, 0, 4.00
M, 107875000, 3, -211.828247, 810.049316, -161.417587, 1, 0, 0, 0, 4.00
M, 107875000, 4, -268.101105, 816.554382, -175.123383, 1, 0, 0, 0, 3.32
M, 107875000, 5, -176.456085, 810.645996, -162.372849, 1, 0, 0, 0, 4.00
M, 107875000, 6, -152.797714, 811.596924, -163.469513, 1, 0, 0, 0, 4.00
M, 107875000, 7, -130.004242, 811.068726, -167.785400, 1, 0, 0, 0, 4.00
M, 107876042, 0, -313.128296, 818.587219, -181.378860, 1, 0, 0, 0, 4.00
M, 107876042, 1, -240.738403, 810.010254, -165.945908, 1, 0, 0, 0, 3.34
M, 107876042, 2, -316.094238, 817.007751, -224.007858, 1, 0, 0, 0, 4.00
M, 107876042, 3, -211.828720, 810.048279, -161.418335, 1, 0, 0, 0, 4.00
M, 107876042, 4, -268.098907, 816.554443, -175.122910, 1, 0, 0, 0, 4.00
M, 107876042, 5, -176.444733, 810.656555, -162.375000, 1, 0, 0, 0, 3.34
M, 107876042, 6, -152.798080, 811.596375, -163.469757, 1, 0, 0, 0, 4.00
M, 107876042, 7, -130.003174, 811.068909, -167.785065, 1, 0, 0, 0, 4.00
M, 107877083, 0, -313.126740, 818.586609, -181.377960, 1, 0, 0, 0, 4.00
M, 107877083, 1, -240.740311, 810.007935, -165.946030, 1, 0, 0, 0, 4.00
M, 107877083, 2, -316.096130, 817.011230, -224.002609, 1, 0, 0, 0, 3.55
M, 107877083, 3, -211.829208, 810.047241, -161.419083, 1, 0, 0, 0, 4.00
M, 107877083, 4, -268.099670, 816.553101, -175.123260, 1, 0, 0, 0, 4.00
M, 107877083, 5, -176.447083, 810.653748, -162.375351, 1, 0, 0, 0, 4.00
M, 107877083, 6, -152.800461, 811.590088, -163.476761, 1, 0, 0, 0, 3.52
M, 107877083, 7, -130.002075, 811.069031, -167.784775, 1, 0, 0, 0, 4.00
M, 107878125, 0, -313.125153, 818.585938, -181.377014, 1, 0, 0, 0, 4.00
M, 107878125, 1, -240.739899, 810.008118, -165.946213, 1, 0, 0, 0, 4.00
M, 107878125, 2, -316.094421, 817.008911, -224.003204, 1, 0, 0, 0, 4.00
M, 107878125, 3, -211.822052, 810.048645, -161.411362, 1, 0, 0, 0, 3.79
M, 107878125, 4, -268.100464, 816.551697, -175.123657, 1, 0, 0, 0, 4.00
M, 107878125, 5, -176.446213, 810.653870, -162.376129, 1, 0, 0, 0, 4.00
M, 107878125, 6, -152.800522, 811.590454, -163.475922, 1, 0, 0, 0, 4.00
M, 107878125, 7, -130.008331, 811.080444, -167.790314, 1, 0, 0, 0, 3.07
M, 107879167, 0, -313.136414, 818.583435, -181.376953, 1, 0, 0, 0, 3.57
M, 107879167, 1, -240.739517, 810.008301, -165.946381, 1, 0, 0, 0, 4.00
M, 107879167, 2, -316.093506, 817.008057, -224.002411, 1, 0, 0, 0, 4.00
M, 107879167, 3, -211.823715, 810.047363, -161.413452, 1, 0, 0, 0, 4.00
M, 107879167, 4, -268.111176, 816.550415, -175.130035, 1, 0, 0, 0, 3.32
M, 107879167, 5, -176.445389, 810.654114, -162.376938, 1, 0, 0, 0, 4.00
M, 107879167, 6, -152.801147, 811.589294, -163.476898, 1, 0, 0, 0, 4.00
M, 107879167, 7, -130.006042, 811.078796, -167.789063, 1, 0, 0, 0, 4.00
M, 107880208, 0, -313.132721, 818.583191, -181.375854, 1, 0, 0, 0, 4.00
M, 107880208, 1, -240.744598, 809.999268, -165.956284, 1, 0, 0, 0, 3.34
M, 107880208, 2, -316.092621, 817.007080, -224.001602, 1, 0, 0, 0, 4.00
M, 107880208, 3, -211.823303, 810.046631, -161.413208, 1, 0, 0, 0, 4.00
M, 107880208, 4, -268.110291, 816.549011, -175.129410, 1, 0, 0, 0, 4.00
M, 107880208, 5, -176.456802, 810.656372, -162.372253, 1, 0, 0, 0, 3.34
M, 107880208, 6, -152.801773, 811.588013, -163.477951, 1, 0, 0, 0, 4.00
M, 107880208, 7, -130.005737, 811.080139, -167.789413, 1, 0, 0, 0, 4.00
M, 107881250, 0, -313.132477, 818.582336, -181.374985, 1, 0, 0, 0, 4.00
M, 107881250, 1, -240.743332, 810.000732, -165.954849, 1, 0, 0, 0, 4.00
M, 107881250, 2, -316.110077, 817.009705, -224.016022, 1, 0, 0, 0, 3.55
M, 107881250, 3, -211.822891, 810.045959, -161.412979, 1, 0, 0, 0, 4.00
M, 107881250, 4, -268.112122, 816.547791, -175.130386, 1, 0, 0, 0, 4.00
M, 107881250, 5, -176.453903, 810.656311, -162.373978, 1, 0, 0, 0, 4.00
M, 107881250, 6, -152.813156, 811.587830, -163.482025, 1, 0, 0, 0, 3.52
M, 107881250, 7, -130.005493, 811.081482, -167.789719, 1, 0, 0, 0, 4.00
M, 107882292, 0, -313.132355, 818.581482, -181.374146, 1, 0, 0, 0, 4.00
M, 107882292, 1, -240.743530, 809.999756, -165.956100, 1, 0, 0, 0, 4.00
M, 107882292, 2, -316.106140, 817.008240, -224.012695, 1, 0, 0, 0, 4.00
M, 107882292, 3, -211.839096, 810.034912, -161.422058, 1, 0, 0, 0, 3.79
M, 107882292, 4, -268.113983, 816.546326, -175.131424, 1, 0, 0, 0, 4.00
M, 107882292, 5, -176.454407, 810.656738, -162.374161, 1, 0, 0, 0, 4.00
M, 107882292, 6, -152.812027, 811.586426, -163.482559, 1, 0, 0, 0, 4.00
M, 107882292, 7, -130.025558, 811.064636, -167.797440, 1, 0, 0, 0, 3.07
M, 107883333, 0, -313.130737, 818.593750, -181.376572, 1, 0, 0, 0, 3.57
M, 107883333, 1, -240.743774, 809.999023, -165.957352, 1, 0, 0, 0, 4.00
M, 107883333, 2, -316.107239, 817.007935, -224.013580, 1, 0, 0, 0, 4.00
M, 107883333, 3, -211.835968, 810.036011, -161.420303, 1, 0, 0, 0, 4.00
M, 107883333, 4, -268.112732, 816.548767, -175.121979, 1, 0, 0, 0, 3.32
M, 107883333, 5, -176.454926, 810.657227, -162.374344, 1, 0, 0, 0, 4.00
M, 107883333, 6, -152.813812, 811.585266, -163.483871, 1, 0, 0, 0, 4.00
M, 107883333, 7, -130.021896, 811.069031, -167.796539, 1, 0, 0, 0, 4.00
M, 107884375, 0, -313.130798, 818.590637, -181.375198, 1, 0, 0, 0, 4.00
M, 107884375, 1, -240.740051, 810.024292, -165.953476, 1, 0, 0, 0, 3.34
M, 107884375, 2, -316.108246, 817.007446, -224.014420, 1, 0, 0, 0, 4.00
M, 107884375, 3, -211.837494, 810.034058, -161.421143, 1, 0, 0, 0, 4.00
M, 107884375, 4, -268.114990, 816.547119, -175.124695, 1, 0, 0, 0, 4.00
M, 107884375, 5, -176.467499, 810.644165, -162.377945, 1, 0, 0, 0, 3.34
M, 107884375, 6, -152.815598, 811.584106, -163.485245, 1, 0, 0, 0, 4.00
M, 107884375, 7, -130.023804, 811.068359, -167.797638, 1, 0, 0, 0, 4.00
M, 107885417, 0, -313.130463, 818.591370, -181.374695, 1, 0, 0, 0, 4.00
M, 107885417, 1, -240.740906, 810.019165, -165.955597, 1, 0, 0, 0, 4.00
M, 107885417, 2, -316.097565, 817.025940, -224.014023, 1, 0, 0, 0, 3.55
M, 107885417, 3, -211.838882, 810.032227, -161.421951, 1, 0, 0, 0, 4.00
M, 107885417, 4, -268.116547, 816.546082, -175.124603, 1, 0, 0, 0, 4.00
M, 107885417, 5, -176.466003, 810.646851, -162.377579, 1, 0, 0, 0, 4.00
M, 107885417, 6, -152.812256, 811.586975, -163.486618, 1, 0, 0, 0, 3.52
M, 107885417, 7, -130.025803, 811.067688, -167.798813, 1, 0, 0, 0, 4.00
M, 107886458, 0, -313.130157, 818.592041, -181.374207, 1, 0, 0, 0, 4.00
M, 107886458, 1, -240.740738, 810.021057, -165.956314, 1, 0, 0, 0, 4.00
M, 107886458, 2, -316.100616, 817.022339, -224.015076, 1, 0, 0, 0, 4.00
M, 107886458, 3, -211.827530, 810.050598, -161.416199, 1, 0, 0, 0, 3.96
M, 107886458, 4, -268.118042, 816.545288, -175.124481, 1, 0, 0, 0, 4.00
M, 107886458, 5, -176.467789, 810.645874, -162.378159, 1, 0, 0, 0, 4.00
M, 107886458, 6, -152.814850, 811.585205, -163.487930, 1, 0, 0, 0, 4.00
M, 107886458, 7, -130.018433, 811.066467, -167.790695, 1, 0, 0, 0, 3.07
M, 107887500, 0, -313.133057, 818.599182, -181.383926, 1, 0, 0, 0, 3.57
M, 107887500, 1, -240.740494, 810.023071, -165.957001, 1, 0, 0, 0, 4.00
M, 107887500, 2, -316.100433, 817.023804, -224.015793, 1, 0, 0, 0, 4.00
M, 107887500, 3, -211.831055, 810.045471, -161.418106, 1, 0, 0, 0, 4.00
M, 107887500, 4, -268.109924, 816.544983, -175.120728, 1, 0, 0, 0, 3.32
M, 107887500, 5, -176.469650, 810.644836, -162.378754, 1, 0, 0, 0, 4.00
M, 107887500, 6, -152.816132, 811.584351, -163.489304, 1, 0, 0, 0, 4.00
M, 107887500, 7, -130.021927, 811.065857, -167.793350, 1, 0, 0, 0, 4.00
M, 107888542, 0, -313.132233, 818.598694, -181.381744, 1, 0, 0, 0, 4.00
M, 107888542, 1, -240.754684, 810.016418, -165.955292, 1, 0, 0, 0, 3.34
M, 107888542, 2, -316.100189, 817.025513, -224.016479, 1, 0, 0, 0, 4.00
M, 107888542, 3, -211.831116, 810.045898, -161.418213, 1, 0, 0, 0, 4.00
M, 107888542, 4, -268.112976, 816.543823, -175.121201, 1, 0, 0, 0, 4.00
M, 107888542, 5, -176.463379, 810.653625, -162.374344, 1, 0, 0, 0, 3.34
M, 107888542, 6, -152.817352, 811.583679, -163.490677, 1, 0, 0, 0, 4.00
M, 107888542, 7, -130.022873, 811.065063, -167.793533, 1, 0, 0, 0, 4.00
M, 107889583, 0, -313.132233, 818.600098, -181.382370, 1, 0, 0, 0, 4.00
M, 107889583, 1, -240.752121, 810.019592, -165.956390, 1, 0, 0, 0, 4.00
M, 107889583, 2, -316.121765, 817.018311, -224.020859, 1, 0, 0, 0, 3.55
M, 107889583, 3, -211.831146, 810.046204, -161.418304, 1, 0, 0, 0, 4.00
M, 107889583, 4, -268.113434, 816.543091, -175.120667, 1, 0, 0, 0, 4.00
M, 107889583, 5, -176.466537, 810.650818, -162.375732, 1, 0, 0, 0, 4.00
M, 107889583, 6, -152.808395, 811.605408, -163.480652, 1, 0, 0, 0, 3.52
M, 107889583, 7, -130.023834, 811.064392, -167.793655, 1, 0, 0, 0, 4.00
M, 107890625, 0, -313.132233, 818.601440, -181.382980, 1, 0, 0, 0, 4.00
M, 107890625, 1, -240.753433, 810.020752, -165.956818, 1, 0, 0, 0, 4.00
M, 107890625, 2, -316.118011, 817.021362, -224.020981, 1, 0, 0, 0, 4.00
M, 107890625, 3, -211.838806, 810.046509, -161.419495, 1, 0, 0, 0, 3.79
M, 107890625, 4, -268.113922, 816.542236, -175.120132, 1, 0, 0, 0, 4.00
M, 107890625, 5, -176.467499, 810.650879, -162.375763, 1, 0, 0, 0, 4.00
M, 107890625, 6, -152.811310, 811.601013, -163.483871, 1, 0, 0, 0, 4.00
M, 107890625, 7, -130.010361, 811.083862, -167.789413, 1, 0, 0, 0, 3.07
M, 107891667, 0, -313.143433, 818.595276, -181.379608, 1, 0, 0, 0, 3.57
M, 107891667, 1, -240.754791, 810.021790, -165.957230, 1, 0, 0, 0, 4.00
M, 107891667, 2, -316.120209, 817.021912, -224.022110, 1, 0, 0, 0, 4.00
M, 107891667, 3, -211.837570, 810.046875, -161.419418, 1, 0, 0, 0, 4.00
M, 107891667, 4, -268.117615, 816.549500, -175.124725, 1, 0, 0, 0, 3.32
M, 107891667, 5, -176.468445, 810.651001, -162.375763, 1, 0, 0, 0, 4.00
M, 107891667, 6, -152.811432, 811.602661, -163.483994, 1, 0, 0, 0, 4.00
M, 107891667, 7, -130.013702, 811.079834, -167.790314, 1, 0, 0, 0, 4.00
M, 107892708, 0, -313.141602, 818.597961, -181.380890, 1, 0, 0, 0, 4.00
M, 107892708, 1, -240.740311, 810.016052, -165.956390, 1, 0, 0, 0, 3.34
M, 107892708, 2, -316.122375, 817.022522, -224.023178, 1, 0, 0, 0, 4.00
M, 107892708, 3, -211.838470, 810.047180, -161.419647, 1, 0, 0, 0, 4.00
M, 107892708, 4, -268.117493, 816.547424, -175.123322, 1, 0, 0, 0, 4.00
M, 107892708, 5, -176.452393, 810.661011, -162.369873, 1, 0, 0, 0, 3.34
M, 107892708, 6, -152.811523, 811.604431, -163.484116, 1, 0, 0, 0, 4.00
M, 107892708, 7, -130.013046, 811.081360, -167.789963, 1, 0, 0, 0, 4.00
M, 107893750, 0, -313.142853, 818.598511, -181.381119, 1, 0, 0, 0, 4.00
M, 107893750, 1, -240.744308, 810.018250, -165.957047, 1, 0, 0, 0, 4.00
M, 107893750, 2, -316.117249, 817.019287, -224.026337, 1, 0, 0, 0, 3.55
M, 107893750, 3, -211.839340, 810.047485, -161.419891, 1, 0, 0, 0, 4.00
M, 107893750, 4, -268.118347, 816.547302, -175.123413, 1, 0, 0, 0, 4.00
M, 107893750, 5, -176.456146, 810.659302, -162.370880, 1, 0, 0, 0, 4.00
M, 107893750, 6, -152.808716, 811.597778, -163.479324, 1, 0, 0, 0, 3.52
M, 107893750, 7, -130.012390, 811.082825, -167.789627, 1, 0, 0, 0, 4.00
M, 107894792, 0, -313.144104, 818.599060, -181.381302, 1, 0, 0, 0, 4.00
M, 107894792, 1, -240.743896, 810.018494, -165.957352, 1, 0, 0, 0, 4.00
M, 107894792, 2, -316.120697, 817.020630, -224.027145, 1, 0, 0, 0, 4.00
M, 107894792, 3, -211.837540, 810.043945, -161.422150, 1, 0, 0, 0, 3.79
M, 107894792, 4, -268.119171, 816.547241, -175.123444, 1, 0, 0, 0, 4.00
M, 107894792, 5, -176.455215, 810.660400, -162.370224, 1, 0, 0, 0, 4.00
M, 107894792, 6, -152.809280, 811.600952, -163.480240, 1, 0, 0, 0, 4.00
M, 107894792, 7, -130.011276, 811.083130, -167.772247, 1, 0, 0, 0, 3.07
M, 107895833, 0, -313.138306, 818.585693, -181.382233, 1, 0, 0, 0, 3.57
M, 107895833, 1, -240.743530, 810.018799, -165.957657, 1, 0, 0, 0, 4.00
M, 107895833, 2, -316.122009, 817.020813, -224.028427, 1, 0, 0, 0, 4.00
M, 107895833, 3, -211.838852, 810.044922, -161.421997, 1, 0, 0, 0, 4.00
M, 107895833, 4, -268.115936, 816.545410, -175.128296, 1, 0, 0, 0, 3.32
M, 107895833, 5, -176.454330, 810.661499, -162.369629, 1, 0, 0, 0, 4.00
M, 107895833, 6, -152.809052, 811.601807, -163.479828, 1, 0, 0, 0, 4.00
M, 107895833, 7, -130.010712, 811.084900, -167.774719, 1, 0, 0, 0, 4.00
M, 107896875, 0, -313.140747, 818.588501, -181.382324, 1, 0, 0, 0, 4.00
M, 107896875, 1, -240.749786, 810.002808, -165.947510, 1, 0, 0, 0, 3.32
M, 107896875, 2, -316.123444, 817.020996, -224.029800, 1, 0, 0, 0, 4.00
M, 107896875, 3, -211.839447, 810.044861, -161.422455, 1, 0, 0, 0, 4.00
M, 107896875, 4, -268.117432, 816.545715, -175.127579, 1, 0, 0, 0, 4.00
M, 107896875, 5, -176.456375, 810.660706, -162.358658, 1, 0, 0, 0, 3.34
M, 107896875, 6, -152.808807, 811.602783, -163.479355, 1, 0, 0, 0, 4.00
M, 107896875, 7, -130.010025, 811.086304, -167.772491, 1, 0, 0, 0, 4.00
M, 107897917, 0, -313.141174, 818.587463, -181.382553, 1, 0, 0, 0, 4.00
M, 107897917, 1, -240.748306, 810.005859, -165.949539, 1, 0, 0, 0, 4.00
M, 107897917, 2, -316.127655, 817.013062, -224.013260, 1, 0, 0, 0, 3.55
M, 107897917, 3, -211.839996, 810.044861, -161.422867, 1, 0, 0, 0, 4.00
M, 107897917, 4, -268.117798, 816.545532, -175.128098, 1, 0, 0, 0, 4.00
M, 107897917, 5, -176.455032, 810.661926, -162.359787, 1, 0, 0, 0, 4.00
M, 107897917, 6, -152.809219, 811.599548, -163.474991, 1, 0, 0, 0, 3.52
M, 107897917, 7, -130.009308, 811.087708, -167.770279, 1, 0, 0, 0, 4.00
M, 107898958, 0, -313.141663, 818.586609, -181.382828, 1, 0, 0, 0, 4.00
M, 107898958, 1, -240.748657, 810.004333, -165.948715, 1, 0, 0, 0, 4.00
M, 107898958, 2, -316.128632, 817.014648, -224.017578, 1, 0, 0, 0, 4.00
M, 107898958, 3, -211.830627, 810.042664, -161.408325, 1, 0, 0, 0, 3.79
M, 107898958, 4, -268.118225, 816.545349, -175.128693, 1, 0, 0, 0, 4.00
M, 107898958, 5, -176.454391, 810.662964, -162.358002, 1, 0, 0, 0, 4.00
M, 107898958, 6, -152.808929, 811.600952, -163.475235, 1, 0, 0, 0, 4.00
M, 107898958, 7, -130.014496, 811.076721, -167.766235, 1, 0, 0, 0, 3.07
M, 107900000, 0, -313.147980, 818.587830, -181.379166, 1, 0, 0, 0, 3.57
M, 107900000, 1, -240.748993, 810.002991, -165.947845, 1, 0, 0, 0, 4.00
M, 107900000, 2, -316.130341, 817.013855, -224.016922, 1, 0, 0, 0, 4.00
M, 107900000, 3, -211.832901, 810.042969, -161.411240, 1, 0, 0, 0, 4.00
M, 107900000, 4, -268.103088, 816.559143, -175.108627, 1, 0, 0, 0, 3.32
M, 107900000, 5, -176.453842, 810.663696, -162.356247, 1, 0, 0, 0, 4.00
M, 107900000, 6, -152.808807, 811.601318, -163.474396, 1, 0, 0, 0, 4.00
M, 107900000, 7, -130.012802, 811.080078, -167.764328, 1, 0, 0, 0, 4.00
M, 107901042, 0, -313.147491, 818.586487, -181.380051, 1, 0, 0, 0, 4.00
M, 107901042, 1, -240.734467, 810.014526, -165.932083, 1, 0, 0, 0, 3.32
M, 107901042, 2, -316.132019, 817.013184, -224.016327, 1, 0, 0, 0, 4.00
M, 107901042, 3, -211.832367, 810.042664, -161.410049, 1, 0, 0, 0, 4.00
M, 107901042, 4, -268.106049, 816.556641, -175.112595, 1, 0, 0, 0, 4.00
M, 107901042, 5, -176.450027, 810.658386, -162.366882, 1, 0, 0, 0, 3.34
M, 107901042, 6, -152.808655, 811.601685, -163.473541, 1, 0, 0, 0, 4.00
M, 107901042, 7, -130.012772, 811.080139, -167.761917, 1, 0, 0, 0, 4.00
M, 107902083, 0, -313.148560, 818.585693, -181.379929, 1, 0, 0, 0, 4.00
M, 107902083, 1, -240.737274, 810.010864, -165.933716, 1, 0, 0, 0, 4.00
M, 107902083, 2, -316.101501, 817.021301, -223.996780, 1, 0, 0, 0, 3.55
M, 107902083, 3, -211.831879, 810.042358, -161.408859, 1, 0, 0, 0, 4.00
M, 107902083, 4, -268.104736, 816.557983, -175.110901, 1, 0, 0, 0, 4.00
M, 107902083, 5, -176.449966, 810.660400, -162.363068, 1, 0, 0, 0, 4.00
M, 107902083, 6, -152.790863, 811.616394, -163.463013, 1, 0, 0, 0, 3.52
M, 107902083, 7, -130.012680, 811.080139, -167.759491, 1, 0, 0, 0, 4.00
M, 107903125, 0, -313.149628, 818.584961, -181.379761, 1, 0, 0, 0, 4.00
M, 107903125, 1, -240.736023, 810.010803, -165.931244, 1, 0, 0, 0, 4.00
M, 107903125, 2, -316.108521, 817.019165, -223.999283, 1, 0, 0, 0, 4.00
M, 107903125, 3, -211.818588, 810.051392, -161.405701, 1, 0, 0, 0, 3.79
M, 107903125, 4, -268.103424, 816.559204, -175.109222, 1, 0, 0, 0, 4.00
M, 107903125, 5, -176.448990, 810.660645, -162.362717, 1, 0, 0, 0, 4.00
M, 107903125, 6, -152.793701, 811.614319, -163.463791, 1, 0, 0, 0, 4.00
M, 107903125, 7, -130.010391, 811.077637, -167.770401, 1, 0, 0, 0, 3.07
M, 107904167, 0, -313.134155, 818.589478, -181.379135, 1, 0, 0, 0, 3.57
M, 107904167, 1, -240.734772, 810.010864, -165.928802, 1, 0, 0, 0, 4.00
M, 107904167, 2, -316.106628, 817.019653, -223.996597, 1, 0, 0, 0, 4.00
M, 107904167, 3, -211.820206, 810.049622, -161.404816, 1, 0, 0, 0, 4.00
M, 107904167, 4, -268.113098, 816.550415, -175.117874, 1, 0, 0, 0, 3.60
M, 107904167, 5, -176.448044, 810.660950, -162.362274, 1, 0, 0, 0, 4.00
M, 107904167, 6, -152.791611, 811.616333, -163.461853, 1, 0, 0, 0, 4.00
M, 107904167, 7, -130.010651, 811.078125, -167.765823, 1, 0, 0, 0, 4.00
M, 107905208, 0, -313.138031, 818.587830, -181.379074, 1, 0, 0, 0, 4.00
M, 107905208, 1, -240.736832, 810.013428, -165.933807, 1, 0, 0, 0, 3.32
M, 107905208, 2, -316.104828, 817.019897, -223.993912, 1, 0, 0, 0, 4.00
M, 107905208, 3, -211.818298, 810.050232, -161.403381, 1, 0, 0, 0, 4.00
M, 107905208, 4, -268.109985, 816.553467, -175.114471, 1, 0, 0, 0, 4.00
M, 107905208, 5, -176.443649, 810.666504, -162.355804, 1, 0, 0, 0, 3.34
M, 107905208, 6, -152.789581, 811.618225, -163.459946, 1, 0, 0, 0, 4.00
M, 107905208, 7, -130.010361, 811.077881, -167.764862, 1, 0, 0, 0, 4.00
M, 107906250, 0, -313.137360, 818.587585, -181.378891, 1, 0, 0, 0, 4.00
M, 107906250, 1, -240.735016, 810.012939, -165.930084, 1, 0, 0, 0, 4.00
M, 107906250, 2, -316.120087, 816.999451, -224.011612, 1, 0, 0, 0, 3.55
M, 107906250, 3, -211.816452, 810.050964, -161.402008, 1, 0, 0, 0, 4.00
M, 107906250, 4, -268.109863, 816.553650, -175.113937, 1, 0, 0, 0, 4.00
M, 107906250, 5, -176.443268, 810.666077, -162.356400, 1, 0, 0, 0, 4.00
M, 107906250, 6, -152.807907, 811.593140, -163.481171, 1, 0, 0, 0, 3.52
M, 107906250, 7, -130.010025, 811.077637, -167.763916, 1, 0, 0, 0, 4.00
M, 107907292, 0, -313.136658, 818.587402, -181.378677, 1, 0, 0, 0, 4.00
M, 107907292, 1, -240.734116, 810.013245, -165.928436, 1, 0, 0, 0, 4.00
M, 107907292, 2, -316.115448, 817.003052, -224.005600, 1, 0, 0, 0, 4.00
M, 107907292, 3, -211.821518, 810.046570, -161.411072, 1, 0, 0, 0, 3.79
M, 107907292, 4, -268.109741, 816.553894, -175.113373, 1, 0, 0, 0, 4.00
M, 107907292, 5, -176.441925, 810.666870, -162.355301, 1, 0, 0, 0, 4.00
M, 107907292, 6, -152.802490, 811.599365, -163.475418, 1, 0, 0, 0, 4.00
M, 107907292, 7, -130.020493, 811.075500, -167.777863, 1, 0, 0, 0, 3.07
M, 107908333, 0, -313.126923, 818.601990, -181.377960, 1, 0, 0, 0, 3.57
M, 107908333, 1, -240.733154, 810.013367, -165.926773, 1, 0, 0, 0, 4.00
M, 107908333, 2, -316.115509, 817.001160, -224.005173, 1, 0, 0, 0, 4.00
M, 107908333, 3, -211.818466, 810.047913, -161.407944, 1, 0, 0, 0, 4.00
M, 107908333, 4, -268.093781, 816.553284, -175.111588, 1, 0, 0, 0, 3.32
M, 107908333, 5, -176.440613, 810.667664, -162.354248, 1, 0, 0, 0, 4.00
M, 107908333, 6, -152.802673, 811.598450, -163.476044, 1, 0, 0, 0, 4.00
M, 107908333, 7, -130.018402, 811.075562, -167.774399, 1, 0, 0, 0, 4.00
M, 107909375, 0, -313.127777, 818.599182, -181.377899, 1, 0, 0, 0, 4.00
M, 107909375, 1, -240.735962, 810.009644, -165.934616, 1, 0, 0, 0, 3.32
M, 107909375, 2, -316.115631, 816.999146, -224.004761, 1, 0, 0, 0, 4.00
M, 107909375, 3, -211.817276, 810.048218, -161.407608, 1, 0, 0, 0, 4.00
M, 107909375, 4, -268.096283, 816.553711, -175.111191, 1, 0, 0, 0, 4.00
M, 107909375, 5, -176.450867, 810.655762, -162.365189, 1, 0, 0, 0, 3.34
M, 107909375, 6, -152.802780, 811.597412, -163.476608, 1, 0, 0, 0, 4.00
M, 107909375, 7, -130.019241, 811.075195, -167.775055, 1, 0, 0, 0, 4.00
M, 107910417, 0, -313.126038, 818.600708, -181.377609, 1, 0, 0, 0, 4.00
M, 107910417, 1, -240.734467, 810.010498, -165.931396, 1, 0, 0, 0, 4.00
M, 107910417, 2, -316.104706, 817.009399, -224.003815, 1, 0, 0, 0, 3.55
M, 107910417, 3, -211.816177, 810.048340, -161.407364, 1, 0, 0, 0, 4.00
M, 107910417, 4, -268.094482, 816.553711, -175.110474, 1, 0, 0, 0, 4.00
M, 107910417, 5, -176.447647, 810.658691, -162.362122, 1, 0, 0, 0, 4.00
M, 107910417, 6, -152.799957, 811.600342, -163.468979, 1, 0, 0, 0, 3.52
M, 107910417, 7, -130.020111, 811.074829, -167.775742, 1, 0, 0, 0, 4.00
M, 107911458, 0, -313.124420, 818.602051, -181.377365, 1, 0, 0, 0, 4.00
M, 107911458, 1, -240.733963, 810.010193, -165.930771, 1, 0, 0, 0, 4.00
M, 107911458, 2, -316.106628, 817.005432, -224.003418, 1, 0, 0, 0, 4.00
M, 107911458, 3, -211.827530, 810.041321, -161.412613, 1, 0, 0, 0, 3.79
M, 107911458, 4, -268.092590, 816.553955, -175.109787, 1, 0, 0, 0, 4.00
M, 107911458, 5, -176.447586, 810.658020, -162.362350, 1, 0, 0, 0, 4.00
M, 107911458, 6, -152.800644, 811.598572, -163.471008, 1, 0, 0, 0, 4.00
M, 107911458, 7, -129.999832, 811.084473, -167.777023, 1, 0, 0, 0, 3.07
M, 107912500, 0, -313.134979, 818.583313, -181.384430, 1, 0, 0, 0, 3.57
M, 107912500, 1, -240.733459, 810.009949, -165.930176, 1, 0, 0, 0, 4.00
M, 107912500, 2, -316.105438, 817.004700, -224.002975, 1, 0, 0, 0, 4.00
M, 107912500, 3, -211.824371, 810.042542, -161.411484, 1, 0, 0, 0, 4.00
M, 107912500, 4, -268.096771, 816.555847, -175.126221, 1, 0, 0, 0, 3.32
M, 107912500, 5, -176.447556, 810.657471, -162.362625, 1, 0, 0, 0, 4.00
M, 107912500, 6, -152.800461, 811.597961, -163.470673, 1, 0, 0, 0, 4.00
M, 107912500, 7, -130.004196, 811.082336, -167.777618, 1, 0, 0, 0, 4.00
M, 107913542, 0, -313.131287, 818.587952, -181.382980, 1, 0, 0, 0, 4.00
M, 107913542, 1, -240.741959, 809.994446, -165.944183, 1, 0, 0, 0, 3.32
M, 107913542, 2, -316.104370, 817.004028, -224.002502, 1, 0, 0, 0, 4.00
M, 107913542, 3, -211.824615, 810.041931, -161.411789, 1, 0, 0, 0, 4.00
M, 107913542, 4, -268.094025, 816.555542, -175.122726, 1, 0, 0, 0, 4.00
M, 107913542, 5, -176.447266, 810.660400, -162.360596, 1, 0, 0, 0, 3.34
M, 107913542, 6, -152.800308, 811.597351, -163.470413, 1, 0, 0, 0, 4.00
M, 107913542, 7, -130.002731, 811.082947, -167.778336, 1, 0, 0, 0, 4.00
M, 107914583, 0, -313.130920, 818.587158, -181.383545, 1, 0, 0, 0, 4.00
M, 107914583, 1, -240.739990, 809.996643, -165.941132, 1, 0, 0, 0, 4.00
M, 107914583, 2, -316.108429, 817.006042, -224.019104, 1, 0, 0, 0, 3.55
M, 107914583, 3, -211.824844, 810.041260, -161.412140, 1, 0, 0, 0, 4.00
M, 107914583, 4, -268.092773, 816.555969, -175.123856, 1, 0, 0, 0, 4.00
M, 107914583, 5, -176.447266, 810.659119, -162.361252, 1, 0, 0, 0, 4.00
M, 107914583, 6, -152.808777, 811.585144, -163.488464, 1, 0, 0, 0, 3.52
M, 107914583, 7, -130.001297, 811.083618, -167.779114, 1, 0, 0, 0, 4.00
M, 107915625, 0, -313.130554, 818.586304, -181.384109, 1, 0, 0, 0, 4.00
M, 107915625, 1, -240.740494, 809.994751, -165.942154, 1, 0, 0, 0, 4.00
M, 107915625, 2, -316.106384, 817.004944, -224.015793, 1, 0, 0, 0, 4.00
M, 107915625, 3, -211.825455, 810.045898, -161.426987, 1, 0, 0, 0, 3.79
M, 107915625, 4, -268.091583, 816.556335, -175.125015, 1, 0, 0, 0, 4.00
M, 107915625, 5, -176.447174, 810.658997, -162.361221, 1, 0, 0, 0, 4.00
M, 107915625, 6, -152.807190, 811.586426, -163.485123, 1, 0, 0, 0, 4.00
M, 107915625, 7, -130.013275, 811.074768, -167.781845, 1, 0, 0, 0, 3.07
M, 107916667, 0, -313.128174, 818.586914, -181.378616, 1, 0, 0, 0, 3.57
M, 107916667, 1, -240.740967, 809.992798, -165.943130, 1, 0, 0, 0, 4.00
M, 107916667, 2, -316.105865, 817.004578, -224.017197, 1, 0, 0, 0, 4.00
M, 107916667, 3, -211.825623, 810.044495, -161.424927, 1, 0, 0, 0, 4.00
M, 107916667, 4, -268.108917, 816.545349, -175.124664, 1, 0, 0, 0, 3.32
M, 107916667, 5, -176.447083, 810.658813, -162.361221, 1, 0, 0, 0, 4.00
M, 107916667, 6, -152.807938, 811.584595, -163.486801, 1, 0, 0, 0, 4.00
M, 107916667, 7, -130.009613, 811.077087, -167.782272, 1, 0, 0, 0, 4.00
M, 107917708, 0, -313.128113, 818.585876, -181.380112, 1, 0, 0, 0, 4.00
M, 107917708, 1, -240.733841, 810.022400, -165.952637, 1, 0, 0, 0, 3.32
M, 107917708, 2, -316.105316, 817.004211, -224.018524, 1, 0, 0, 0, 4.00
M, 107917708, 3, -211.825867, 810.044434, -161.426804, 1, 0, 0, 0, 4.00
M, 107917708, 4, -268.104736, 816.547546, -175.126129, 1, 0, 0, 0, 4.00
M, 107917708, 5, -176.449341, 810.659607, -162.374283, 1, 0, 0, 0, 3.34
M, 107917708, 6, -152.808685, 811.582825, -163.488525, 1, 0, 0, 0, 4.00
M, 107917708, 7, -130.009613, 811.076782, -167.783188, 1, 0, 0, 0, 4.00
M, 107918750, 0, -313.127533, 818.585266, -181.380020, 1, 0, 0, 0, 4.00
M, 107918750, 1, -240.735550, 810.015381, -165.952164, 1, 0, 0, 0, 4.00
M, 107918750, 2, -316.098114, 817.015381, -224.015228, 1, 0, 0, 0, 3.55
M, 107918750, 3, -211.826096, 810.044373, -161.428711, 1, 0, 0, 0, 4.00
M, 107918750, 4, -268.105591, 816.546753, -175.127136, 1, 0, 0, 0, 4.00
M, 107918750, 5, -176.448868, 810.659241, -162.372070, 1, 0, 0, 0, 4.00
M, 107918750, 6, -152.809723, 811.591370, -163.487930, 1, 0, 0, 0, 3.52
M, 107918750, 7, -130.009674, 811.076233, -167.784180, 1, 0, 0, 0, 4.00
M, 107919792, 0, -313.126984, 818.584778, -181.379929, 1, 0, 0, 0, 4.00
M, 107919792, 1, -240.735153, 810.017029, -165.954071, 1, 0, 0, 0, 4.00
M, 107919792, 2, -316.098633, 817.013184, -224.017395, 1, 0, 0, 0, 4.00
M, 107919792, 3, -211.816391, 810.057678, -161.425278, 1, 0, 0, 0, 3.79
M, 107919792, 4, -268.106415, 816.545776, -175.128128, 1, 0, 0, 0, 4.00
M, 107919792, 5, -176.449081, 810.659119, -162.373505, 1, 0, 0, 0, 4.00
M, 107919792, 6, -152.810501, 811.587830, -163.490021, 1, 0, 0, 0, 4.00
M, 107919792, 7, -130.015778, 811.068542, -167.793686, 1, 0, 0, 0, 3.07
M, 107920833, 0, -313.133301, 818.570496, -181.386459, 1, 0, 0, 0, 3.57
M, 107920833, 1, -240.734833, 810.018555, -165.955978, 1, 0, 0, 0, 4.00
M, 107920833, 2, -316.097321, 817.014099, -224.018265, 1, 0, 0, 0, 4.00
M, 107920833, 3, -211.818329, 810.055420, -161.428116, 1, 0, 0, 0, 4.00
M, 107920833, 4, -268.090271, 816.551819, -175.120667, 1, 0, 0, 0, 3.32
M, 107920833, 5, -176.449234, 810.659119, -162.374939, 1, 0, 0, 0, 4.00
M, 107920833, 6, -152.811279, 811.587158, -163.491501, 1, 0, 0, 0, 4.00
M, 107920833, 7, -130.014801, 811.069458, -167.793198, 1, 0, 0, 0, 4.00
M, 107921875, 0, -313.131653, 818.572144, -181.385239, 1, 0, 0, 0, 4.00
M, 107921875, 1, -240.730652, 810.003967, -165.949722, 1, 0, 0, 0, 3.45
M, 107921875, 2, -316.096008, 817.015015, -224.019119, 1, 0, 0, 0, 4.00
M, 107921875, 3, -211.817490, 810.056885, -161.429428, 1, 0, 0, 0, 4.00
M, 107921875, 4, -268.093903, 816.549744, -175.123108, 1, 0, 0, 0, 4.00
M, 107921875, 5, -176.444305, 810.665833, -162.382629, 1, 0, 0, 0, 3.34
M, 107921875, 6, -152.812088, 811.586426, -163.492966, 1, 0, 0, 0, 4.00
M, 107921875, 7, -130.015518, 811.068115, -167.795105, 1, 0, 0, 0, 4.00
M, 107922917, 0, -313.131866, 818.569946, -181.385895, 1, 0, 0, 0, 4.00
M, 107922917, 1, -240.730896, 810.008240, -165.952972, 1, 0, 0, 0, 4.00
M, 107922917, 2, -316.099823, 817.027466, -224.022339, 1, 0, 0, 0, 3.55
M, 107922917, 3, -211.816681, 810.058167, -161.430801, 1, 0, 0, 0, 4.00
M, 107922917, 4, -268.092957, 816.549622, -175.123169, 1, 0, 0, 0, 4.00
M, 107922917, 5, -176.445328, 810.664612, -162.383011, 1, 0, 0, 0, 4.00
M, 107922917, 6, -152.808624, 811.585571, -163.493744, 1, 0, 0, 0, 3.52
M, 107922917, 7, -130.016174, 811.066956, -167.796982, 1, 0, 0, 0, 4.00
M, 107923958, 0, -313.131989, 818.567810, -181.386490, 1, 0, 0, 0, 4.00
M, 107923958, 1, -240.730179, 810.007996, -165.953949, 1, 0, 0, 0, 4.00
M, 107923958, 2, -316.097687, 817.026306, -224.022858, 1, 0, 0, 0, 4.00
M, 107923958, 3, -211.815262, 810.049988, -161.440903, 1, 0, 0, 0, 3.79
M, 107923958, 4, -268.091919, 816.549377, -175.123230, 1, 0, 0, 0, 4.00
M, 107923958, 5, -176.444962, 810.665344, -162.385132, 1, 0, 0, 0, 4.00
M, 107923958, 6, -152.810120, 811.584961, -163.495285, 1, 0, 0, 0, 4.00
M, 107923958, 7, -130.009735, 811.073547, -167.785721, 1, 0, 0, 0, 3.07
M, 107925000, 0, -313.132355, 818.581726, -181.384277, 1, 0, 0, 0, 3.57
M, 107925000, 1, -240.729370, 810.007813, -165.954971, 1, 0, 0, 0, 4.00
M, 107925000, 2, -316.096985, 817.028442, -224.024017, 1, 0, 0, 0, 4.00
M, 107925000, 3, -211.814545, 810.052979, -161.440781, 1, 0, 0, 0, 4.00
M, 107925000, 4, -268.108215, 816.543579, -175.145233, 1, 0, 0, 0, 3.32
M, 107925000, 5, -176.444550, 810.666077, -162.387207, 1, 0, 0, 0, 4.00
M, 107925000, 6, -152.810410, 811.584229, -163.496658, 1, 0, 0, 0, 4.00
M, 107925000, 7, -130.011612, 811.071045, -167.789780, 1, 0, 0, 0, 4.00
M, 107926042, 0, -313.132538, 818.577026, -181.385361, 1, 0, 0, 0, 4.00
M, 107926042, 1, -240.737808, 810.009338, -165.960983, 1, 0, 0, 0, 3.34
M, 107926042, 2, -316.096252, 817.030640, -224.025085, 1, 0, 0, 0, 4.00
M, 107926042, 3, -211.813614, 810.053345, -161.443069, 1, 0, 0, 0, 4.00
M, 107926042, 4, -268.104340, 816.544312, -175.141708, 1, 0, 0, 0, 4.00
M, 107926042, 5, -176.455215, 810.660767, -162.380722, 1, 0, 0, 0, 3.34
M, 107926042, 6, -152.810776, 811.583496, -163.498032, 1, 0, 0, 0, 4.00
M, 107926042, 7, -130.011520, 811.070679, -167.790253, 1, 0, 0, 0, 4.00
M, 107927083, 0, -313.132782, 818.576477, -181.385712, 1, 0, 0, 0, 4.00
M, 107927083, 1, -240.735519, 810.008911, -165.961197, 1, 0, 0, 0, 4.00
M, 107927083, 2, -316.100311, 817.009094, -224.019669, 1, 0, 0, 0, 3.55
M, 107927083, 3, -211.812744, 810.053711, -161.445404, 1, 0, 0, 0, 4.00
M, 107927083, 4, -268.105225, 816.543457, -175.144180, 1, 0, 0, 0, 4.00
M, 107927083, 5, -176.452988, 810.662476, -162.384232, 1, 0, 0, 0, 4.00
M, 107927083, 6, -152.810471, 811.581604, -163.488312, 1, 0, 0, 0, 3.52
M, 107927083, 7, -130.011398, 811.070374, -167.790695, 1, 0, 0, 0, 4.00
M, 107928125, 0, -313.132965, 818.576050, -181.386017, 1, 0, 0, 0, 4.00
M, 107928125, 1, -240.735718, 810.008972, -165.962723, 1, 0, 0, 0, 4.00
M, 107928125, 2, -316.098816, 817.015259, -224.021866, 1, 0, 0, 0, 4.00
M, 107928125, 3, -211.817581, 810.047119, -161.442184, 1, 0, 0, 0, 3.79
M, 107928125, 4, -268.106110, 816.542725, -175.146622, 1, 0, 0, 0, 4.00
M, 107928125, 5, -176.453812, 810.662537, -162.385361, 1, 0, 0, 0, 4.00
M, 107928125, 6, -152.810898, 811.581116, -163.491531, 1, 0, 0, 0, 4.00
M, 107928125, 7, -130.015335, 811.068054, -167.792694, 1, 0, 0, 0, 3.07
M, 107929167, 0, -313.133911, 818.581238, -181.394119, 1, 0, 0, 0, 3.57
M, 107929167, 1, -240.735962, 810.008972, -165.964325, 1, 0, 0, 0, 4.00
M, 107929167, 2, -316.098572, 817.014832, -224.022263, 1, 0, 0, 0, 4.00
M, 107929167, 3, -211.815704, 810.048645, -161.445374, 1, 0, 0, 0, 4.00
M, 107929167, 4, -268.099731, 816.548523, -175.133484, 1, 0, 0, 0, 3.32
M, 107929167, 5, -176.454620, 810.662659, -162.386520, 1, 0, 0, 0, 4.00
M, 107929167, 6, -152.811157, 811.580383, -163.491684, 1, 0, 0, 0, 4.00
M, 107929167, 7, -130.014557, 811.067993, -167.792908, 1, 0, 0, 0, 4.00
M, 107930208, 0, -313.133972, 818.579895, -181.393143, 1, 0, 0, 0, 4.00
M, 107930208, 1, -240.744598, 810.010742, -165.957855, 1, 0, 0, 0, 3.34
M, 107930208, 2, -316.098389, 817.014282, -224.022705, 1, 0, 0, 0, 4.00
M, 107930208, 3, -211.815430, 810.048279, -161.447067, 1, 0, 0, 0, 4.00
M, 107930208, 4, -268.101776, 816.546753, -175.138489, 1, 0, 0, 0, 4.00
M, 107930208, 5, -176.455750, 810.655762, -162.372253, 1, 0, 0, 0, 3.34
M, 107930208, 6, -152.811432, 811.579529, -163.491867, 1, 0, 0, 0, 4.00
M, 107930208, 7, -130.014923, 811.067383, -167.793533, 1, 0, 0, 0, 4.00
M, 107931250, 0, -313.134277, 818.580200, -181.394302, 1, 0, 0, 0, 4.00
M, 107931250, 1, -240.743439, 810.010437, -165.960754, 1, 0, 0, 0, 4.00
M, 107931250, 2, -316.104828, 817.015320, -224.021652, 1, 0, 0, 0, 3.55
M, 107931250, 3, -211.815201, 810.047852, -161.448761, 1, 0, 0, 0, 4.00
M, 107931250, 4, -268.101837, 816.546753, -175.139267, 1, 0, 0, 0, 4.00
M, 107931250, 5, -176.456528, 810.656860, -162.375946, 1, 0, 0, 0, 4.00
M, 107931250, 6, -152.792480, 811.598999, -163.479050, 1, 0, 0, 0, 3.52
M, 107931250, 7, -130.015274, 811.066956, -167.794128, 1, 0, 0, 0, 4.00
M, 107932292, 0, -313.134491, 818.580444, -181.395493, 1, 0, 0, 0, 4.00
M, 107932292, 1, -240.744598, 810.010620, -165.961441, 1, 0, 0, 0, 4.00
M, 107932292, 2, -316.103516, 817.014648, -224.022308, 1, 0, 0, 0, 4.00
M, 107932292, 3, -211.823746, 810.047119, -161.413666, 1, 0, 0, 0, 3.79
M, 107932292, 4, -268.101898, 816.546753, -175.140045, 1, 0, 0, 0, 4.00
M, 107932292, 5, -176.457367, 810.656250, -162.375412, 1, 0, 0, 0, 4.00
M, 107932292, 6, -152.795929, 811.594788, -163.481369, 1, 0, 0, 0, 4.00
M, 107932292, 7, -130.013184, 811.064331, -167.782272, 1, 0, 0, 0, 3.07
M, 107933333, 0, -313.135803, 818.583740, -181.380325, 1, 0, 0, 0, 3.57
M, 107933333, 1, -240.745743, 810.010864, -165.962112, 1, 0, 0, 0, 4.00
M, 107933333, 2, -316.104126, 817.014282, -224.022552, 1, 0, 0, 0, 4.00
M, 107933333, 3, -211.821991, 810.046814, -161.421371, 1, 0, 0, 0, 4.00
M, 107933333, 4, -268.093231, 816.555786, -175.121658, 1, 0, 0, 0, 3.32
M, 107933333, 5, -176.458252, 810.655396, -162.374878, 1, 0, 0, 0, 4.00
M, 107933333, 6, -152.794113, 811.596069, -163.480118, 1, 0, 0, 0, 4.00
M, 107933333, 7, -130.013931, 811.064148, -167.784973, 1, 0, 0, 0, 4.00
M, 107934375, 0, -313.135925, 818.583557, -181.384201, 1, 0, 0, 0, 4.00
M, 107934375, 1, -240.730423, 810.014099, -165.949188, 1, 0, 0, 0, 3.34
M, 107934375, 2, -316.104614, 817.013916, -224.022827, 1, 0, 0, 0, 4.00
M, 107934375, 3, -211.822647, 810.046387, -161.419052, 1, 0, 0, 0, 4.00
M, 107934375, 4, -268.094788, 816.554260, -175.125626, 1, 0, 0, 0, 4.00
M, 107934375, 5, -176.450027, 810.668396, -162.375763, 1, 0, 0, 0, 3.34
M, 107934375, 6, -152.792297, 811.597473, -163.478897, 1, 0, 0, 0, 4.00
M, 107934375, 7, -130.014053, 811.063232, -167.784241, 1, 0, 0, 0, 4.00
M, 107935417, 0, -313.136353, 818.584045, -181.383606, 1, 0, 0, 0, 4.00
M, 107935417, 1, -240.734360, 810.013733, -165.952164, 1, 0, 0, 0, 4.00
M, 107935417, 2, -316.095306, 817.021362, -224.006226, 1, 0, 0, 0, 3.55
M, 107935417, 3, -211.823334, 810.045959, -161.416733, 1, 0, 0, 0, 4.00
M, 107935417, 4, -268.093903, 816.555115, -175.124283, 1, 0, 0, 0, 4.00
M, 107935417, 5, -176.452362, 810.665466, -162.375000, 1, 0, 0, 0, 4.00
M, 107935417, 6, -152.790924, 811.606262, -163.464859, 1, 0, 0, 0, 3.52
M, 107935417, 7, -130.014145, 811.062378, -167.783524, 1, 0, 0, 0, 4.00
M, 107936458, 0, -313.136780, 818.584595, -181.382980, 1, 0, 0, 0, 4.00
M, 107936458, 1, -240.733704, 810.014343, -165.951385, 1, 0, 0, 0, 4.00
M, 107936458, 2, -316.097443, 817.019958, -224.009232, 1, 0, 0, 0, 4.00
M, 107936458, 3, -211.820267, 810.052612, -161.408798, 1, 0, 0, 0, 3.79
M, 107936458, 4, -268.093018, 816.556213, -175.122940, 1, 0, 0, 0, 4.00
M, 107936458, 5, -176.452240, 810.666260, -162.374634, 1, 0, 0, 0, 4.00
M, 107936458, 6, -152.789078, 811.606384, -163.465759, 1, 0, 0, 0, 4.00
M, 107936458, 7, -129.999771, 811.079407, -167.777267, 1, 0, 0, 0, 3.07
M, 107937500, 0, -313.146790, 818.574585, -181.388092, 1, 0, 0, 0, 3.57
M, 107937500, 1, -240.733078, 810.014648, -165.950623, 1, 0, 0, 0, 4.00
M, 107937500, 2, -316.096863, 817.020630, -224.007629, 1, 0, 0, 0, 4.00
M, 107937500, 3, -211.821579, 810.051086, -161.407364, 1, 0, 0, 0, 4.00
M, 107937500, 4, -268.101715, 816.547058, -175.114288, 1, 0, 0, 0, 3.32
M, 107937500, 5, -176.452087, 810.667114, -162.374252, 1, 0, 0, 0, 4.00
M, 107937500, 6, -152.787323, 811.608398, -163.463104, 1, 0, 0, 0, 4.00
M, 107937500, 7, -130.002258, 811.075623, -167.777435, 1, 0, 0, 0, 4.00
M, 107938542, 0, -313.145599, 818.576904, -181.386551, 1, 0, 0, 0, 4.00
M, 107938542, 1, -240.739777, 810.011536, -165.946945, 1, 0, 0, 0, 3.34
M, 107938542, 2, -316.096313, 817.021118, -224.006073, 1, 0, 0, 0, 4.00
M, 107938542, 3, -211.821869, 810.051270, -161.404480, 1, 0, 0, 0, 4.00
M, 107938542, 4, -268.099274, 816.549622, -175.114227, 1, 0, 0, 0, 4.00
M, 107938542, 5, -176.455276, 810.665466, -162.372574, 1, 0, 0, 0, 3.34
M, 107938542, 6, -152.785538, 811.610596, -163.460449, 1, 0, 0, 0, 4.00
M, 107938542, 7, -130.000793, 811.076782, -167.776062, 1, 0, 0, 0, 4.00
M, 107939583, 0, -313.147034, 818.576294, -181.386551, 1, 0, 0, 0, 4.00
M, 107939583, 1, -240.737869, 810.012634, -165.946655, 1, 0, 0, 0, 4.00
M, 107939583, 2, -316.115204, 816.999939, -224.006256, 1, 0, 0, 0, 3.98
M, 107939583, 3, -211.822174, 810.051575, -161.401535, 1, 0, 0, 0, 4.00
M, 107939583, 4, -268.099426, 816.549500, -175.112091, 1, 0, 0, 0, 4.00
M, 107939583, 5, -176.454559, 810.666626, -162.372406, 1, 0, 0, 0, 4.00
M, 107939583, 6, -152.799591, 811.600037, -163.465485, 1, 0, 0, 0, 3.52
M, 107939583, 7, -129.999237, 811.077942, -167.774719, 1, 0, 0, 0, 4.00
M, 107940625, 0, -313.148499, 818.575684, -181.386581, 1, 0, 0, 0, 4.00
M, 107940625, 1, -240.738052, 810.012756, -165.945557, 1, 0, 0, 0, 4.00
M, 107940625, 2, -316.111389, 817.004089, -224.004379, 1, 0, 0, 0, 4.00
M, 107940625, 3, -211.815369, 810.039551, -161.406830, 1, 0, 0, 0, 3.79
M, 107940625, 4, -268.099609, 816.549377, -175.109940, 1, 0, 0, 0, 4.00
M, 107940625, 5, -176.454834, 810.667175, -162.371887, 1, 0, 0, 0, 4.00
M, 107940625, 6, -152.795212, 811.604248, -163.461578, 1, 0, 0, 0, 4.00
M, 107940625, 7, -130.007889, 811.070923, -167.773270, 1, 0, 0, 0, 3.07
M, 107941667, 0, -313.138672, 818.579285, -181.385269, 1, 0, 0, 0, 3.57
M, 107941667, 1, -240.738205, 810.012878, -165.944412, 1, 0, 0, 0, 4.00
M, 107941667, 2, -316.112946, 817.002380, -224.002975, 1, 0, 0, 0, 4.00
M, 107941667, 3, -211.816772, 810.041870, -161.402481, 1, 0, 0, 0, 4.00
M, 107941667, 4, -268.100800, 816.557068, -175.115341, 1, 0, 0, 0, 3.32
M, 107941667, 5, -176.455032, 810.667603, -162.371353, 1, 0, 0, 0, 4.00
M, 107941667, 6, -152.795181, 811.604980, -163.459793, 1, 0, 0, 0, 4.00
M, 107941667, 7, -130.004730, 811.073303, -167.771957, 1, 0, 0, 0, 4.00
M, 107942708, 0, -313.141998, 818.578003, -181.385483, 1, 0, 0, 0, 4.00
M, 107942708, 1, -240.729675, 810.016541, -165.937210, 1, 0, 0, 0, 3.34
M, 107942708, 2, -316.114502, 817.000610, -224.001602, 1, 0, 0, 0, 4.00
M, 107942708, 3, -211.816299, 810.040833, -161.400452, 1, 0, 0, 0, 4.00
M, 107942708, 4, -268.100800, 816.555481, -175.111969, 1, 0, 0, 0, 4.00
M, 107942708, 5, -176.441803, 810.658447, -162.365097, 1, 0, 0, 0, 3.34
M, 107942708, 6, -152.795090, 811.605835, -163.457977, 1, 0, 0, 0, 4.00
M, 107942708, 7, -130.004303, 811.073608, -167.770584, 1, 0, 0, 0, 4.00
M, 107943750, 0, -313.142120, 818.577942, -181.385300, 1, 0, 0, 0, 4.00
M, 107943750, 1, -240.731247, 810.016235, -165.937119, 1, 0, 0, 0, 4.00
M, 107943750, 2, -316.094482, 817.011780, -224.000824, 1, 0, 0, 0, 3.55
M, 107943750, 3, -211.815796, 810.039856, -161.398407, 1, 0, 0, 0, 4.00
M, 107943750, 4, -268.101105, 816.556152, -175.110687, 1, 0, 0, 0, 4.00
M, 107943750, 5, -176.444244, 810.660706, -162.365509, 1, 0, 0, 0, 4.00
M, 107943750, 6, -152.787949, 811.600403, -163.464752, 1, 0, 0, 0, 3.52
M, 107943750, 7, -130.003952, 811.073792, -167.769241, 1, 0, 0, 0, 4.00
M, 107944792, 0, -313.142365, 818.577820, -181.385178, 1, 0, 0, 0, 4.00
M, 107944792, 1, -240.730423, 810.016663, -165.935303, 1, 0, 0, 0, 4.00
M, 107944792, 2, -316.099609, 817.007996, -223.999313, 1, 0, 0, 0, 4.00
M, 107944792, 3, -211.819901, 810.052612, -161.408417, 1, 0, 0, 0, 3.79
M, 107944792, 4, -268.101349, 816.557007, -175.109314, 1, 0, 0, 0, 4.00
M, 107944792, 5, -176.442993, 810.660217, -162.364380, 1, 0, 0, 0, 4.00
M, 107944792, 6, -152.789108, 811.602112, -163.461502, 1, 0, 0, 0, 4.00
M, 107944792, 7, -130.003418, 811.079346, -167.778534, 1, 0, 0, 0, 3.07
M, 107945833, 0, -313.142609, 818.572205, -181.396088, 1, 0, 0, 0, 3.57
M, 107945833, 1, -240.729645, 810.017151, -165.933502, 1, 0, 0, 0, 4.00
M, 107945833, 2, -316.098755, 817.007629, -223.997971, 1, 0, 0, 0, 4.00
M, 107945833, 3, -211.818588, 810.049316, -161.404327, 1, 0, 0, 0, 4.00
M, 107945833, 4, -268.110596, 816.543030, -175.120544, 1, 0, 0, 0, 3.32
M, 107945833, 5, -176.441803, 810.659607, -162.363281, 1, 0, 0, 0, 4.00
M, 107945833, 6, -152.788269, 811.602295, -163.460632, 1, 0, 0, 0, 4.00
M, 107945833, 7, -130.003052, 811.078735, -167.775406, 1, 0, 0, 0, 4.00
M, 107946875, 0, -313.142792, 818.573059, -181.394058, 1, 0, 0, 0, 4.00
M, 107946875, 1, -240.736923, 810.010071, -165.947754, 1, 0, 0, 0, 3.34
M, 107946875, 2, -316.097931, 817.007324, -223.996658, 1, 0, 0, 0, 4.00
M, 107946875, 3, -211.818588, 810.049622, -161.403580, 1, 0, 0, 0, 4.00
M, 107946875, 4, -268.109406, 816.546265, -175.117157, 1, 0, 0, 0, 4.00
M, 107946875, 5, -176.445480, 810.651001, -162.370346, 1, 0, 0, 0, 3.34
M, 107946875, 6, -152.787460, 811.602417, -163.459732, 1, 0, 0, 0, 4.00
M, 107946875, 7, -130.002609, 811.079712, -167.775177, 1, 0, 0, 0, 4.00
M, 107947917, 0, -313.142975, 818.572327, -181.395126, 1, 0, 0, 0, 4.00
M, 107947917, 1, -240.734833, 810.011719, -165.943344, 1, 0, 0, 0, 4.00
M, 107947917, 2, -316.108063, 817.004333, -224.003922, 1, 0, 0, 0, 3.55
M, 107947917, 3, -211.818649, 810.050110, -161.402878, 1, 0, 0, 0, 4.00
M, 107947917, 4, -268.110657, 816.545288, -175.117218, 1, 0, 0, 0, 4.00
M, 107947917, 5, -176.443451, 810.651794, -162.367874, 1, 0, 0, 0, 4.00
M, 107947917, 6, -152.794083, 811.594727, -163.471664, 1, 0, 0, 0, 3.52
M, 107947917, 7, -130.002228, 811.080566, -167.774994, 1, 0, 0, 0, 4.00
M, 107948958, 0, -313.143219, 818.571655, -181.396240, 1, 0, 0, 0, 4.00
M, 107948958, 1, -240.734924, 810.011353, -165.943344, 1, 0, 0, 0, 4.00
M, 107948958, 2, -316.105438, 817.004272, -224.001190, 1, 0, 0, 0, 4.00
M, 107948958, 3, -211.833679, 810.036133, -161.416275, 1, 0, 0, 0, 3.79
M, 107948958, 4, -268.111969, 816.544373, -175.117279, 1, 0, 0, 0, 4.00
M, 107948958, 5, -176.442703, 810.650391, -162.367599, 1, 0, 0, 0, 4.00
M, 107948958, 6, -152.791992, 811.596313, -163.468613, 1, 0, 0, 0, 4.00
M, 107948958, 7, -130.011734, 811.062988, -167.778870, 1, 0, 0, 0, 3.07
M, 107950000, 0, -313.135162, 818.571899, -181.394653, 1, 0, 0, 0, 3.57
M, 107950000, 1, -240.735046, 810.011108, -165.943344, 1, 0, 0, 0, 4.00
M, 107950000, 2, -316.105865, 817.003540, -224.000854, 1, 0, 0, 0, 4.00
M, 107950000, 3, -211.831177, 810.039063, -161.413177, 1, 0, 0, 0, 4.00
M, 107950000, 4, -268.108490, 816.543152, -175.132172, 1, 0, 0, 0, 3.32
M, 107950000, 5, -176.442047, 810.648865, -162.367371, 1, 0, 0, 0, 4.00
M, 107950000, 6, -152.791992, 811.595520, -163.469162, 1, 0, 0, 0, 4.00
M, 107950000, 7, -130.009674, 811.066895, -167.777969, 1, 0, 0, 0, 4.00
M, 107951042, 0, -313.136780, 818.571106, -181.396179, 1, 0, 0, 0, 4.00
M, 107951042, 1, -240.727615, 810.020203, -165.947128, 1, 0, 0, 0, 3.34
M, 107951042, 2, -316.106262, 817.002991, -224.000473, 1, 0, 0, 0, 4.00
M, 107951042, 3, -211.832779, 810.038086, -161.413986, 1, 0, 0, 0, 4.00
M, 107951042, 4, -268.110596, 816.542297, -175.129791, 1, 0, 0, 0, 4.00
M, 107951042, 5, -176.452332, 810.641602, -162.380478, 1, 0, 0, 0, 3.34
M, 107951042, 6, -152.791992, 811.594849, -163.469696, 1, 0, 0, 0, 4.00
M, 107951042, 7, -130.010361, 811.065796, -167.778214, 1, 0, 0, 0, 4.00
M, 107952083, 0, -313.136047, 818.570496, -181.396927, 1, 0, 0, 0, 4.00
M, 107952083, 1, -240.728928, 810.018372, -165.946442, 1, 0, 0, 0, 4.00
M, 107952083, 2, -316.094482, 817.007507, -224.005096, 1, 0, 0, 0, 3.55
M, 107952083, 3, -211.834473, 810.036987, -161.414825, 1, 0, 0, 0, 4.00
M, 107952083, 4, -268.111298, 816.541382, -175.131454, 1, 0, 0, 0, 4.00
M, 107952083, 5, -176.449860, 810.640991, -162.378036, 1, 0, 0, 0, 4.00
M, 107952083, 6, -152.797180, 811.590454, -163.476303, 1, 0, 0, 0, 3.52
M, 107952083, 7, -130.011047, 811.064575, -167.778519, 1, 0, 0, 0, 4.00
M, 107953125, 0, -313.135345, 818.569824, -181.397690, 1, 0, 0, 0, 4.00
M, 107953125, 1, -240.728210, 810.019165, -165.946854, 1, 0, 0, 0, 4.00
M, 107953125, 2, -316.096863, 817.005920, -224.003922, 1, 0, 0, 0, 4.00
M, 107953125, 3, -211.828430, 810.040161, -161.423737, 1, 0, 0, 0, 3.79
M, 107953125, 4, -268.112091, 816.540405, -175.133133, 1, 0, 0, 0, 4.00
M, 107953125, 5, -176.450363, 810.638977, -162.379288, 1, 0, 0, 0, 4.00
M, 107953125, 6, -152.796265, 811.590393, -163.475769, 1, 0, 0, 0, 4.00
M, 107953125, 7, -129.999100, 811.075623, -167.776993, 1, 0, 0, 0, 3.07
M, 107954167, 0, -313.142242, 818.582275, -181.393463, 1, 0, 0, 0, 3.57
M, 107954167, 1, -240.727493, 810.019714, -165.947220, 1, 0, 0, 0, 4.00
M, 107954167, 2, -316.095947, 817.005676, -224.004074, 1, 0, 0, 0, 4.00
M, 107954167, 3, -211.831406, 810.038208, -161.423233, 1, 0, 0, 0, 4.00
M, 107954167, 4, -268.094849, 816.552002, -175.123917, 1, 0, 0, 0, 3.32
M, 107954167, 5, -176.450897, 810.636963, -162.380508, 1, 0, 0, 0, 4.00
M, 107954167, 6, -152.796799, 811.589294, -163.476959, 1, 0, 0, 0, 4.00
M, 107954167, 7, -130.001862, 811.072449, -167.777527, 1, 0, 0, 0, 4.00
M, 107955208, 0, -313.140228, 818.579529, -181.395065, 1, 0, 0, 0, 4.00
M, 107955208, 1, -240.733673, 810.008972, -165.946808, 1, 0, 0, 0, 3.34
M, 107955208, 2, -316.095062, 817.005554, -224.004227, 1, 0, 0, 0, 4.00
M, 107955208, 3, -211.832214, 810.037659, -161.424957, 1, 0, 0, 0, 4.00
M, 107955208, 4, -268.098602, 816.549011, -175.127411, 1, 0, 0, 0, 4.00
M, 107955208, 5, -176.451111, 810.653809, -162.380035, 1, 0, 0, 0, 3.34
M, 107955208, 6, -152.797333, 811.588318, -163.478104, 1, 0, 0, 0, 4.00
M, 107955208, 7, -130.001175, 811.072510, -167.777618, 1, 0, 0, 0, 4.00
M, 107956250, 0, -313.140411, 818.580322, -181.395309, 1, 0, 0, 0, 4.00
M, 107956250, 1, -240.731827, 810.011414, -165.947342, 1, 0, 0, 0, 4.00
M, 107956250, 2, -316.102692, 817.018921, -224.021866, 1, 0, 0, 0, 3.55
M, 107956250, 3, -211.833023, 810.036987, -161.426620, 1, 0, 0, 0, 4.00
M, 107956250, 4, -268.097351, 816.549377, -175.127884, 1, 0, 0, 0, 4.00
M, 107956250, 5, -176.451614, 810.648743, -162.381485, 1, 0, 0, 0, 4.00
M, 107956250, 6, -152.780914, 811.616028, -163.479050, 1, 0, 0, 0, 3.52
M, 107956250, 7, -130.000427, 811.072693, -167.777618, 1, 0, 0, 0, 4.00
M, 107957292, 0, -313.140472, 818.581360, -181.395493, 1, 0, 0, 0, 4.00
M, 107957292, 1, -240.731857, 810.010925, -165.947632, 1, 0, 0, 0, 4.00
M, 107957292, 2, -316.100433, 817.016479, -224.019119, 1, 0, 0, 0, 4.00
M, 107957292, 3, -211.819931, 810.050354, -161.418488, 1, 0, 0, 0, 3.96
M, 107957292, 4, -268.096161, 816.549866, -175.128357, 1, 0, 0, 0, 4.00
M, 107957292, 5, -176.452087, 810.648743, -162.382538, 1, 0, 0, 0, 4.00
M, 107957292, 6, -152.784302, 811.610046, -163.480270, 1, 0, 0, 0, 4.00
M, 107957292, 7, -129.997162, 811.086670, -167.783401, 1, 0, 0, 0, 3.07
M, 107958333, 0, -313.133026, 818.581665, -181.394180, 1, 0, 0, 0, 3.57
M, 107958333, 1, -240.731857, 810.010315, -165.947937, 1, 0, 0, 0, 4.00
M, 107958333, 2, -316.100433, 817.017883, -224.021240, 1, 0, 0, 0, 4.00
M, 107958333, 3, -211.822998, 810.047485, -161.421799, 1, 0, 0, 0, 4.00
M, 107958333, 4, -268.088837, 816.555176, -175.142212, 1, 0, 0, 0, 3.32
M, 107958333, 5, -176.452530, 810.648804, -162.383545, 1, 0, 0, 0, 4.00
M, 107958333, 6, -152.782990, 811.612122, -163.481461, 1, 0, 0, 0, 4.00
M, 107958333, 7, -129.996857, 811.084778, -167.782501, 1, 0, 0, 0, 4.00
M, 107959375, 0, -313.134369, 818.582397, -181.394653, 1, 0, 0, 0, 4.00
M, 107959375, 1, -240.736832, 810.005493, -165.966736, 1, 0, 0, 0, 3.34
M, 107959375, 2, -316.100433, 817.019226, -224.023300, 1, 0, 0, 0, 4.00
M, 107959375, 3, -211.822342, 810.048401, -161.422455, 1, 0, 0, 0, 4.00
M, 107959375, 4, -268.088654, 816.554871, -175.140518, 1, 0, 0, 0, 4.00
M, 107959375, 5, -176.444458, 810.654846, -162.389481, 1, 0, 0, 0, 3.34
M, 107959375, 6, -152.781723, 811.614075, -163.482620, 1, 0, 0, 0, 4.00
M, 107959375, 7, -129.995850, 811.086365, -167.783157, 1, 0, 0, 0, 4.00
M, 107960417, 0, -313.133667, 818.583130, -181.394714, 1, 0, 0, 0, 4.00
M, 107960417, 1, -240.736023, 810.005615, -165.963974, 1, 0, 0, 0, 4.00
M, 107960417, 2, -316.101990, 817.010620, -224.024307, 1, 0, 0, 0, 3.55
M, 107960417, 3, -211.821640, 810.049194, -161.423050, 1, 0, 0, 0, 4.00
M, 107960417, 4, -268.086731, 816.555786, -175.142487, 1, 0, 0, 0, 4.00
M, 107960417, 5, -176.446396, 810.653687, -162.389709, 1, 0, 0, 0, 4.00
M, 107960417, 6, -152.792892, 811.602112, -163.487091, 1, 0, 0, 0, 3.52
M, 107960417, 7, -129.994827, 811.088013, -167.783813, 1, 0, 0, 0, 4.00
M, 107961458, 0, -313.132965, 818.583984, -181.394775, 1, 0, 0, 0, 4.00
M, 107961458, 1, -240.736618, 810.004517, -165.966293, 1, 0, 0, 0, 4.00
M, 107961458, 2, -316.101746, 817.013367, -224.026581, 1, 0, 0, 0, 4.00
M, 107961458, 3, -211.819733, 810.042603, -161.425797, 1, 0, 0, 0, 3.79
M, 107961458, 4, -268.084839, 816.556946, -175.144424, 1, 0, 0, 0, 4.00
M, 107961458, 5, -176.445923, 810.654480, -162.391266, 1, 0, 0, 0, 4.00
M, 107961458, 6, -152.789551, 811.606506, -163.487717, 1, 0, 0, 0, 4.00
M, 107961458, 7, -130.004929, 811.071716, -167.780838, 1, 0, 0, 0, 3.07
M, 107962500, 0, -313.127289, 818.586792, -181.398178, 1, 0, 0, 0, 3.57
M, 107962500, 1, -240.737152, 810.003601, -165.968613, 1, 0, 0, 0, 4.00
M, 107962500, 2, -316.101990, 817.013611, -224.028549, 1, 0, 0, 0, 4.00
M, 107962500, 3, -211.819244, 810.044800, -161.426086, 1, 0, 0, 0, 4.00
M, 107962500, 4, -268.100647, 816.557739, -175.149399, 1, 0, 0, 0, 3.32
M, 107962500, 5, -176.445450, 810.655090, -162.392838, 1, 0, 0, 0, 4.00
M, 107962500, 6, -152.789612, 811.606995, -163.489243, 1, 0, 0, 0, 4.00
M, 107962500, 7, -130.002106, 811.076416, -167.782089, 1, 0, 0, 0, 4.00
M, 107963542, 0, -313.127472, 818.587158, -181.397690, 1, 0, 0, 0, 4.00
M, 107963542, 1, -240.735931, 810.016968, -165.960861, 1, 0, 0, 0, 3.34
M, 107963542, 2, -316.102203, 817.013916, -224.030548, 1, 0, 0, 0, 4.00
M, 107963542, 3, -211.818420, 810.044983, -161.426926, 1, 0, 0, 0, 4.00
M, 107963542, 4, -268.095795, 816.558716, -175.150833, 1, 0, 0, 0, 4.00
M, 107963542, 5, -176.453308, 810.665527, -162.388458, 1, 0, 0, 0, 3.32
M, 107963542, 6, -152.789673, 811.607483, -163.490799, 1, 0, 0, 0, 4.00
M, 107963542, 7, -130.002335, 811.076111, -167.782379, 1, 0, 0, 0, 4.00
M, 107964583, 0, -313.126160, 818.588135, -181.398117, 1, 0, 0, 0, 4.00
M, 107964583, 1, -240.736801, 810.013550, -165.964859, 1, 0, 0, 0, 4.00
M, 107964583, 2, -316.100800, 817.020508, -224.029556, 1, 0, 0, 0, 3.55
M, 107964583, 3, -211.817520, 810.045044, -161.427780, 1, 0, 0, 0, 4.00
M, 107964583, 4, -268.095795, 816.559753, -175.153091, 1, 0, 0, 0, 4.00
M, 107964583, 5, -176.451523, 810.664490, -162.390991, 1, 0, 0, 0, 4.00
M, 107964583, 6, -152.790207, 811.599915, -163.492050, 1, 0, 0, 0, 3.52
M, 107964583, 7, -130.002518, 811.075928, -167.782684, 1, 0, 0, 0, 4.00
M, 107965625, 0, -313.124908, 818.589172, -181.398499, 1, 0, 0, 0, 4.00
M, 107965625, 1, -240.737152, 810.014160, -165.966110, 1, 0, 0, 0, 4.00
M, 107965625, 2, -316.101196, 817.019775, -224.031937, 1, 0, 0, 0, 4.00
M, 107965625, 3, -211.817276, 810.052124, -161.427429, 1, 0, 0, 0, 3.79
M, 107965625, 4, -268.095856, 816.560608, -175.155365, 1, 0, 0, 0, 4.00
M, 107965625, 5, -176.451996, 810.666138, -162.391953, 1, 0, 0, 0, 4.00
M, 107965625, 6, -152.790207, 811.601746, -163.493591, 1, 0, 0, 0, 4.00
M, 107965625, 7, -130.005981, 811.068970, -167.786255, 1, 0, 0, 0, 3.07
M, 107966667, 0, -313.120789, 818.592957, -181.392395, 1, 0, 0, 0, 3.57
M, 107966667, 1, -240.737579, 810.014648, -165.967300, 1, 0, 0, 0, 4.00
M, 107966667, 2, -316.101196, 817.020813, -224.033615, 1, 0, 0, 0, 4.00
M, 107966667, 3, -211.816391, 810.050903, -161.428467, 1, 0, 0, 0, 4.00
M, 107966667, 4, -268.069519, 816.567749, -175.145401, 1, 0, 0, 0, 3.32
M, 107966667, 5, -176.452454, 810.667908, -162.392868, 1, 0, 0, 0, 4.00
M, 107966667, 6, -152.790329, 811.601440, -163.495117, 1, 0, 0, 0, 4.00
M, 107966667, 7, -130.005707, 811.069702, -167.786026, 1, 0, 0, 0, 4.00
M, 107967708, 0, -313.119965, 818.593445, -181.393875, 1, 0, 0, 0, 4.00
M, 107967708, 1, -240.720322, 810.007080, -165.947632, 1, 0, 0, 0, 3.34
M, 107967708, 2, -316.101257, 817.021667, -224.035248, 1, 0, 0, 0, 4.00
M, 107967708, 3, -211.815674, 810.051758, -161.429214, 1, 0, 0, 0, 4.00
M, 107967708, 4, -268.073944, 816.567749, -175.149643, 1, 0, 0, 0, 4.00
M, 107967708, 5, -176.434540, 810.650513, -162.379349, 1, 0, 0, 0, 3.32
M, 107967708, 6, -152.790451, 811.601074, -163.496628, 1, 0, 0, 0, 4.00
M, 107967708, 7, -130.006241, 811.068665, -167.786652, 1, 0, 0, 0, 4.00
M, 107968750, 0, -313.118408, 818.594666, -181.393646, 1, 0, 0, 0, 4.00
M, 107968750, 1, -240.723618, 810.008972, -165.952286, 1, 0, 0, 0, 4.00
M, 107968750, 2, -316.093384, 817.000549, -224.012451, 1, 0, 0, 0, 3.55
M, 107968750, 3, -211.814896, 810.052490, -161.429932, 1, 0, 0, 0, 4.00
M, 107968750, 4, -268.071075, 816.569397, -175.150589, 1, 0, 0, 0, 4.00
M, 107968750, 5, -176.438080, 810.655334, -162.382675, 1, 0, 0, 0, 4.00
M, 107968750, 6, -152.787323, 811.602478, -163.477386, 1, 0, 0, 0, 3.52
M, 107968750, 7, -130.006836, 811.067688, -167.787308, 1, 0, 0, 0, 4.00
M, 107969792, 0, -313.116852, 818.596008, -181.393280, 1, 0, 0, 0, 4.00
M, 107969792, 1, -240.722076, 810.008484, -165.951248, 1, 0, 0, 0, 4.00
M, 107969792, 2, -316.094696, 817.005188, -224.018112, 1, 0, 0, 0, 4.00
M, 107969792, 3, -211.807571, 810.057983, -161.417236, 1, 0, 0, 0, 3.79
M, 107969792, 4, -268.068268, 816.570862, -175.151520, 1, 0, 0, 0, 4.00
M, 107969792, 5, -176.436508, 810.654968, -162.382019, 1, 0, 0, 0, 4.00
M, 107969792, 6, -152.788010, 811.601624, -163.482330, 1, 0, 0, 0, 4.00
M, 107969792, 7, -129.991470, 811.067810, -167.783218, 1, 0, 0, 0, 3.07
M, 107970833, 0, -313.121338, 818.586304, -181.401276, 1, 0, 0, 0, 3.57
M, 107970833, 1, -240.720520, 810.008118, -165.950195, 1, 0, 0, 0, 4.00
M, 107970833, 2, -316.093872, 817.003784, -224.017044, 1, 0, 0, 0, 4.00
M, 107970833, 3, -211.807861, 810.058105, -161.420181, 1, 0, 0, 0, 4.00
M, 107970833, 4, -268.088837, 816.553162, -175.133423, 1, 0, 0, 0, 3.32
M, 107970833, 5, -176.434952, 810.654663, -162.381378, 1, 0, 0, 0, 4.00
M, 107970833, 6, -152.787766, 811.601440, -163.481552, 1, 0, 0, 0, 4.00
M, 107970833, 7, -129.994690, 811.066650, -167.784653, 1, 0, 0, 0, 4.00
M, 107971875, 0, -313.118774, 818.589417, -181.399597, 1, 0, 0, 0, 4.00
M, 107971875, 1, -240.719208, 810.004150, -165.945068, 1, 0, 0, 0, 3.34
M, 107971875, 2, -316.092926, 817.002319, -224.015961, 1, 0, 0, 0, 4.00
M, 107971875, 3, -211.806396, 810.059448, -161.419418, 1, 0, 0, 0, 4.00
M, 107971875, 4, -268.082153, 816.557983, -175.137512, 1, 0, 0, 0, 4.00
M, 107971875, 5, -176.433884, 810.664001, -162.385300, 1, 0, 0, 0, 3.32
M, 107971875, 6, -152.787521, 811.601318, -163.480774, 1, 0, 0, 0, 4.00
M, 107971875, 7, -129.993454, 811.065735, -167.784775, 1, 0, 0, 0, 4.00
M, 107972917, 0, -313.117798, 818.589539, -181.400253, 1, 0, 0, 0, 4.00
M, 107972917, 1, -240.717606, 810.004272, -165.944687, 1, 0, 0, 0, 4.00
M, 107972917, 2, -316.095673, 817.025879, -224.023804, 1, 0, 0, 0, 3.55
M, 107972917, 3, -211.804947, 810.060730, -161.418701, 1, 0, 0, 0, 4.00
M, 107972917, 4, -268.081848, 816.557495, -175.136383, 1, 0, 0, 0, 4.00
M, 107972917, 5, -176.432236, 810.662048, -162.383881, 1, 0, 0, 0, 4.00
M, 107972917, 6, -152.788071, 811.596863, -163.483170, 1, 0, 0, 0, 3.52
M, 107972917, 7, -129.992264, 811.064819, -167.784836, 1, 0, 0, 0, 4.00
M, 107973958, 0, -313.116974, 818.589600, -181.400848, 1, 0, 0, 0, 4.00
M, 107973958, 1, -240.716110, 810.003479, -165.943192, 1, 0, 0, 0, 4.00
M, 107973958, 2, -316.094238, 817.020264, -224.021332, 1, 0, 0, 0, 4.00
M, 107973958, 3, -211.811462, 810.063599, -161.421997, 1, 0, 0, 0, 3.79
M, 107973958, 4, -268.081604, 816.557007, -175.135239, 1, 0, 0, 0, 4.00
M, 107973958, 5, -176.430756, 810.662659, -162.383728, 1, 0, 0, 0, 4.00
M, 107973958, 6, -152.787674, 811.597473, -163.481857, 1, 0, 0, 0, 4.00
M, 107973958, 7, -129.997574, 811.067688, -167.786911, 1, 0, 0, 0, 3.07
M, 107975000, 0, -313.122925, 818.584290, -181.389404, 1, 0, 0, 0, 3.57
M, 107975000, 1, -240.714600, 810.002625, -165.941742, 1, 0, 0, 0, 4.00
M, 107975000, 2, -316.093750, 817.021545, -224.021271, 1, 0, 0, 0, 4.00
M, 107975000, 3, -211.808670, 810.064697, -161.420609, 1, 0, 0, 0, 4.00
M, 107975000, 4, -268.076447, 816.558411, -175.124481, 1, 0, 0, 0, 3.60
M, 107975000, 5, -176.429260, 810.663330, -162.383575, 1, 0, 0, 0, 4.00
M, 107975000, 6, -152.787521, 811.596802, -163.481400, 1, 0, 0, 0, 4.00
M, 107975000, 7, -129.995316, 811.066223, -167.786743, 1, 0, 0, 0, 4.00
M, 107976042, 0, -313.120850, 818.585205, -181.391968, 1, 0, 0, 0, 4.00
M, 107976042, 1, -240.732452, 810.006104, -165.950653, 1, 0, 0, 0, 3.34
M, 107976042, 2, -316.093323, 817.022766, -224.021179, 1, 0, 0, 0, 4.00
M, 107976042, 3, -211.808105, 810.066040, -161.420303, 1, 0, 0, 0, 4.00
M, 107976042, 4, -268.076965, 816.557617, -175.124969, 1, 0, 0, 0, 4.00
M, 107976042, 5, -176.438385, 810.651367, -162.380066, 1, 0, 0, 0, 3.32
M, 107976042, 6, -152.787384, 811.596313, -163.480988, 1, 0, 0, 0, 4.00
M, 107976042, 7, -129.994858, 811.065735, -167.787033, 1, 0, 0, 0, 4.00
M, 107977083, 0, -313.120789, 818.584656, -181.391251, 1, 0, 0, 0, 4.00
M, 107977083, 1, -240.727737, 810.004700, -165.947433, 1, 0, 0, 0, 4.00
M, 107977083, 2, -316.077789, 817.025940, -224.018707, 1, 0, 0, 0, 3.55
M, 107977083, 3, -211.807541, 810.067505, -161.420074, 1, 0, 0, 0, 4.00
M, 107977083, 4, -268.076141, 816.557312, -175.122757, 1, 0, 0, 0, 4.00
M, 107977083, 5, -176.435135, 810.654053, -162.380478, 1, 0, 0, 0, 4.00
M, 107977083, 6, -152.768753, 811.611206, -163.468292, 1, 0, 0, 0, 3.52
M, 107977083, 7, -129.994354, 811.065247, -167.787369, 1, 0, 0, 0, 4.00
M, 107978125, 0, -313.120544, 818.584106, -181.390579, 1, 0, 0, 0, 4.00
M, 107978125, 1, -240.728333, 810.004395, -165.947067, 1, 0, 0, 0, 4.00
M, 107978125, 2, -316.079803, 817.026794, -224.019012, 1, 0, 0, 0, 4.00
M, 107978125, 3, -211.808609, 810.054565, -161.414368, 1, 0, 0, 0, 3.79
M, 107978125, 4, -268.075287, 816.557007, -175.120605, 1, 0, 0, 0, 4.00
M, 107978125, 5, -176.434799, 810.653320, -162.379944, 1, 0, 0, 0, 4.00
M, 107978125, 6, -152.771667, 811.607910, -163.469925, 1, 0, 0, 0, 4.00
M, 107978125, 7, -129.998886, 811.074036, -167.788406, 1, 0, 0, 0, 3.07
M, 107979167, 0, -313.131531, 818.585449, -181.396210, 1, 0, 0, 0, 3.57
M, 107979167, 1, -240.728897, 810.004211, -165.946716, 1, 0, 0, 0, 4.00
M, 107979167, 2, -316.077667, 817.028259, -224.018707, 1, 0, 0, 0, 4.00
M, 107979167, 3, -211.807739, 810.058350, -161.414993, 1, 0, 0, 0, 4.00
M, 107979167, 4, -268.090912, 816.550537, -175.135544, 1, 0, 0, 0, 3.32
M, 107979167, 5, -176.434448, 810.652771, -162.379410, 1, 0, 0, 0, 4.00
M, 107979167, 6, -152.769501, 811.608948, -163.468140, 1, 0, 0, 0, 4.00
M, 107979167, 7, -129.997604, 811.072021, -167.788651, 1, 0, 0, 0, 4.00
M, 107980208, 0, -313.129486, 818.584656, -181.394470, 1, 0, 0, 0, 4.00
M, 107980208, 1, -240.715073, 810.008057, -165.948685, 1, 0, 0, 0, 3.34
M, 107980208, 2, -316.075500, 817.029907, -224.018356, 1, 0, 0, 0, 4.00
M, 107980208, 3, -211.807327, 810.058228, -161.414108, 1, 0, 0, 0, 4.00
M, 107980208, 4, -268.087402, 816.551392, -175.130508, 1, 0, 0, 0, 4.00
M, 107980208, 5, -176.442322, 810.650635, -162.377884, 1, 0, 0, 0, 3.32
M, 107980208, 6, -152.767319, 811.609985, -163.466354, 1, 0, 0, 0, 4.00
M, 107980208, 7, -129.997696, 811.072449, -167.789032, 1, 0, 0, 0, 4.00
M, 107981250, 0, -313.130554, 818.584290, -181.394424, 1, 0, 0, 0, 4.00
M, 107981250, 1, -240.718018, 810.007019, -165.947937, 1, 0, 0, 0, 4.00
M, 107981250, 2, -316.094696, 817.013794, -224.024307, 1, 0, 0, 0, 3.55
M, 107981250, 3, -211.806915, 810.058105, -161.413269, 1, 0, 0, 0, 4.00
M, 107981250, 4, -268.088287, 816.550415, -175.130203, 1, 0, 0, 0, 4.00
M, 107981250, 5, -176.440552, 810.650269, -162.377502, 1, 0, 0, 0, 4.00
M, 107981250, 6, -152.785446, 811.593567, -163.474289, 1, 0, 0, 0, 3.52
M, 107981250, 7, -129.997787, 811.072937, -167.789474, 1, 0, 0, 0, 4.00
M, 107982292, 0, -313.131653, 818.583923, -181.394424, 1, 0, 0, 0, 4.00
M, 107982292, 1, -240.717041, 810.007202, -165.947815, 1, 0, 0, 0, 4.00
M, 107982292, 2, -316.089111, 817.018311, -224.022919, 1, 0, 0, 0, 4.00
M, 107982292, 3, -211.814270, 810.034058, -161.414230, 1, 0, 0, 0, 3.79
M, 107982292, 4, -268.089355, 816.549500, -175.129913, 1, 0, 0, 0, 4.00
M, 107982292, 5, -176.441086, 810.649475, -162.376877, 1, 0, 0, 0, 4.00
M, 107982292, 6, -152.779922, 811.597351, -163.470947, 1, 0, 0, 0, 4.00
M, 107982292, 7, -129.989410, 811.071655, -167.774216, 1, 0, 0, 0, 3.07
M, 107983333, 0, -313.119293, 818.581665, -181.393845, 1, 0, 0, 0, 3.57
M, 107983333, 1, -240.716080, 810.007446, -165.947723, 1, 0, 0, 0, 4.00
M, 107983333, 2, -316.089294, 817.017883, -224.023300, 1, 0, 0, 0, 4.00
M, 107983333, 3, -211.812515, 810.037964, -161.413040, 1, 0, 0, 0, 4.00
M, 107983333, 4, -268.090973, 816.542480, -175.126038, 1, 0, 0, 0, 3.32
M, 107983333, 5, -176.441666, 810.648621, -162.376221, 1, 0, 0, 0, 4.00
M, 107983333, 6, -152.779953, 811.596497, -163.470169, 1, 0, 0, 0, 4.00
M, 107983333, 7, -129.990921, 811.072449, -167.777267, 1, 0, 0, 0, 4.00
M, 107984375, 0, -313.122589, 818.581665, -181.393936, 1, 0, 0, 0, 4.00
M, 107984375, 1, -240.715576, 810.011719, -165.948471, 1, 0, 0, 0, 3.34
M, 107984375, 2, -316.089447, 817.017456, -224.023651, 1, 0, 0, 0, 4.00
M, 107984375, 3, -211.812988, 810.035217, -161.412354, 1, 0, 0, 0, 4.00
M, 107984375, 4, -268.091858, 816.542542, -175.126328, 1, 0, 0, 0, 4.00
M, 107984375, 5, -176.440430, 810.670654, -162.390579, 1, 0, 0, 0, 3.32
M, 107984375, 6, -152.780014, 811.595703, -163.469452, 1, 0, 0, 0, 4.00
M, 107984375, 7, -129.990067, 811.072693, -167.775955, 1, 0, 0, 0, 4.00
M, 107985417, 0, -313.122162, 818.581055, -181.393845, 1, 0, 0, 0, 4.00
M, 107985417, 1, -240.714569, 810.011169, -165.948227, 1, 0, 0, 0, 4.00
M, 107985417, 2, -316.073669, 817.011719, -224.005539, 1, 0, 0, 0, 3.55
M, 107985417, 3, -211.813400, 810.032715, -161.411667, 1, 0, 0, 0, 4.00
M, 107985417, 4, -268.092834, 816.540894, -175.125626, 1, 0, 0, 0, 4.00
M, 107985417, 5, -176.441299, 810.666016, -162.387451, 1, 0, 0, 0, 4.00
M, 107985417, 6, -152.783707, 811.592773, -163.478989, 1, 0, 0, 0, 3.52
M, 107985417, 7, -129.989227, 811.072998, -167.774673, 1, 0, 0, 0, 4.00
M, 107986458, 0, -313.121735, 818.580688, -181.393784, 1, 0, 0, 0, 4.00
M, 107986458, 1, -240.713608, 810.011841, -165.948196, 1, 0, 0, 0, 4.00
M, 107986458, 2, -316.076477, 817.012329, -224.008926, 1, 0, 0, 0, 4.00
M, 107986458, 3, -211.805099, 810.048645, -161.412323, 1, 0, 0, 0, 3.79
M, 107986458, 4, -268.093964, 816.539246, -175.124939, 1, 0, 0, 0, 4.00
M, 107986458, 5, -176.441666, 810.667786, -162.388458, 1, 0, 0, 0, 4.00
M, 107986458, 6, -152.783142, 811.592285, -163.476547, 1, 0, 0, 0, 4.00
M, 107986458, 7, -129.991730, 811.064819, -167.786377, 1, 0, 0, 0, 3.07
M, 107987500, 0, -313.122925, 818.581299, -181.395370, 1, 0, 0, 0, 3.57
M, 107987500, 1, -240.712631, 810.012451, -165.948166, 1, 0, 0, 0, 4.00
M, 107987500, 2, -316.074921, 817.011292, -224.007233, 1, 0, 0, 0, 4.00
M, 107987500, 3, -211.806976, 810.042847, -161.411423, 1, 0, 0, 0, 4.00
M, 107987500, 4, -268.080322, 816.552917, -175.125290, 1, 0, 0, 0, 3.32
M, 107987500, 5, -176.441986, 810.669495, -162.389481, 1, 0, 0, 0, 4.00
M, 107987500, 6, -152.783600, 811.591248, -163.476959, 1, 0, 0, 0, 4.00
M, 107987500, 7, -129.990356, 811.066528, -167.782928, 1, 0, 0, 0, 4.00
M, 107988542, 0, -313.122223, 818.580750, -181.395020, 1, 0, 0, 0, 4.00
M, 107988542, 1, -240.727051, 810.004028, -165.960266, 1, 0, 0, 0, 3.34
M, 107988542, 2, -316.073364, 817.010376, -224.005600, 1, 0, 0, 0, 4.00
M, 107988542, 3, -211.806427, 810.042236, -161.410919, 1, 0, 0, 0, 4.00
M, 107988542, 4, -268.083771, 816.548828, -175.124420, 1, 0, 0, 0, 4.00
M, 107988542, 5, -176.443619, 810.657410, -162.389008, 1, 0, 0, 0, 3.34
M, 107988542, 6, -152.784012, 811.590149, -163.477386, 1, 0, 0, 0, 4.00
M, 107988542, 7, -129.989883, 811.065918, -167.783035, 1, 0, 0, 0, 4.00
M, 107989583, 0, -313.121979, 818.580261, -181.395126, 1, 0, 0, 0, 4.00
M, 107989583, 1, -240.723679, 810.005920, -165.958298, 1, 0, 0, 0, 4.00
M, 107989583, 2, -316.083374, 817.007996, -224.015610, 1, 0, 0, 0, 3.55
M, 107989583, 3, -211.805923, 810.041687, -161.410385, 1, 0, 0, 0, 4.00
M, 107989583, 4, -268.083160, 816.548828, -175.123825, 1, 0, 0, 0, 4.00
M, 107989583, 5, -176.443771, 810.661377, -162.390259, 1, 0, 0, 0, 4.00
M, 107989583, 6, -152.786697, 811.599976, -163.477676, 1, 0, 0, 0, 3.52
M, 107989583, 7, -129.989410, 811.065247, -167.783157, 1, 0, 0, 0, 4.00
M, 107990625, 0, -313.121735, 818.579956, -181.395218, 1, 0, 0, 0, 4.00
M, 107990625, 1, -240.724396, 810.005493, -165.959610, 1, 0, 0, 0, 4.00
M, 107990625, 2, -316.079926, 817.007019, -224.011978, 1, 0, 0, 0, 4.00
M, 107990625, 3, -211.815262, 810.043518, -161.425842, 1, 0, 0, 0, 3.79
M, 107990625, 4, -268.082703, 816.548828, -175.123230, 1, 0, 0, 0, 4.00
M, 107990625, 5, -176.444275, 810.661499, -162.391083, 1, 0, 0, 0, 4.00
M, 107990625, 6, -152.786789, 811.597107, -163.478104, 1, 0, 0, 0, 4.00
M, 107990625, 7, -129.991196, 811.070496, -167.793976, 1, 0, 0, 0, 3.07
M, 107991667, 0, -313.121155, 818.578979, -181.395020, 1, 0, 0, 0, 3.57
M, 107991667, 1, -240.725174, 810.005005, -165.960953, 1, 0, 0, 0, 4.00
M, 107991667, 2, -316.079620, 817.005920, -224.011581, 1, 0, 0, 0, 4.00
M, 107991667, 3, -211.813110, 810.042480, -161.422714, 1, 0, 0, 0, 4.00
M, 107991667, 4, -268.095795, 816.535095, -175.141052, 1, 0, 0, 0, 3.32
M, 107991667, 5, -176.444794, 810.661682, -162.391953, 1, 0, 0, 0, 4.00
M, 107991667, 6, -152.787460, 811.597229, -163.478516, 1, 0, 0, 0, 4.00
M, 107991667, 7, -129.990356, 811.068848, -167.792343, 1, 0, 0, 0, 4.00
M, 107992708, 0, -313.120911, 818.578674, -181.395187, 1, 0, 0, 0, 4.00
M, 107992708, 1, -240.727386, 809.994202, -165.961288, 1, 0, 0, 0, 3.45
M, 107992708, 2, -316.079315, 817.004761, -224.011261, 1, 0, 0, 0, 4.00
M, 107992708, 3, -211.813644, 810.041992, -161.423889, 1, 0, 0, 0, 4.00
M, 107992708, 4, -268.092957, 816.537537, -175.137390, 1, 0, 0, 0, 4.00
M, 107992708, 5, -176.453049, 810.653503, -162.399551, 1, 0, 0, 0, 3.34
M, 107992708, 6, -152.788147, 811.597412, -163.478928, 1, 0, 0, 0, 4.00
M, 107992708, 7, -129.990128, 811.068848, -167.793655, 1, 0, 0, 0, 4.00
M, 107993750, 0, -313.120667, 818.578186, -181.395248, 1, 0, 0, 0, 4.00
M, 107993750, 1, -240.727921, 809.995483, -165.962830, 1, 0, 0, 0, 4.00
M, 107993750, 2, -316.079376, 817.018188, -224.017166, 1, 0, 0, 0, 3.55
M, 107993750, 3, -211.814240, 810.041687, -161.425140, 1, 0, 0, 0, 4.00
M, 107993750, 4, -268.093903, 816.535889, -175.138855, 1, 0, 0, 0, 4.00
M, 107993750, 5, -176.452271, 810.654968, -162.399277, 1, 0, 0, 0, 4.00
M, 107993750, 6, -152.778549, 811.603088, -163.482925, 1, 0, 0, 0, 3.52
M, 107993750, 7, -129.989883, 811.068848, -167.794968, 1, 0, 0, 0, 4.00
M, 107994792, 0, -313.120361, 818.577820, -181.395340, 1, 0, 0, 0, 4.00
M, 107994792, 1, -240.728836, 809.993835, -165.964020, 1, 0, 0, 0, 4.00
M, 107994792, 2, -316.078979, 817.014648, -224.015732, 1, 0, 0, 0, 4.00
M, 107994792, 3, -211.823364, 810.050781, -161.438156, 1, 0, 0, 0, 3.79
M, 107994792, 4, -268.094849, 816.534546, -175.140244, 1, 0, 0, 0, 4.00
M, 107994792, 5, -176.453613, 810.654236, -162.400864, 1, 0, 0, 0, 4.00
M, 107994792, 6, -152.780945, 811.602356, -163.482742, 1, 0, 0, 0, 4.00
M, 107994792, 7, -129.999176, 811.070801, -167.797287, 1, 0, 0, 0, 3.07
M, 107995833, 0, -313.121460, 818.581970, -181.391525, 1, 0, 0, 0, 3.57
M, 107995833, 1, -240.729767, 809.992126, -165.965225, 1, 0, 0, 0, 4.00
M, 107995833, 2, -316.078735, 817.015137, -224.016022, 1, 0, 0, 0, 4.00
M, 107995833, 3, -211.822464, 810.048828, -161.437408, 1, 0, 0, 0, 4.00
M, 107995833, 4, -268.092224, 816.543823, -175.136795, 1, 0, 0, 0, 3.32
M, 107995833, 5, -176.454987, 810.653442, -162.402466, 1, 0, 0, 0, 4.00
M, 107995833, 6, -152.780487, 811.603088, -163.483521, 1, 0, 0, 0, 4.00
M, 107995833, 7, -129.997421, 811.070374, -167.798416, 1, 0, 0, 0, 4.00
M, 107996875, 0, -313.120911, 818.580688, -181.392212, 1, 0, 0, 0, 4.00
M, 107996875, 1, -240.722397, 810.000977, -165.967834, 1, 0, 0, 0, 3.34
M, 107996875, 2, -316.078491, 817.015625, -224.016327, 1, 0, 0, 0, 4.00
M, 107996875, 3, -211.823898, 810.049500, -161.439880, 1, 0, 0, 0, 4.00
M, 107996875, 4, -268.093781, 816.540466, -175.139023, 1, 0, 0, 0, 4.00
M, 107996875, 5, -176.450684, 810.653137, -162.396652, 1, 0, 0, 0, 3.34
M, 107996875, 6, -152.780075, 811.603882, -163.484329, 1, 0, 0, 0, 4.00
M, 107996875, 7, -129.998230, 811.070618, -167.799850, 1, 0, 0, 0, 4.00
M, 107997917, 0, -313.120789, 818.580750, -181.391876, 1, 0, 0, 0, 4.00
M, 107997917, 1, -240.724640, 809.997803, -165.968796, 1, 0, 0, 0, 4.00
M, 107997917, 2, -316.107117, 816.997437, -224.034210, 1, 0, 0, 0, 3.55
M, 107997917, 3, -211.825455, 810.050171, -161.442383, 1, 0, 0, 0, 4.00
M, 107997917, 4, -268.094330, 816.540161, -175.139923, 1, 0, 0, 0, 4.00
M, 107997917, 5, -176.452988, 810.652283, -162.399490, 1, 0, 0, 0, 4.00
M, 107997917, 6, -152.792023, 811.596436, -163.494965, 1, 0, 0, 0, 3.52
M, 107997917, 7, -129.999100, 811.070801, -167.801285, 1, 0, 0, 0, 4.00
M, 107998958, 0, -313.120667, 818.580811, -181.391495, 1, 0, 0, 0, 4.00
M, 107998958, 1, -240.724701, 809.997192, -165.970169, 1, 0, 0, 0, 4.00
M, 107998958, 2, -316.102112, 817.000916, -224.031586, 1, 0, 0, 0, 4.00
M, 107998958, 3, -211.824738, 810.061401, -161.443253, 1, 0, 0, 0, 3.79
M, 107998958, 4, -268.094849, 816.539795, -175.140823, 1, 0, 0, 0, 4.00
M, 107998958, 5, -176.453735, 810.651550, -162.400269, 1, 0, 0, 0, 4.00
M, 107998958, 6, -152.789551, 811.598511, -163.494125, 1, 0, 0, 0, 4.00
M, 107998958, 7, -129.999573, 811.070984, -167.799728, 1, 0, 0, 0, 3.07
M, 108000000, 0, -313.116394, 818.575867, -181.387741, 1, 0, 0, 0, 3.57
M, 108000000, 1, -240.724701, 809.996765, -165.971542, 1, 0, 0, 0, 4.00
M, 108000000, 2, -316.105072, 816.999268, -224.033844, 1, 0, 0, 0, 4.00
M, 108000000, 3, -211.826584, 810.060303, -161.446030, 1, 0, 0, 0, 4.00
M, 108000000, 4, -268.088654, 816.549255, -175.137665, 1, 0, 0, 0, 3.32
M, 108000000, 5, -176.454468, 810.650818, -162.401047, 1, 0, 0, 0, 4.00
M, 108000000, 6, -152.790482, 811.598389, -163.496002, 1, 0, 0, 0, 4.00
M, 108000000, 7, -130.000427, 811.071289, -167.801636, 1, 0, 0, 0, 4.00
M, 108001042, 0, -313.116913, 818.576904, -181.387955, 1, 0, 0, 0, 4.00
M, 108001042, 1, -240.714264, 810.014221, -165.963791, 1, 0, 0, 0, 3.34
M, 108001042, 2, -316.107941, 816.997681, -224.036057, 1, 0, 0, 0, 4.00
M, 108001042, 3, -211.827835, 810.061951, -161.448318, 1, 0, 0, 0, 4.00
M, 108001042, 4, -268.090332, 816.547363, -175.139206, 1, 0, 0, 0, 4.00
M, 108001042, 5, -176.432800, 810.659241, -162.396606, 1, 0, 0, 0, 3.34
M, 108001042, 6, -152.791367, 811.598145, -163.497849, 1, 0, 0, 0, 4.00
M, 108001042, 7, -130.001205, 811.071472, -167.802704, 1, 0, 0, 0, 4.00
M, 108002083, 0, -313.116333, 818.576477, -181.387268, 1, 0, 0, 0, 4.00
M, 108002083, 1, -240.715973, 810.010925, -165.966644, 1, 0, 0, 0, 4.00
M, 108002083, 2, -316.087555, 817.000488, -224.026840, 1, 0, 0, 0, 3.55
M, 108002083, 3, -211.829086, 810.063904, -161.450638, 1, 0, 0, 0, 4.00
M, 108002083, 4, -268.090210, 816.548157, -175.139679, 1, 0, 0, 0, 4.00
M, 108002083, 5, -176.437271, 810.656982, -162.398300, 1, 0, 0, 0, 4.00
M, 108002083, 6, -152.777542, 811.611938, -163.479523, 1, 0, 0, 0, 3.52
M, 108002083, 7, -130.001984, 811.071777, -167.803787, 1, 0, 0, 0, 4.00
M, 108003125, 0, -313.115723, 818.576050, -181.386520, 1, 0, 0, 0, 4.00
M, 108003125, 1, -240.714859, 810.012329, -165.967010, 1, 0, 0, 0, 4.00
M, 108003125, 2, -316.094360, 816.998047, -224.030991, 1, 0, 0, 0, 4.00
M, 108003125, 3, -211.810211, 810.057739, -161.441940, 1, 0, 0, 0, 3.54
M, 108003125, 4, -268.089966, 816.548950, -175.140137, 1, 0, 0, 0, 4.00
M, 108003125, 5, -176.435577, 810.657349, -162.398514, 1, 0, 0, 0, 4.00
M, 108003125, 6, -152.780884, 811.609436, -163.484711, 1, 0, 0, 0, 4.00
M, 108003125, 7, -129.988663, 811.075012, -167.796936, 1, 0, 0, 0, 3.07
M, 108004167, 0, -313.111847, 818.578430, -181.402252, 1, 0, 0, 0, 3.57
M, 108004167, 1, -240.713730, 810.013794, -165.967422, 1, 0, 0, 0, 4.00
M, 108004167, 2, -316.094696, 816.997009, -224.031998, 1, 0, 0, 0, 4.00
M, 108004167, 3, -211.814804, 810.060791, -161.446121, 1, 0, 0, 0, 4.00
M, 108004167, 4, -268.093170, 816.551880, -175.151901, 1, 0, 0, 0, 3.32
M, 108004167, 5, -176.433823, 810.657776, -162.398712, 1, 0, 0, 0, 4.00
M, 108004167, 6, -152.780167, 811.610962, -163.484421, 1, 0, 0, 0, 4.00
M, 108004167, 7, -129.991699, 811.074890, -167.799286, 1, 0, 0, 0, 4.00
M, 108005208, 0, -313.111786, 818.577454, -181.398834, 1, 0, 0, 0, 4.00
M, 108005208, 1, -240.724884, 810.001831, -165.965134, 1, 0, 0, 0, 3.34
M, 108005208, 2, -316.095123, 816.995789, -224.032959, 1, 0, 0, 0, 4.00
M, 108005208, 3, -211.813889, 810.061768, -161.447250, 1, 0, 0, 0, 4.00
M, 108005208, 4, -268.092407, 816.552368, -175.150467, 1, 0, 0, 0, 4.00
M, 108005208, 5, -176.450394, 810.651123, -162.402771, 1, 0, 0, 0, 3.34
M, 108005208, 6, -152.779480, 811.612305, -163.484055, 1, 0, 0, 0, 4.00
M, 108005208, 7, -129.990952, 811.075378, -167.799500, 1, 0, 0, 0, 4.00
M, 108006250, 0, -313.110901, 818.577332, -181.399902, 1, 0, 0, 0, 4.00
M, 108006250, 1, -240.721664, 810.005615, -165.965927, 1, 0, 0, 0, 4.00
M, 108006250, 2, -316.089691, 817.016663, -224.043808, 1, 0, 0, 0, 3.55
M, 108006250, 3, -211.812988, 810.062622, -161.448380, 1, 0, 0, 0, 4.00
M, 108006250, 4, -268.092590, 816.553406, -175.152176, 1, 0, 0, 0, 4.00
M, 108006250, 5, -176.445648, 810.652588, -162.402359, 1, 0, 0, 0, 4.00
M, 108006250, 6, -152.786301, 811.612671, -163.490707, 1, 0, 0, 0, 3.52
M, 108006250, 7, -129.990189, 811.075928, -167.799728, 1, 0, 0, 0, 4.00
M, 108007292, 0, -313.109955, 818.577209, -181.400970, 1, 0, 0, 0, 4.00
M, 108007292, 1, -240.721893, 810.005737, -165.966049, 1, 0, 0, 0, 4.00
M, 108007292, 2, -316.091003, 817.011902, -224.043152, 1, 0, 0, 0, 4.00
M, 108007292, 3, -211.820618, 810.065613, -161.442474, 1, 0, 0, 0, 3.54
M, 108007292, 4, -268.092773, 816.554443, -175.153839, 1, 0, 0, 0, 4.00
M, 108007292, 5, -176.445953, 810.652100, -162.403000, 1, 0, 0, 0, 4.00
M, 108007292, 6, -152.784363, 811.614197, -163.489212, 1, 0, 0, 0, 4.00
M, 108007292, 7, -130.001419, 811.059265, -167.798294, 1, 0, 0, 0, 3.07
M, 108008333, 0, -313.114166, 818.586182, -181.395065, 1, 0, 0, 0, 3.57
M, 108008333, 1, -240.722076, 810.005798, -165.966110, 1, 0, 0, 0, 4.00
M, 108008333, 2, -316.090759, 817.013123, -224.045166, 1, 0, 0, 0, 4.00
M, 108008333, 3, -211.818237, 810.066345, -161.444809, 1, 0, 0, 0, 4.00
M, 108008333, 4, -268.080658, 816.554382, -175.137543, 1, 0, 0, 0, 3.32
M, 108008333, 5, -176.446213, 810.651611, -162.403641, 1, 0, 0, 0, 4.00
M, 108008333, 6, -152.784485, 811.615479, -163.489624, 1, 0, 0, 0, 4.00
M, 108008333, 7, -129.998672, 811.062622, -167.798813, 1, 0, 0, 0, 4.00
M, 108009375, 0, -313.112396, 818.584595, -181.397308, 1, 0, 0, 0, 4.00
M, 108009375, 1, -240.720047, 810.018677, -165.952225, 1, 0, 0, 0, 3.34
M, 108009375, 2, -316.090546, 817.014404, -224.047256, 1, 0, 0, 0, 4.00
M, 108009375, 3, -211.818237, 810.067505, -161.445099, 1, 0, 0, 0, 4.00
M, 108009375, 4, -268.082825, 816.555603, -175.142181, 1, 0, 0, 0, 4.00
M, 108009375, 5, -176.438889, 810.657288, -162.392578, 1, 0, 0, 0, 3.34
M, 108009375, 6, -152.784668, 811.616699, -163.490082, 1, 0, 0, 0, 4.00
M, 108009375, 7, -129.999237, 811.061340, -167.798843, 1, 0, 0, 0, 4.00
M, 108010417, 0, -313.112030, 818.585327, -181.397629, 1, 0, 0, 0, 4.00
M, 108010417, 1, -240.720551, 810.016663, -165.954575, 1, 0, 0, 0, 4.00
M, 108010417, 2, -316.082123, 817.017639, -224.020554, 1, 0, 0, 0, 3.98
M, 108010417, 3, -211.818237, 810.068665, -161.445465, 1, 0, 0, 0, 4.00
M, 108010417, 4, -268.081665, 816.556396, -175.141891, 1, 0, 0, 0, 4.00
M, 108010417, 5, -176.440414, 810.655884, -162.395142, 1, 0, 0, 0, 4.00
M, 108010417, 6, -152.783295, 811.615723, -163.483047, 1, 0, 0, 0, 3.52
M, 108010417, 7, -129.999771, 811.059937, -167.798889, 1, 0, 0, 0, 4.00
M, 108011458, 0, -313.111664, 818.586182, -181.397934, 1, 0, 0, 0, 4.00
M, 108011458, 1, -240.720551, 810.018005, -165.953186, 1, 0, 0, 0, 4.00
M, 108011458, 2, -316.083252, 817.018433, -224.027374, 1, 0, 0, 0, 4.00
M, 108011458, 3, -211.823181, 810.065491, -161.442474, 1, 0, 0, 0, 3.54
M, 108011458, 4, -268.080536, 816.557373, -175.141647, 1, 0, 0, 0, 4.00
M, 108011458, 5, -176.439835, 810.656128, -162.394547, 1, 0, 0, 0, 4.00
M, 108011458, 6, -152.783646, 811.617310, -163.484711, 1, 0, 0, 0, 4.00
M, 108011458, 7, -130.003448, 811.064453, -167.800781, 1, 0, 0, 0, 3.07
M, 108012500, 0, -313.118774, 818.591919, -181.390305, 1, 0, 0, 0, 3.57
M, 108012500, 1, -240.720520, 810.019531, -165.951721, 1, 0, 0, 0, 4.00
M, 108012500, 2, -316.082123, 817.019836, -224.026337, 1, 0, 0, 0, 4.00
M, 108012500, 3, -211.822342, 810.067505, -161.443405, 1, 0, 0, 0, 4.00
M, 108012500, 4, -268.100647, 816.549011, -175.145172, 1, 0, 0, 0, 3.32
M, 108012500, 5, -176.439270, 810.656372, -162.393890, 1, 0, 0, 0, 4.00
M, 108012500, 6, -152.783646, 811.618286, -163.484329, 1, 0, 0, 0, 4.00
M, 108012500, 7, -130.003479, 811.062134, -167.800507, 1, 0, 0, 0, 4.00
M, 108013542, 0, -313.117096, 818.591919, -181.391907, 1, 0, 0, 0, 4.00
M, 108013542, 1, -240.730240, 810.009583, -165.958252, 1, 0, 0, 0, 3.34
M, 108013542, 2, -316.080933, 817.021301, -224.025208, 1, 0, 0, 0, 4.00
M, 108013542, 3, -211.822891, 810.068176, -161.443405, 1, 0, 0, 0, 4.00
M, 108013542, 4, -268.095917, 816.551392, -175.144272, 1, 0, 0, 0, 4.00
M, 108013542, 5, -176.434830, 810.655762, -162.380066, 1, 0, 0, 0, 3.34
M, 108013542, 6, -152.783646, 811.619263, -163.483932, 1, 0, 0, 0, 4.00
M, 108013542, 7, -130.004395, 811.061340, -167.800781, 1, 0, 0, 0, 4.00
M, 108014583, 0, -313.117645, 818.593140, -181.391373, 1, 0, 0, 0, 4.00
M, 108014583, 1, -240.728546, 810.012939, -165.955475, 1, 0, 0, 0, 4.00
M, 108014583, 2, -316.082916, 817.010864, -224.018234, 1, 0, 0, 0, 3.55
M, 108014583, 3, -211.823456, 810.068787, -161.443436, 1, 0, 0, 0, 4.00
M, 108014583, 4, -268.097046, 816.551331, -175.144394, 1, 0, 0, 0, 4.00
M, 108014583, 5, -176.434952, 810.656128, -162.381607, 1, 0, 0, 0, 4.00
M, 108014583, 6, -152.791336, 811.604370, -163.480118, 1, 0, 0, 0, 3.52
M, 108014583, 7, -130.005325, 811.060608, -167.801010, 1, 0, 0, 0, 4.00
M, 108015625, 0, -313.118042, 818.594543, -181.390839, 1, 0, 0, 0, 4.00
M, 108015625, 1, -240.729584, 810.013184, -165.954910, 1, 0, 0, 0, 4.00
M, 108015625, 2, -316.081238, 817.014343, -224.018112, 1, 0, 0, 0, 4.00
M, 108015625, 3, -211.810928, 810.075745, -161.436691, 1, 0, 0, 0, 3.54
M, 108015625, 4, -268.098175, 816.551208, -175.144516, 1, 0, 0, 0, 4.00
M, 108015625, 5, -176.433975, 810.656372, -162.379517, 1, 0, 0, 0, 4.00
M, 108015625, 6, -152.790024, 811.608032, -163.480301, 1, 0, 0, 0, 4.00
M, 108015625, 7, -129.995941, 811.074585, -167.784943, 1, 0, 0, 0, 3.07
M, 108016667, 0, -313.114166, 818.594543, -181.390778, 1, 0, 0, 0, 3.57
M, 108016667, 1, -240.730606, 810.013428, -165.954346, 1, 0, 0, 0, 4.00
M, 108016667, 2, -316.080414, 817.014526, -224.016388, 1, 0, 0, 0, 4.00
M, 108016667, 3, -211.813644, 810.075500, -161.437805, 1, 0, 0, 0, 4.00
M, 108016667, 4, -268.091339, 816.552795, -175.134293, 1, 0, 0, 0, 3.32
M, 108016667, 5, -176.432983, 810.656494, -162.377441, 1, 0, 0, 0, 4.00
M, 108016667, 6, -152.790863, 811.607178, -163.479553, 1, 0, 0, 0, 4.00
M, 108016667, 7, -129.998520, 811.071411, -167.787872, 1, 0, 0, 0, 4.00
M, 108017708, 0, -313.115356, 818.596130, -181.390182, 1, 0, 0, 0, 4.00
M, 108017708, 1, -240.714081, 810.020691, -165.954254, 1, 0, 0, 0, 3.34
M, 108017708, 2, -316.079559, 817.014526, -224.014679, 1, 0, 0, 0, 4.00
M, 108017708, 3, -211.812698, 810.076782, -161.437057, 1, 0, 0, 0, 4.00
M, 108017708, 4, -268.093781, 816.552246, -175.136108, 1, 0, 0, 0, 4.00
M, 108017708, 5, -176.443237, 810.657104, -162.379013, 1, 0, 0, 0, 3.34
M, 108017708, 6, -152.791672, 811.606445, -163.478745, 1, 0, 0, 0, 4.00
M, 108017708, 7, -129.998322, 811.072266, -167.786316, 1, 0, 0, 0, 4.00
M, 108018750, 0, -313.115356, 818.597290, -181.389709, 1, 0, 0, 0, 4.00
M, 108018750, 1, -240.718018, 810.019592, -165.953598, 1, 0, 0, 0, 4.00
M, 108018750, 2, -316.080811, 817.016418, -224.010864, 1, 0, 0, 0, 3.55
M, 108018750, 3, -211.811798, 810.078247, -161.436310, 1, 0, 0, 0, 4.00
M, 108018750, 4, -268.094086, 816.552246, -175.135132, 1, 0, 0, 0, 4.00
M, 108018750, 5, -176.440384, 810.657166, -162.376328, 1, 0, 0, 0, 4.00
M, 108018750, 6, -152.794678, 811.600098, -163.483521, 1, 0, 0, 0, 3.52
M, 108018750, 7, -129.998077, 811.073059, -167.784836, 1, 0, 0, 0, 4.00
M, 108019792, 0, -313.115295, 818.598511, -181.389206, 1, 0, 0, 0, 4.00
M, 108019792, 1, -240.717163, 810.020691, -165.953125, 1, 0, 0, 0, 4.00
M, 108019792, 2, -316.079620, 817.016418, -224.009476, 1, 0, 0, 0, 4.00
M, 108019792, 3, -211.806549, 810.029053, -161.401886, 1, 0, 0, 0, 3.54
M, 108019792, 4, -268.094360, 816.552368, -175.134140, 1, 0, 0, 0, 4.00
M, 108019792, 5, -176.440643, 810.657410, -162.374634, 1, 0, 0, 0, 4.00
M, 108019792, 6, -152.795151, 811.600281, -163.481888, 1, 0, 0, 0, 4.00
M, 108019792, 7, -129.997482, 811.069763, -167.777969, 1, 0, 0, 0, 3.07
M, 108020833, 0, -313.114227, 818.587463, -181.397583, 1, 0, 0, 0, 3.57
M, 108020833, 1, -240.716263, 810.021545, -165.952576, 1, 0, 0, 0, 4.00
M, 108020833, 2, -316.079041, 817.016846, -224.007538, 1, 0, 0, 0, 4.00
M, 108020833, 3, -211.806427, 810.038635, -161.406723, 1, 0, 0, 0, 4.00
M, 108020833, 4, -268.076324, 816.549988, -175.126099, 1, 0, 0, 0, 3.32
M, 108020833, 5, -176.440857, 810.657654, -162.372971, 1, 0, 0, 0, 4.00
M, 108020833, 6, -152.796265, 811.598877, -163.481766, 1, 0, 0, 0, 4.00
M, 108020833, 7, -129.997299, 811.071350, -167.777313, 1, 0, 0, 0, 4.00
M, 108021875, 0, -313.114349, 818.590637, -181.395615, 1, 0, 0, 0, 4.00
M, 108021875, 1, -240.726425, 810.000122, -165.957764, 1, 0, 0, 0, 3.34
M, 108021875, 2, -316.078369, 817.017334, -224.005539, 1, 0, 0, 0, 4.00
M, 108021875, 3, -211.805069, 810.034546, -161.402298, 1, 0, 0, 0, 4.00
M, 108021875, 4, -268.079590, 816.550598, -175.126221, 1, 0, 0, 0, 4.00
M, 108021875, 5, -176.427444, 810.662842, -162.376297, 1, 0, 0, 0, 3.34
M, 108021875, 6, -152.797302, 811.597473, -163.481613, 1, 0, 0, 0, 4.00
M, 108021875, 7, -129.996979, 811.071960, -167.775177, 1, 0, 0, 0, 4.00
M, 108022917, 0, -313.114227, 818.590576, -181.396057, 1, 0, 0, 0, 4.00
M, 108022917, 1, -240.723709, 810.004944, -165.956314, 1, 0, 0, 0, 4.00
M, 108022917, 2, -316.077057, 817.030457, -224.017639, 1, 0, 0, 0, 3.55
M, 108022917, 3, -211.803726, 810.030212, -161.397888, 1, 0, 0, 0, 4.00
M, 108022917, 4, -268.077789, 816.550354, -175.124420, 1, 0, 0, 0, 4.00
M, 108022917, 5, -176.430008, 810.662109, -162.373795, 1, 0, 0, 0, 4.00
M, 108022917, 6, -152.779663, 811.610779, -163.467606, 1, 0, 0, 0, 3.52
M, 108022917, 7, -129.996674, 811.072449, -167.773026, 1, 0, 0, 0, 4.00
M, 108023958, 0, -313.113983, 818.590454, -181.396530, 1, 0, 0, 0, 4.00
M, 108023958, 1, -240.723984, 810.003479, -165.956390, 1, 0, 0, 0, 4.00
M, 108023958, 2, -316.076599, 817.028809, -224.013351, 1, 0, 0, 0, 4.00
M, 108023958, 3, -211.811676, 810.052246, -161.434906, 1, 0, 0, 0, 3.79
M, 108023958, 4, -268.076141, 816.550232, -175.122696, 1, 0, 0, 0, 4.00
M, 108023958, 5, -176.428696, 810.662903, -162.372604, 1, 0, 0, 0, 4.00
M, 108023958, 6, -152.783829, 811.606934, -163.469757, 1, 0, 0, 0, 4.00
M, 108023958, 7, -129.986847, 811.076355, -167.783554, 1, 0, 0, 0, 3.07
M, 108025000, 0, -313.112976, 818.593933, -181.393814, 1, 0, 0, 0, 3.57
M, 108025000, 1, -240.724274, 810.002075, -165.956512, 1, 0, 0, 0, 4.00
M, 108025000, 2, -316.075867, 817.030579, -224.012863, 1, 0, 0, 0, 4.00
M, 108025000, 3, -211.808762, 810.043884, -161.423645, 1, 0, 0, 0, 4.00
M, 108025000, 4, -268.082458, 816.558044, -175.141022, 1, 0, 0, 0, 3.32
M, 108025000, 5, -176.427475, 810.663635, -162.371506, 1, 0, 0, 0, 4.00
M, 108025000, 6, -152.782852, 811.607117, -163.468048, 1, 0, 0, 0, 4.00
M, 108025000, 7, -129.988159, 811.076111, -167.779343, 1, 0, 0, 0, 4.00
M, 108026042, 0, -313.113037, 818.593079, -181.394836, 1, 0, 0, 0, 4.00
M, 108026042, 1, -240.722137, 810.004395, -165.961166, 1, 0, 0, 0, 3.34
M, 108026042, 2, -316.075165, 817.032288, -224.012451, 1, 0, 0, 0, 4.00
M, 108026042, 3, -211.808334, 810.042542, -161.423737, 1, 0, 0, 0, 4.00
M, 108026042, 4, -268.079346, 816.556641, -175.135925, 1, 0, 0, 0, 4.00
M, 108026042, 5, -176.442047, 810.668091, -162.380005, 1, 0, 0, 0, 3.34
M, 108026042, 6, -152.781860, 811.607361, -163.466354, 1, 0, 0, 0, 4.00
M, 108026042, 7, -129.986847, 811.076904, -167.778564, 1, 0, 0, 0, 4.00
M, 108027083, 0, -313.112793, 818.593262, -181.394958, 1, 0, 0, 0, 4.00
M, 108027083, 1, -240.722855, 810.002380, -165.960541, 1, 0, 0, 0, 4.00
M, 108027083, 2, -316.097687, 817.008057, -224.020676, 1, 0, 0, 0, 3.55
M, 108027083, 3, -211.808044, 810.041321, -161.423889, 1, 0, 0, 0, 4.00
M, 108027083, 4, -268.078522, 816.557251, -175.136383, 1, 0, 0, 0, 4.00
M, 108027083, 5, -176.438202, 810.668091, -162.377258, 1, 0, 0, 0, 4.00
M, 108027083, 6, -152.788147, 811.593445, -163.477264, 1, 0, 0, 0, 3.52
M, 108027083, 7, -129.985535, 811.077637, -167.777863, 1, 0, 0, 0, 4.00
M, 108028125, 0, -313.112579, 818.593506, -181.395065, 1, 0, 0, 0, 4.00
M, 108028125, 1, -240.722916, 810.001343, -165.961136, 1, 0, 0, 0, 4.00
M, 108028125, 2, -316.093170, 817.014099, -224.018829, 1, 0, 0, 0, 4.00
M, 108028125, 3, -211.797546, 810.056030, -161.421768, 1, 0, 0, 0, 3.96
M, 108028125, 4, -268.077637, 816.557983, -175.136795, 1, 0, 0, 0, 4.00
M, 108028125, 5, -176.438675, 810.669250, -162.377197, 1, 0, 0, 0, 4.00
M, 108028125, 6, -152.785919, 811.596069, -163.473511, 1, 0, 0, 0, 4.00
M, 108028125, 7, -129.992569, 811.075012, -167.790222, 1, 0, 0, 0, 3.07
M, 108029167, 0, -313.113403, 818.591370, -181.392426, 1, 0, 0, 0, 3.57
M, 108029167, 1, -240.722977, 810.000183, -165.961761, 1, 0, 0, 0, 4.00
M, 108029167, 2, -316.094940, 817.013184, -224.019302, 1, 0, 0, 0, 4.00
M, 108029167, 3, -211.798859, 810.052124, -161.422211, 1, 0, 0, 0, 4.00
M, 108029167, 4, -268.074707, 816.554077, -175.135513, 1, 0, 0, 0, 3.32
M, 108029167, 5, -176.439209, 810.670532, -162.377136, 1, 0, 0, 0, 4.00
M, 108029167, 6, -152.785736, 811.594788, -163.473206, 1, 0, 0, 0, 4.00
M, 108029167, 7, -129.989883, 811.076355, -167.787308, 1, 0, 0, 0, 4.00
M, 108030208, 0, -313.113037, 818.592041, -181.393051, 1, 0, 0, 0, 4.00
M, 108030208, 1, -240.726425, 810.017334, -165.968674, 1, 0, 0, 0, 3.34
M, 108030208, 2, -316.096802, 817.012085, -224.019836, 1, 0, 0, 0, 4.00
M, 108030208, 3, -211.797440, 810.052612, -161.422089, 1, 0, 0, 0, 4.00
M, 108030208, 4, -268.074219, 816.555420, -175.136261, 1, 0, 0, 0, 4.00
M, 108030208, 5, -176.434265, 810.670837, -162.398331, 1, 0, 0, 0, 3.34
M, 108030208, 6, -152.785553, 811.593506, -163.472946, 1, 0, 0, 0, 4.00
M, 108030208, 7, -129.989410, 811.076965, -167.787994, 1, 0, 0, 0, 4.00
M, 108031250, 0, -313.112854, 818.591919, -181.392868, 1, 0, 0, 0, 4.00
M, 108031250, 1, -240.725952, 810.013245, -165.968201, 1, 0, 0, 0, 4.00
M, 108031250, 2, -316.097870, 817.014343, -224.024872, 1, 0, 0, 0, 3.55
M, 108031250, 3, -211.795944, 810.052856, -161.421951, 1, 0, 0, 0, 4.00
M, 108031250, 4, -268.073151, 816.555481, -175.136520, 1, 0, 0, 0, 4.00
M, 108031250, 5, -176.435638, 810.672180, -162.394730, 1, 0, 0, 0, 4.00
M, 108031250, 6, -152.778976, 811.602783, -163.486862, 1, 0, 0, 0, 3.52
M, 108031250, 7, -129.988983, 811.077454, -167.788681, 1, 0, 0, 0, 4.00
M, 108032292, 0, -313.112793, 818.591858, -181.392685, 1, 0, 0, 0, 4.00
M, 108032292, 1, -240.726334, 810.014404, -165.969513, 1, 0, 0, 0, 4.00
M, 108032292, 2, -316.099823, 817.012756, -224.024673, 1, 0, 0, 0, 4.00
M, 108032292, 3, -211.808426, 810.064514, -161.440094, 1, 0, 0, 0, 3.79
M, 108032292, 4, -268.072083, 816.555603, -175.136765, 1, 0, 0, 0, 4.00
M, 108032292, 5, -176.435547, 810.673218, -162.396988, 1, 0, 0, 0, 4.00
M, 108032292, 6, -152.779816, 811.599792, -163.484177, 1, 0, 0, 0, 4.00
M, 108032292, 7, -129.990067, 811.071777, -167.793350, 1, 0, 0, 0, 3.07
M, 108033333, 0, -313.111969, 818.587036, -181.382462, 1, 0, 0, 0, 3.57
M, 108033333, 1, -240.726761, 810.015259, -165.970795, 1, 0, 0, 0, 4.00
M, 108033333, 2, -316.101563, 817.012146, -224.025650, 1, 0, 0, 0, 4.00
M, 108033333, 3, -211.804703, 810.063110, -161.436935, 1, 0, 0, 0, 4.00
M, 108033333, 4, -268.086029, 816.552002, -175.139084, 1, 0, 0, 0, 3.32
M, 108033333, 5, -176.435425, 810.674377, -162.399185, 1, 0, 0, 0, 4.00
M, 108033333, 6, -152.778915, 811.599731, -163.485428, 1, 0, 0, 0, 4.00
M, 108033333, 7, -129.989349, 811.073364, -167.793350, 1, 0, 0, 0, 4.00
M, 108034375, 0, -313.111969, 818.587891, -181.383926, 1, 0, 0, 0, 4.00
M, 108034375, 1, -240.716705, 810.016968, -165.958252, 1, 0, 0, 0, 3.34
M, 108034375, 2, -316.103302, 817.011292, -224.026642, 1, 0, 0, 0, 4.00
M, 108034375, 3, -211.804703, 810.064880, -161.438782, 1, 0, 0, 0, 4.00
M, 108034375, 4, -268.082458, 816.552795, -175.138992, 1, 0, 0, 0, 4.00
M, 108034375, 5, -176.428574, 810.655762, -162.391144, 1, 0, 0, 0, 3.34
M, 108034375, 6, -152.777985, 811.599670, -163.486679, 1, 0, 0, 0, 4.00
M, 108034375, 7, -129.989105, 811.073181, -167.794479, 1, 0, 0, 0, 4.00
M, 108035417, 0, -313.111725, 818.587402, -181.382614, 1, 0, 0, 0, 4.00
M, 108035417, 1, -240.718857, 810.017700, -165.961823, 1, 0, 0, 0, 4.00
M, 108035417, 2, -316.093170, 817.019043, -224.028458, 1, 0, 0, 0, 3.55
M, 108035417, 3, -211.804764, 810.066650, -161.440628, 1, 0, 0, 0, 4.00
M, 108035417, 4, -268.083038, 816.552490, -175.139481, 1, 0, 0, 0, 4.00
M, 108035417, 5, -176.429611, 810.660034, -162.395081, 1, 0, 0, 0, 4.00
M, 108035417, 6, -152.781296, 811.605957, -163.491531, 1, 0, 0, 0, 3.52
M, 108035417, 7, -129.988815, 811.072998, -167.795593, 1, 0, 0, 0, 4.00
M, 108036458, 0, -313.111481, 818.586853, -181.381363, 1, 0, 0, 0, 4.00
M, 108036458, 1, -240.718140, 810.018677, -165.961609, 1, 0, 0, 0, 4.00
M, 108036458, 2, -316.096985, 817.016846, -224.029312, 1, 0, 0, 0, 4.00
M, 108036458, 3, -211.806076, 810.058899, -161.425491, 1, 0, 0, 0, 3.79
M, 108036458, 4, -268.083588, 816.552185, -175.139984, 1, 0, 0, 0, 4.00
M, 108036458, 5, -176.428818, 810.658875, -162.396210, 1, 0, 0, 0, 4.00
M, 108036458, 6, -152.779724, 811.604797, -163.492188, 1, 0, 0, 0, 4.00
M, 108036458, 7, -129.988632, 811.073364, -167.798538, 1, 0, 0, 0, 3.07
M, 108037500, 0, -313.127838, 818.580322, -181.396088, 1, 0, 0, 0, 3.57
M, 108037500, 1, -240.717422, 810.019714, -165.961411, 1, 0, 0, 0, 4.00
M, 108037500, 2, -316.097382, 817.017151, -224.030457, 1, 0, 0, 0, 4.00
M, 108037500, 3, -211.805984, 810.062012, -161.430206, 1, 0, 0, 0, 4.00
M, 108037500, 4, -268.092529, 816.549072, -175.141953, 1, 0, 0, 0, 3.32
M, 108037500, 5, -176.427979, 810.657898, -162.397339, 1, 0, 0, 0, 4.00
M, 108037500, 6, -152.779236, 811.605408, -163.493835, 1, 0, 0, 0, 4.00
M, 108037500, 7, -129.988327, 811.072998, -167.799377, 1, 0, 0, 0, 4.00
M, 108038542, 0, -313.124969, 818.580750, -181.392151, 1, 0, 0, 0, 4.00
M, 108038542, 1, -240.720413, 810.023682, -165.970642, 1, 0, 0, 0, 3.34
M, 108038542, 2, -316.097870, 817.017334, -224.031525, 1, 0, 0, 0, 4.00
M, 108038542, 3, -211.806229, 810.062622, -161.430206, 1, 0, 0, 0, 4.00
M, 108038542, 4, -268.091766, 816.549255, -175.142212, 1, 0, 0, 0, 4.00
M, 108038542, 5, -176.448273, 810.658020, -162.406998, 1, 0, 0, 0, 3.34
M, 108038542, 6, -152.778824, 811.606018, -163.495438, 1, 0, 0, 0, 4.00
M, 108038542, 7, -129.988129, 811.072937, -167.800690, 1, 0, 0, 0, 4.00
M, 108039583, 0, -313.126526, 818.579590, -181.392624, 1, 0, 0, 0, 4.00
M, 108039583, 1, -240.719101, 810.024231, -165.968857, 1, 0, 0, 0, 4.00
M, 108039583, 2, -316.107056, 817.014893, -224.040787, 1, 0, 0, 0, 3.55
M, 108039583, 3, -211.806427, 810.063171, -161.430252, 1, 0, 0, 0, 4.00
M, 108039583, 4, -268.093170, 816.548645, -175.142838, 1, 0, 0, 0, 4.00
M, 108039583, 5, -176.443924, 810.656860, -162.406708, 1, 0, 0, 0, 4.00
M, 108039583, 6, -152.793182, 811.597900, -163.500214, 1, 0, 0, 0, 3.52
M, 108039583, 7, -129.987885, 811.072693, -167.802063, 1, 0, 0, 0, 4.00
M, 108040625, 0, -313.128113, 818.578308, -181.393112, 1, 0, 0, 0, 4.00
M, 108040625, 1, -240.718796, 810.025391, -165.969696, 1, 0, 0, 0, 4.00
M, 108040625, 2, -316.106018, 817.015625, -224.040588, 1, 0, 0, 0, 4.00
M, 108040625, 3, -211.810196, 810.060547, -161.450195, 1, 0, 0, 0, 3.79
M, 108040625, 4, -268.094727, 816.547974, -175.143494, 1, 0, 0, 0, 4.00
M, 108040625, 5, -176.445389, 810.655823, -162.408722, 1, 0, 0, 0, 4.00
M, 108040625, 6, -152.790329, 811.599854, -163.501373, 1, 0, 0, 0, 4.00
M, 108040625, 7, -129.993637, 811.073059, -167.809509, 1, 0, 0, 0, 3.07
M, 108041667, 0, -313.117279, 818.582458, -181.393463, 1, 0, 0, 0, 3.57
M, 108041667, 1, -240.718506, 810.026794, -165.970520, 1, 0, 0, 0, 4.00
M, 108041667, 2, -316.107452, 817.015564, -224.042557, 1, 0, 0, 0, 4.00
M, 108041667, 3, -211.809799, 810.061707, -161.446884, 1, 0, 0, 0, 4.00
M, 108041667, 4, -268.080902, 816.558105, -175.152206, 1, 0, 0, 0, 3.32
M, 108041667, 5, -176.446838, 810.654907, -162.410751, 1, 0, 0, 0, 4.00
M, 108041667, 6, -152.791489, 811.599487, -163.503311, 1, 0, 0, 0, 4.00
M, 108041667, 7, -129.992386, 811.072815, -167.809799, 1, 0, 0, 0, 4.00
M, 108042708, 0, -313.120972, 818.580444, -181.393997, 1, 0, 0, 0, 4.00
M, 108042708, 1, -240.725113, 810.020813, -165.966293, 1, 0, 0, 0, 3.34
M, 108042708, 2, -316.108887, 817.015503, -224.044525, 1, 0, 0, 0, 4.00
M, 108042708, 3, -211.810425, 810.061951, -161.449097, 1, 0, 0, 0, 4.00
M, 108042708, 4, -268.084900, 816.555725, -175.151489, 1, 0, 0, 0, 4.00
M, 108042708, 5, -176.435730, 810.662231, -162.400620, 1, 0, 0, 0, 3.34
M, 108042708, 6, -152.792679, 811.599121, -163.505310, 1, 0, 0, 0, 4.00
M, 108042708, 7, -129.992798, 811.072693, -167.811798, 1, 0, 0, 0, 4.00
M, 108043750, 0, -313.121277, 818.579712, -181.394470, 1, 0, 0, 0, 4.00
M, 108043750, 1, -240.723648, 810.023193, -165.967896, 1, 0, 0, 0, 4.00
M, 108043750, 2, -316.086670, 817.021667, -224.033615, 1, 0, 0, 0, 3.55
M, 108043750, 3, -211.811020, 810.062195, -161.451263, 1, 0, 0, 0, 4.00
M, 108043750, 4, -268.084717, 816.556335, -175.153000, 1, 0, 0, 0, 4.00
M, 108043750, 5, -176.439301, 810.659912, -162.404678, 1, 0, 0, 0, 4.00
M, 108043750, 6, -152.781982, 811.606567, -163.491028, 1, 0, 0, 0, 3.52
M, 108043750, 7, -129.993225, 811.072693, -167.813797, 1, 0, 0, 0, 4.00
M, 108044792, 0, -313.121521, 818.579041, -181.394897, 1, 0, 0, 0, 4.00
M, 108044792, 1, -240.724045, 810.023865, -165.968170, 1, 0, 0, 0, 4.00
M, 108044792, 2, -316.091980, 817.020752, -224.037689, 1, 0, 0, 0, 4.00
M, 108044792, 3, -211.802673, 810.065491, -161.437347, 1, 0, 0, 0, 3.79
M, 108044792, 4, -268.084473, 816.556763, -175.154556, 1, 0, 0, 0, 4.00
M, 108044792, 5, -176.439423, 810.659668, -162.405426, 1, 0, 0, 0, 4.00
M, 108044792, 6, -152.785141, 811.604919, -163.495712, 1, 0, 0, 0, 4.00
M, 108044792, 7, -129.988358, 811.068787, -167.796097, 1, 0, 0, 0, 3.07
M, 108045833, 0, -313.124237, 818.593140, -181.392746, 1, 0, 0, 0, 3.57
M, 108045833, 1, -240.724457, 810.024475, -165.968445, 1, 0, 0, 0, 4.00
M, 108045833, 2, -316.090759, 817.021179, -224.038254, 1, 0, 0, 0, 4.00
M, 108045833, 3, -211.804764, 810.065308, -161.442184, 1, 0, 0, 0, 4.00
M, 108045833, 4, -268.080658, 816.558716, -175.152435, 1, 0, 0, 0, 3.60
M, 108045833, 5, -176.439575, 810.659546, -162.406143, 1, 0, 0, 0, 4.00
M, 108045833, 6, -152.785019, 811.605469, -163.495911, 1, 0, 0, 0, 4.00
M, 108045833, 7, -129.989639, 811.069336, -167.801346, 1, 0, 0, 0, 4.00
M, 108046875, 0, -313.124146, 818.590149, -181.393677, 1, 0, 0, 0, 4.00
M, 108046875, 1, -240.731522, 810.009827, -165.966797, 1, 0, 0, 0, 3.34
M, 108046875, 2, -316.089569, 817.021851, -224.038818, 1, 0, 0, 0, 4.00
M, 108046875, 3, -211.804352, 810.065857, -161.442627, 1, 0, 0, 0, 4.00
M, 108046875, 4, -268.081024, 816.559204, -175.154556, 1, 0, 0, 0, 4.00
M, 108046875, 5, -176.446548, 810.652832, -162.394745, 1, 0, 0, 0, 3.34
M, 108046875, 6, -152.784882, 811.606018, -163.496094, 1, 0, 0, 0, 4.00
M, 108046875, 7, -129.989471, 811.068848, -167.801163, 1, 0, 0, 0, 4.00
M, 108047917, 0, -313.124664, 818.591003, -181.393875, 1, 0, 0, 0, 4.00
M, 108047917, 1, -240.730865, 810.012878, -165.967361, 1, 0, 0, 0, 4.00
M, 108047917, 2, -316.095551, 817.027405, -224.032623, 1, 0, 0, 0, 3.55
M, 108047917, 3, -211.803986, 810.066528, -161.443039, 1, 0, 0, 0, 4.00
M, 108047917, 4, -268.080414, 816.559998, -175.155655, 1, 0, 0, 0, 4.00
M, 108047917, 5, -176.445496, 810.653931, -162.397461, 1, 0, 0, 0, 4.00
M, 108047917, 6, -152.787170, 811.604797, -163.495590, 1, 0, 0, 0, 3.52
M, 108047917, 7, -129.989288, 811.068420, -167.801041, 1, 0, 0, 0, 4.00
M, 108048958, 0, -313.125153, 818.592163, -181.393997, 1, 0, 0, 0, 4.00
M, 108048958, 1, -240.731995, 810.011841, -165.967392, 1, 0, 0, 0, 4.00
M, 108048958, 2, -316.093231, 817.027222, -224.034332, 1, 0, 0, 0, 4.00
M, 108048958, 3, -211.820984, 810.044250, -161.436279, 1, 0, 0, 0, 3.79
M, 108048958, 4, -268.079834, 816.560608, -175.156815, 1, 0, 0, 0, 4.00
M, 108048958, 5, -176.446335, 810.653137, -162.396866, 1, 0, 0, 0, 4.00
M, 108048958, 6, -152.786636, 811.605591, -163.495911, 1, 0, 0, 0, 4.00
M, 108048958, 7, -130.002640, 811.061584, -167.800446, 1, 0, 0, 0, 3.07
M, 108050000, 0, -313.128418, 818.582886, -181.392212, 1, 0, 0, 0, 3.57
M, 108050000, 1, -240.733139, 810.010803, -165.967422, 1, 0, 0, 0, 4.00
M, 108050000, 2, -316.092865, 817.028320, -224.034180, 1, 0, 0, 0, 4.00
M, 108050000, 3, -211.817734, 810.048645, -161.437836, 1, 0, 0, 0, 4.00
M, 108050000, 4, -268.083771, 816.548462, -175.144058, 1, 0, 0, 0, 3.32
M, 108050000, 5, -176.447174, 810.652405, -162.396271, 1, 0, 0, 0, 4.00
M, 108050000, 6, -152.786804, 811.605896, -163.496033, 1, 0, 0, 0, 4.00
M, 108050000, 7, -130.000259, 811.062134, -167.800354, 1, 0, 0, 0, 4.00
M, 108051042, 0, -313.128540, 818.585510, -181.392715, 1, 0, 0, 0, 4.00
M, 108051042, 1, -240.724396, 810.015381, -165.964386, 1, 0, 0, 0, 3.34
M, 108051042, 2, -316.092438, 817.029480, -224.034027, 1, 0, 0, 0, 4.00
M, 108051042, 3, -211.819244, 810.046631, -161.437469, 1, 0, 0, 0, 4.00
M, 108051042, 4, -268.082458, 816.551331, -175.147491, 1, 0, 0, 0, 4.00
M, 108051042, 5, -176.440079, 810.664856, -162.395325, 1, 0, 0, 0, 3.34
M, 108051042, 6, -152.786957, 811.606262, -163.496155, 1, 0, 0, 0, 4.00
M, 108051042, 7, -130.001572, 811.060974, -167.800156, 1, 0, 0, 0, 4.00
